dN/dS,LRT,p-value,Log(L)
1,0,1,0
1,0,1,0
1,0,1,0
1,0,1,0
1,0,1,0
1,0,1,0
1,0,1,0
1,0,1,0
4.16213917235809,1.314828937409739,0.1257611038559567,-8.580059388057352
1,0,1,0
6.940441269252124,2.138551780885013,0.07181871660772277,-10.58677598562245
1,0,1,0
5.64667360488876e-15,0.3066936505954558,0.289858108079412,-10.1660953975615
1,0,1,0
1,0,1,0
2.923402976596036,0.8216133574967053,0.1823544400043354,-13.5617651154089
1,0,1,0
1,0,1,0
1,0,1,0
1,0,1,0
1,0,1,0
1,0,1,0
1,0,1,0
1,0,1,0
1,0,1,0
1,0,1,0
1,0,1,0
1,0,1,0
5.64667360488876e-15,0.306392771432094,0.2899511034512833,-9.491466499277447
1,0,1,0
1.038263951005382e-15,0.3063919735511718,0.289951350138655,-11.98504535690601
1.038263951005382e-15,0.7754546762086072,0.1892674381484089,-8.013260545729128
2.804502661847769e-15,0.6310966230010884,0.2134766752909362,-10.33440703028836
1,0,1,0
1,0,1,0
1,0,1,0
1,0,1,0
1,0,1,0
1,0,1,0
5.64667360488876e-15,0.6279243652320332,0.2140588470316877,-21.61698483778827
8.48884454792928e-15,0.3062738666681,0.289987870838986,-18.31946197004334
1,0,1,0
1,0,1,0
1,0,1,0
2.804502661847769e-15,0.5745641915236313,0.2242254535736247,-11.02980402933696
1,0,1,0
1,0,1,0
1,0,1,0
1,0,1,0
1,0,1,0
1,0,1,0
1,0,1,0
2.804502661847769e-15,0.6279243770844154,0.2140588448520718,-9.595994607458717
1,0,1,0
1,0,1,0
4.936130869128893e-15,0.6279243770844225,0.2140588448520704,-11.3903033081614
1,0,1,0
5.64667360488876e-15,0.3076051234755894,0.2895767544637216,-12.26457603221265
1,0,1,0
1,0,1,0
1,0,1,0
1.038263951005382e-15,0.5348245102158522,0.2322927838094508,-9.259293852874235
1,0,1,0
3.243005733532347,0.9590262329228594,0.1637161698738713,-10.15800709879275
1,0,1,0
2.844693279227433,0.7846178426990029,0.1878662748366047,-8.341446378915817
1,0,1,0
1,0,1,0
1,0,1,0
1,0,1,0
1,0,1,0
1,0,1,0
2.093959926088373e-15,0.4433570574656152,0.2527532907065032,-12.82650883639891
1,0,1,0
5.64667360488876e-15,0.5471742824190997,0.2297372924673131,-8.486222112428015
1,0,1,0
2.449231293967717e-15,0.7725138785047996,0.1897202428600465,-10.66373414021802
1,0,1,0
1,0,1,0
1,0,1,0
1,0,1,0
8.48884454792928e-15,0.3063921692595279,0.2899512896298628,-10.18874452386274
1,0,1,0
1,0,1,0
1,0,1,0
1.038263951005382e-15,0.3063916556010895,0.2899514484419999,-11.92219617985635
1,0,1,0
1,0,1,0
1,0,1,0
1,0,1,0
1,0,1,0
1,0,1,0
1,0,1,0
2.607915388854021,0.6770269919233272,0.2053061762328456,-8.980802224230999
1,0,1,0
1,0,1,0
1,0,1,0
1,0,1,0
1,0,1,0
1,0,1,0
1,0,1,0
1,0,1,0
1,0,1,0
1,0,1,0
1,0,1,0
1,0,1,0
2.60170567110905,0.6739841714414787,0.2058329913127965,-10.12413259971782
1,0,1,0
1,0,1,0
1,0,1,0
1,0,1,0
1.028145822447522e-15,0.6367032142293638,0.2124535692487128,-7.27942718196315
1,0,1,0
1,0,1,0
1,0,1,0
1,0,1,0
1,0,1,0
1,0,1,0
4.936130869128893e-15,0.6217788596612444,0.2151935089160479,-8.853350024268769
1,0,1,0
1,0,1,0
2.919472924633138,0.8194387851782565,0.1826721515002072,-10.88259168054212
1,0,1,0
1,0,1,0
1,0,1,0
1,0,1,0
1,0,1,0
1,0,1,0
1,0,1,0
8.48884454792928e-15,0.471089515283726,0.2462431835968625,-10.32260072431002
1,0,1,0
1,0,1,0
1,0,1,0
4.936130869128893e-15,0.3063919890021616,0.2899513453615422,-11.28289074915319
3.006972742368264,0.8550257822405207,0.1775672226888093,-13.95111859009802
1,0,1,0
3.56164098447412,1.08783710635409,0.1484754667608348,-10.697724585336
1,0,1,0
1,0,1,0
1,0,1,0
1,0,1,0
1,0,1,0
1,0,1,0
1,0,1,0
1,0,1,0
1.038263951005382e-15,0.6253497322849952,0.2145331056231842,-18.47506482555839
1,0,1,0
1,0,1,0
6.102664369996981,3.847073850876683,0.02491642933480798,-10.6684105478909
1,0,1,0
15.7479193337502,16.52323574699494,2.402876387247455e-05,-22.64927957301317
1,0,1,0
1,0,1,0
20.11151980135353,23.80758130388114,5.323115598865336e-07,-36.77078509168248
1,0,1,0
1,0,1,0
1,0,1,0
1,0,1,0
1,0,1,0
1,0,1,0
6.681128168959131,4.110543436811966,0.02130833328551013,-16.51445209586248
1,0,1,0
1,0,1,0
1,0,1,0
1,0,1,0
1,0,1,0
1,0,1,0
1,0,1,0
1,0,1,0
1,0,1,0
1,0,1,0
3.284250788072371,0.97616365287079,0.161573888684089,-6.726026097044283
5.798924050455272,1.831656136711722,0.08796602806906201,-10.05966020823303
2.804502661847769e-15,0.6809395667746898,0.204631687704484,-10.82823117556699
1,0,1,0
1,0,1,0
2.804502661847769e-15,0.487925043322722,0.2424271789902135,-9.374409403694679
1,0,1,0
2.804502661847769e-15,0.6999502238682247,0.2014002101505141,-12.30366970459485
1,0,1,0
1,0,1,0
1,0,1,0
3.29397280522522,0.9802095437397291,0.1610735393607283,-11.82670528362227
1,0,1,0
1,0,1,0
1,0,1,0
3.213750109637951,0.9439274703908502,0.1656349197073892,-9.474809811369548
5.287726232191603,3.377277349257277,0.0330505831005129,-11.95170887207501
1,0,1,0
1,0,1,0
2.878448763180581,0.7995103969383521,0.1856198965783085,-8.900486924192609
6.728744545674702e-16,0.6083617339840455,0.2177026569457752,-7.251081899240521
1,0,1,0
1,0,1,0
1,0,1,0
1,0,1,0
1,0,1,0
1,0,1,0
1,0,1,0
1,0,1,0
4.936130869128893e-15,0.6217790479656742,0.2151934740096518,-12.1691102182391
1,0,1,0
1,0,1,0
1,0,1,0
2.622430492882424,0.684439391863144,0.2040311071830318,-9.740346237898493
2.889355722097987,0.8053919174152249,0.1847430742501983,-9.41250403872297
1,0,1,0
1,0,1,0
1,0,1,0
1,0,1,0
1,0,1,0
3.301936051449918,0.9865164902982215,0.1602976338723515,-7.387453318669241
4.656564853322366,1.488935067891948,0.1111908818314385,-10.09422881171301
1,0,1,0
1,0,1,0
1,0,1,0
1,0,1,0
1,0,1,0
1,0,1,0
1,0,1,0
1,0,1,0
1,0,1,0
1,0,1,0
2.805976245607129,0.7674164156360916,0.1905087467096587,-11.24814559002858
4.936130869128893e-15,0.7810620903095113,0.1884082557971707,-14.98146882472788
1,0,1,0
1,0,1,0
1,0,1,0
1,0,1,0
7.052012119248027,4.312760697847072,0.01891376327176297,-12.55087242632826
1.038263951005382e-15,0.6217790232803466,0.2151934785856234,-16.23095852390877
1,0,1,0
1,0,1,0
1,0,1,0
5.64667360488876e-15,0.5348236219334552,0.2322929692437575,-8.393509821894611
1,0,1,0
1,0,1,0
1,0,1,0
1,0,1,0
1,0,1,0
1,0,1,0
6.987485569591636,2.154894843817967,0.07105808641019962,-10.64234973658403
3.79148380616359,1.18303555135342,0.1383694415190082,-10.5319099747656
1,0,1,0
1,0,1,0
1,0,1,0
1,0,1,0
1,0,1,0
1,0,1,0
1,0,1,0
1,0,1,0
1,0,1,0
1,0,1,0
1,0,1,0
1,0,1,0
1,0,1,0
1,0,1,0
1,0,1,0
1,0,1,0
1,0,1,0
1,0,1,0
6.578707223045705,4.058547625271451,0.02197414155727834,-21.4473439654066
1,0,1,0
4.936130869128893e-15,0.6279243582401968,0.2140588483174646,-9.970224822971101
1,0,1,0
1,0,1,0
1,0,1,0
1,0,1,0
1,0,1,0
4.936130869128893e-15,0.6217796197701162,0.215193368013088,-12.03159515570365
1,0,1,0
1,0,1,0
1,0,1,0
1,0,1,0
1,0,1,0
1,0,1,0
1.038263951005382e-15,0.4408190930994138,0.2533636893959009,-12.19778989814359
7.059888646827387,4.315182163845343,0.01888686323569672,-14.04914189591776
1,0,1,0
1,0,1,0
1,0,1,0
4.936130869128893e-15,0.4751182432532985,0.2453209564009798,-8.366685967849468
3.439526512288215,1.065151724293635,0.1510215650564652,-9.248547364019357
1,0,1,0
4.936130869128893e-15,0.7612624452793959,0.1914668661206037,-9.774110050640896
1,0,1,0
1,0,1,0
2.913735051854006,0.8174684315260201,0.1829606891006255,-8.785014525121666
6.677511461924784,4.151587885628636,0.02079775000524126,-18.73366785772375
1,0,1,0
1,0,1,0
6.663766640274625,4.111581464729923,0.02129525935396465,-17.15321723843661
1,0,1,0
1,0,1,0
3.803418426631443,1.187480285268521,0.1379192012360968,-16.86944361209124
1,0,1,0
1,0,1,0
1,0,1,0
1,0,1,0
1,0,1,0
1,0,1,0
1,0,1,0
1,0,1,0
2.804502661847769e-15,0.5743443753210116,0.2242688616834675,-7.673050438764015
1,0,1,0
3.20550487254831,0.9405165217976723,0.1660725204601296,-9.190387887881398
1,0,1,0
3.365466442117407,1.006291034545001,0.1578965174885023,-9.571926867283393
1,0,1,0
1,0,1,0
1,0,1,0
1,0,1,0
1,0,1,0
1,0,1,0
1,0,1,0
1,0,1,0
1,0,1,0
1,0,1,0
1,0,1,0
1.028145822447522e-15,0.6999502287219705,0.2014002093350004,-10.22383297694654
1.038263951005382e-15,0.652937031958686,0.2095322835907577,-8.136251323488215
1,0,1,0
1,0,1,0
1,0,1,0
3.261300486453248,0.9664577256866025,0.1627826018076145,-10.75786873619006
1,0,1,0
1,0,1,0
1,0,1,0
1,0,1,0
1,0,1,0
1,0,1,0
1,0,1,0
1,0,1,0
1,0,1,0
1,0,1,0
1,0,1,0
1,0,1,0
1,0,1,0
1,0,1,0
1,0,1,0
1,0,1,0
1,0,1,0
1,0,1,0
1,0,1,0
1,0,1,0
1,0,1,0
1,0,1,0
1,0,1,0
1,0,1,0
1,0,1,0
2.804502661847769e-15,0.5743444478413018,0.2242688473603979,-7.675575019939706
1,0,1,0
1,0,1,0
1,0,1,0
1,0,1,0
4.936130869128893e-15,0.6808989131494627,0.204638679227832,-9.729222976267003
1,0,1,0
1,0,1,0
1,0,1,0
1,0,1,0
1,0,1,0
1,0,1,0
1,0,1,0
1,0,1,0
1,0,1,0
1,0,1,0
1.038263951005382e-15,0.487925040940631,0.2424271795231928,-8.498499912372562
1,0,1,0
1,0,1,0
1,0,1,0
1,0,1,0
4.936130869128893e-15,0.3882610038564351,0.2666074555695923,-10.00998853926052
1,0,1,0
1,0,1,0
1.028145822447522e-15,0.6803874421031999,0.2047266709059495,-7.525577515130672
1,0,1,0
1,0,1,0
1,0,1,0
1,0,1,0
1,0,1,0
1,0,1,0
1,0,1,0
1,0,1,0
1,0,1,0
1,0,1,0
1,0,1,0
1,0,1,0
2.907658302102556,0.8145938855320161,0.1833827715984728,-13.11381970799488
1,0,1,0
7.328622062203665,4.427769907196907,0.0176793392784414,-14.36163309071246
1,0,1,0
1,0,1,0
1,0,1,0
1,0,1,0
1,0,1,0
1,0,1,0
1,0,1,0
4.097101888449164,1.350439037876328,0.1226006891736697,-9.209699500855228
2.743965632377103,0.7392351790202767,0.1949529938897815,-8.940060819070281
1,0,1,0
1,0,1,0
3.000155400898442,0.85305767675273,0.1778443863070285,-9.633152293629745
3.364070151292259,1.005747115701134,0.1579619293952443,-8.878800713770078
1,0,1,0
1,0,1,0
1,0,1,0
1,0,1,0
2.804502661847769e-15,0.5164649024215002,0.2361767810287499,-10.67181701263134
1,0,1,0
1,0,1,0
1,0,1,0
1,0,1,0
6.728744545674702e-16,0.6083617339840455,0.2177026569457752,-7.251081899240521
1,0,1,0
3.968933950145699,1.249222289171954,0.1318505339424441,-12.44404827640496
1,0,1,0
1,0,1,0
4.936130869128893e-15,0.6253496976067403,0.2145331120217533,-8.744986150468275
1,0,1,0
2.804502661847769e-15,0.7966807576387929,0.1860438125129051,-10.03008363405379
1,0,1,0
1,0,1,0
1,0,1,0
4.936130869128893e-15,0.7092477053187487,0.1998468343560841,-9.480963405574391
1,0,1,0
1,0,1,0
1,0,1,0
1,0,1,0
1,0,1,0
1,0,1,0
1,0,1,0
1,0,1,0
1,0,1,0
1,0,1,0
1,0,1,0
1,0,1,0
1,0,1,0
1,0,1,0
1,0,1,0
2.804502661847769e-15,0.6372429369032595,0.2123554682869843,-9.534080243790696
1,0,1,0
1,0,1,0
1,0,1,0
3.853619909677048,1.207125129146057,0.1359511155347607,-10.87987493584719
1,0,1,0
1,0,1,0
4.936130869128893e-15,0.3066824859259683,0.2898615577770653,-9.776481182783618
1,0,1,0
1,0,1,0
1,0,1,0
1,0,1,0
1,0,1,0
1,0,1,0
1.038263951005382e-15,0.7092890723675929,0.1998399618737303,-10.16930427642256
4.936130869128893e-15,0.306396331042702,0.2899500029024641,-8.579786816250962
1,0,1,0
1,0,1,0
1,0,1,0
1,0,1,0
1,0,1,0
3.211235908383219,0.9428838777082262,0.1657686420407732,-10.40511755829917
1,0,1,0
1,0,1,0
1,0,1,0
1,0,1,0
6.300292206769833,3.922292571441155,0.02382492911366862,-14.82830016894536
1,0,1,0
1,0,1,0
2.804502661847769e-15,0.6088881764717229,0.2176033693691468,-9.555192330275048
1,0,1,0
4.936130869128893e-15,0.3063922672056982,0.2899512593470341,-10.86338208673278
1,0,1,0
1,0,1,0
1,0,1,0
1,0,1,0
1,0,1,0
1,0,1,0
1,0,1,0
1,0,1,0
1,0,1,0
1,0,1,0
1,0,1,0
1.038263951005382e-15,0.5164858479089141,0.2361722905305295,-11.36485111818124
1,0,1,0
2.73406589720157,0.7337686360007858,0.1958321738798967,-9.18484320642246
1,0,1,0
1,0,1,0
1,0,1,0
1,0,1,0
1.028145822447522e-15,0.7092895425281789,0.1998398837659373,-10.16937702512878
1,0,1,0
1,0,1,0
1,0,1,0
1,0,1,0
2.550249079054971,0.6500590434849833,0.2100457854026672,-9.973173031594794
1,0,1,0
1,0,1,0
1,0,1,0
1,0,1,0
1,0,1,0
1,0,1,0
1,0,1,0
2.804502661847769e-15,0.7092687307969747,0.1998433412618705,-9.766951687399231
1,0,1,0
1,0,1,0
1,0,1,0
1,0,1,0
1.038263951005382e-15,0.7366858502148759,0.1953622955838435,-9.30938107150935
4.936130869128893e-15,0.7092264814065778,0.199850360507126,-9.256777952614934
1,0,1,0
2.804502661847769e-15,0.6999502123394414,0.2014002120875503,-10.89416343408144
8.48884454792928e-15,0.2965893799794905,0.2930142579260296,-10.94366713378441
1,0,1,0
1,0,1,0
1,0,1,0
1,0,1,0
1,0,1,0
1,0,1,0
1,0,1,0
2.554802911240269,0.6522186957541258,0.2096602765853317,-9.732543444371034
1,0,1,0
4.0479524494288e-15,0.6809109432810985,0.2046366102750256,-9.790502489137161
1,0,1,0
1,0,1,0
1,0,1,0
1,0,1,0
1,0,1,0
1,0,1,0
1,0,1,0
1,0,1,0
1,0,1,0
1,0,1,0
1,0,1,0
1,0,1,0
1,0,1,0
1,0,1,0
1,0,1,0
1,0,1,0
1,0,1,0
1,0,1,0
4.936130869128893e-15,0.5164643125567387,0.2361769074917194,-10.67111180062035
1,0,1,0
1,0,1,0
1,0,1,0
1,0,1,0
1,0,1,0
1,0,1,0
1.038263951005382e-15,0.3063920182792863,0.2899513363096869,-10.88516063613714
1,0,1,0
1,0,1,0
1.028145822447522e-15,0.5745641903798138,0.2242254537994656,-11.02966036238941
1,0,1,0
1,0,1,0
1,0,1,0
1,0,1,0
1,0,1,0
1,0,1,0
1,0,1,0
1,0,1,0
1,0,1,0
1,0,1,0
1,0,1,0
1,0,1,0
1,0,1,0
1,0,1,0
1,0,1,0