dN/dS,LRT,p-value,Log(L)
1,0,1,0
1,0,1,0
1,0,1,0
1,0,1,0
1,0,1,0
1,0,1,0
1,0,1,0
1,0,1,0
1,0,1,0
1,0,1,0
7.820001662586635,2.357422897631388,0.06234401153016522,-9.733427993306712
1,0,1,0
1,0,1,0
1.038263951005382e-15,0.5514384632194975,0.2288652669407936,-17.71957514082088
1,0,1,0
1,0,1,0
1,0,1,0
1,0,1,0
4.936130869128893e-15,0.47820996864845,0.2446171239951822,-10.383629083442
1,0,1,0
1,0,1,0
3.59050543512986,1.106902494048764,0.1463781350523197,-15.87034953836361
1,0,1,0
1,0,1,0
2.936699653124954,0.8319932529028726,0.1808483958858451,-9.822453693217227
1,0,1,0
1,0,1,0
1,0,1,0
2.269969926313108e-14,0.2635118725378511,0.3038588260583988,-11.21038226006027
1,0,1,0
1,0,1,0
1,0,1,0
4.936130869128893e-15,0.5539859801045566,0.2283467916100291,-17.31273870934973
1,0,1,0
1.028145822447522e-15,0.6210389207112819,0.2153307392220164,-10.86481128304777
1,0,1,0
1,0,1,0
1,0,1,0
1.038263951005382e-15,0.6847635160679282,0.2039756173633132,-11.29428781128478
1,0,1,0
1,0,1,0
1,0,1,0
1.038263951005382e-15,0.5395298112967382,0.2313138266327526,-8.941794053748119
1,0,1,0
1,0,1,0
1,0,1,0
1,0,1,0
1,0,1,0
6.006720544825807,1.907185409060382,0.08363812174120305,-10.44640405497211
1,0,1,0
1,0,1,0
1,0,1,0
1,0,1,0
1,0,1,0
1,0,1,0
1,0,1,0
1,0,1,0
1,0,1,0
1,0,1,0
1,0,1,0
1,0,1,0
1,0,1,0
1,0,1,0
1,0,1,0
1,0,1,0
1,0,1,0
1,0,1,0
1,0,1,0
1,0,1,0
8.054333073515119e-16,0.6879107114017131,0.2034379678253648,-10.37991314802276
1,0,1,0
3.645354371127113,1.130671484668063,0.1438160776914226,-16.78142160905877
8.48884454792928e-15,0.4091994800537364,0.2611880487783249,-17.57842360848556
1,0,1,0
1,0,1,0
1,0,1,0
1.038263951005382e-15,0.6854463460971232,0.2038587897480698,-22.64784723765036
1,0,1,0
1,0,1,0
1,0,1,0
1,0,1,0
5.64667360488876e-15,0.2635119782234945,0.3038587900606749,-10.29172608429287
1,0,1,0
1,0,1,0
4.936130869128893e-15,0.6210389226340176,0.2153307388652504,-11.5822777488157
1,0,1,0
1,0,1,0
1,0,1,0
1,0,1,0
1,0,1,0
3.742050121704175,1.168863795927557,0.1398174114682211,-10.83029923513123
1,0,1,0
1,0,1,0
1,0,1,0
1,0,1,0
1,0,1,0
1,0,1,0
1,0,1,0
1,0,1,0
1,0,1,0
1,0,1,0
1,0,1,0
1,0,1,0
1.038263951005382e-15,0.5514384633396752,0.228865266916291,-10.51708023276652
1,0,1,0
1,0,1,0
1,0,1,0
1,0,1,0
1,0,1,0
1,0,1,0
1,0,1,0
1,0,1,0
1,0,1,0
1,0,1,0
1,0,1,0
1,0,1,0
1,0,1,0
1,0,1,0
1,0,1,0
1,0,1,0
1,0,1,0
1,0,1,0
1,0,1,0
1,0,1,0
1,0,1,0
1,0,1,0
1,0,1,0
1,0,1,0
1,0,1,0
1,0,1,0
1,0,1,0
1,0,1,0
1,0,1,0
1,0,1,0
1,0,1,0
1,0,1,0
3.958478860395342,1.250414032179364,0.1317367070889696,-8.769801781305498
1,0,1,0
1,0,1,0
3.229251614601448,0.9590871657798345,0.1637084864825302,-9.242145276067088
1,0,1,0
1,0,1,0
1,0,1,0
1,0,1,0
1,0,1,0
1.038263951005382e-15,0.5514384633396823,0.2288652669162896,-10.11503255648016
1,0,1,0
8.48884454792928e-15,0.3377942880665188,0.2805525880255992,-10.71374762643044
1,0,1,0
1.028145822447522e-15,0.7055733204852004,0.2004586454023737,-10.65364929975141
7.354709023182277,4.487820214416232,0.01706858931271016,-11.00412895918557
1,0,1,0
1,0,1,0
13.6439139542551,13.36586701781545,0.0001281227114975358,-27.81562817394721
1,0,1,0
1,0,1,0
1,0,1,0
1,0,1,0
1,0,1,0
3.710865056038263,1.156228329730894,0.141124563654336,-16.90761097691132
7.285613099570779,4.454506189693547,0.0174046395291606,-17.30440422752283
1,0,1,0
1,0,1,0
1,0,1,0
1,0,1,0
1,0,1,0
1,0,1,0
1,0,1,0
1,0,1,0
8.48884454792928e-15,0.2730422799664822,0.3006491239173326,-11.44119876929755
3.651901536715794,1.133369553227034,0.1435288733916166,-17.4663049534019
1,0,1,0
1,0,1,0
1,0,1,0
1,0,1,0
3.746513551072984,1.168258575213844,0.1398796727841984,-10.11631556298135
1.038263951005382e-15,0.4313986282568933,0.255651729791812,-10.25515263277206
1,0,1,0
1,0,1,0
1,0,1,0
1,0,1,0
1,0,1,0
5.64667360488876e-15,0.5564858478063499,0.227839811665793,-10.24488071496898
1,0,1,0
1,0,1,0
1,0,1,0
1,0,1,0
4.936130869128893e-15,0.7060006338977267,0.2003873551605671,-12.29690991586977
1,0,1,0
4.521647105550829,1.453431594739335,0.1139890606855479,-18.66400135597762
1,0,1,0
1,0,1,0
1.038263951005382e-15,0.2753793158654574,0.2998729478456,-10.71057176936345
1,0,1,0
1.038263951005382e-15,0.5044838432265024,0.2387682790436794,-12.3145940208362
1,0,1,0
1,0,1,0
1,0,1,0
1,0,1,0
1,0,1,0
1,0,1,0
1,0,1,0
2.804502661847769e-15,0.5564858464016389,0.2278398119501741,-10.67211972068934
3.219091329231865,0.9547858575464439,0.164252041466718,-9.24593660199716
1,0,1,0
3.232915671115196,0.9606253445861377,0.1635146865043139,-12.26091305070702
1,0,1,0
1,0,1,0
1,0,1,0
1.038263951005382e-15,0.2635120777844406,0.3038587561491005,-9.903229317483586
1,0,1,0
1,0,1,0
5.247415348812873,1.688564433569994,0.09689515831109768,-9.922380513630833
1,0,1,0
1,0,1,0
1,0,1,0
6.304231113925035,3.970141975737452,0.02315693364216292,-13.41091846592685
1,0,1,0
1,0,1,0
1,0,1,0
4.30584750038981,1.3795807371717,0.1200862880031333,-12.34716865461285
1,0,1,0
1,0,1,0
1,0,1,0
1,0,1,0
1,0,1,0
1,0,1,0
1,0,1,0
1,0,1,0
3.958478860395342,1.250414032179364,0.1317367070889696,-8.769801781305498
1,0,1,0
1,0,1,0
1,0,1,0
1,0,1,0
4.432278864391409,1.422788049187805,0.1164725242650129,-15.73701145288812
1,0,1,0
1,0,1,0
1,0,1,0
1,0,1,0
1,0,1,0
2.804502661847769e-15,0.7062576872850848,0.200344487741955,-15.73372923547309
7.790294563727327,2.351647802261269,0.06257532777258329,-11.91952746584173
1,0,1,0
1,0,1,0
12.75736901896151,12.86620329269795,0.0001672848495843926,-21.85506419082807
1,0,1,0
1,0,1,0
1,0,1,0
1,0,1,0
1,0,1,0
1,0,1,0
1,0,1,0
1,0,1,0
3.745848982274795,1.168020473953128,0.1399041767361459,-9.223528101828206
1,0,1,0
1,0,1,0
1,0,1,0
1,0,1,0
1,0,1,0
1,0,1,0
1,0,1,0
7.259670875384724,4.442767844628275,0.01752469036837673,-14.99229974534964
1,0,1,0
1,0,1,0
2.804502661847769e-15,0.7037713128484668,0.2007596863607178,-9.142023556069931
1,0,1,0
1,0,1,0
1,0,1,0
1,0,1,0
1,0,1,0
1,0,1,0
1,0,1,0
1,0,1,0
1,0,1,0
4.936130869128893e-15,0.5395655510708082,0.2313064159935858,-9.453883763552014
6.216194999115859,3.924631882997836,0.02379180346105608,-15.09475859641269
1.038263951005382e-15,0.4299207623215011,0.2560139157805634,-11.19560140893079
3.661033110691984,1.135554604143461,0.1432968127762734,-9.00085690557294
1,0,1,0
1,0,1,0
4.936130869128893e-15,0.687818417098562,0.2034537053203528,-9.126770990350732
1,0,1,0
1,0,1,0
1,0,1,0
1,0,1,0
1,0,1,0
1,0,1,0
1,0,1,0
3.716542706295351,1.160431963468401,0.140687986545372,-15.90736366757972
1,0,1,0
1,0,1,0
3.694385635583786,1.148736757981197,0.1419068733246938,-10.7572052737938
1,0,1,0
1,0,1,0
4.358800170825893,1.398355842232817,0.1184995251697166,-11.53552962153538
1,0,1,0
1,0,1,0
1,0,1,0
1,0,1,0
1,0,1,0
1,0,1,0
1,0,1,0
1,0,1,0
1,0,1,0
1,0,1,0
1,0,1,0
1,0,1,0
1,0,1,0
1,0,1,0
1,0,1,0
1,0,1,0
1,0,1,0
1,0,1,0
1,0,1,0
1,0,1,0
1,0,1,0
1,0,1,0
1,0,1,0
1,0,1,0
1,0,1,0
1,0,1,0
1,0,1,0
1,0,1,0
1.038263951005382e-15,0.4313986281423361,0.2556517298198525,-15.50675679752679
1.038263951005382e-15,0.5514384633056544,0.2288652669232274,-13.25337454822282
1,0,1,0
1,0,1,0
1,0,1,0
1,0,1,0
1,0,1,0
2.449231293967717e-15,0.5395670340469287,0.2313061085067758,-9.490058320460863
1,0,1,0
1,0,1,0
1.038263951005382e-15,0.5564858455669999,0.2278398121191451,-9.701996085670705
1,0,1,0
1,0,1,0
1,0,1,0
1,0,1,0
3.643718222552068,1.129597110068893,0.1439306461992406,-10.33063087142603
1,0,1,0
3.349514555164375,1.009424324701072,0.1575203962746591,-13.16827490747117
1,0,1,0
1,0,1,0
1,0,1,0
1,0,1,0
1,0,1,0
1,0,1,0
1,0,1,0
1,0,1,0
1,0,1,0
8.48884454792928e-15,0.5045681495718384,0.2387498822502738,-16.04325180128945
1,0,1,0
1,0,1,0
1,0,1,0
1,0,1,0
1,0,1,0
1,0,1,0
1,0,1,0
1,0,1,0
1,0,1,0
1,0,1,0
1,0,1,0
1,0,1,0
1,0,1,0
1,0,1,0
1,0,1,0
1,0,1,0
1,0,1,0
1,0,1,0
1,0,1,0
1,0,1,0
8.48884454792928e-15,0.337701593831838,0.2805794597419116,-9.406385503268286
1,0,1,0
1,0,1,0
1,0,1,0
1,0,1,0
1,0,1,0
1,0,1,0
1,0,1,0
1,0,1,0
1,0,1,0
1.028145822447522e-15,0.6272511723453782,0.2141826991459404,-10.12873761765522
1,0,1,0
1,0,1,0
1,0,1,0
1,0,1,0
1,0,1,0
1,0,1,0
1,0,1,0
1,0,1,0
6.521986638641148,4.084010011747839,0.02164540220505096,-12.71238817422714
1,0,1,0
1,0,1,0
3.590459747679291,1.107116841125535,0.1463547715560283,-10.23808719397508
2.804502661847769e-15,0.7060000515804106,0.2003874522856253,-10.24851738458768
1,0,1,0
1,0,1,0
1,0,1,0
1,0,1,0
1,0,1,0
1,0,1,0
9.953856431002398,7.280395818833654,0.003485558678693212,-22.15874672931041
1,0,1,0
1,0,1,0
1,0,1,0
3.342810539673523,1.006579100921918,0.1578618888701264,-18.56550780571333
1,0,1,0
1.038263951005382e-15,0.4480165549574799,0.2516391844179155,-11.31800958568751
1,0,1,0
1.038263951005382e-15,0.3377905127598595,0.2805536823767001,-10.66094350994475
1,0,1,0
1,0,1,0
3.762138856383595,1.174289345778366,0.1392608225939519,-12.77665041623067
1,0,1,0
1,0,1,0
1,0,1,0
1,0,1,0
1,0,1,0
4.936130869128893e-15,0.604117757381097,0.218505607080837,-9.68984469994564
1,0,1,0
1,0,1,0
1,0,1,0
1,0,1,0
1,0,1,0
1,0,1,0
1,0,1,0
1,0,1,0
1,0,1,0
1,0,1,0
1,0,1,0
1,0,1,0
1,0,1,0
1,0,1,0
1,0,1,0
1,0,1,0
1,0,1,0
1,0,1,0
1,0,1,0
1,0,1,0
1,0,1,0
1,0,1,0
3.000827505376606,0.8590213421284929,0.1770063535199614,-10.01518876654161
1,0,1,0
1,0,1,0
1,0,1,0
1,0,1,0
1,0,1,0
1,0,1,0
1,0,1,0
1,0,1,0
1,0,1,0
1,0,1,0
1,0,1,0
1,0,1,0
1,0,1,0
1.038263951005382e-15,0.5564858478063499,0.227839811665793,-9.958819077933637
1,0,1,0
1,0,1,0
1,0,1,0
1,0,1,0
1,0,1,0
1,0,1,0
4.936130869128893e-15,0.2635118977103481,0.3038588174843612,-10.80425072945013
1,0,1,0
1,0,1,0
3.159410388219792,0.9294185674361266,0.1675070278024165,-8.087988554828787
1,0,1,0
2.804502661847769e-15,0.6720947800908981,0.206161111711093,-9.712115817625229
1,0,1,0
1,0,1,0
1,0,1,0
4.936130869128893e-15,0.6706201329245118,0.2064177420323416,-9.478508369775245
1,0,1,0
1,0,1,0
1,0,1,0
1,0,1,0
2.093959926088373e-15,0.6272329004576704,0.2141860622633717,-9.725362392862516
1,0,1,0
1,0,1,0
1,0,1,0
1,0,1,0
1,0,1,0
1,0,1,0
1,0,1,0
1,0,1,0
1,0,1,0
1,0,1,0
1,0,1,0
1,0,1,0
1,0,1,0
1,0,1,0
3.248449895787839,0.9683235141271247,0.1625493229247142,-9.484189205710493
1,0,1,0
1,0,1,0
2.804502661847769e-15,0.7054858217601669,0.2004732476727276,-15.49628393417602
1,0,1,0
1,0,1,0
1,0,1,0
1,0,1,0
4.936130869128893e-15,0.6849329688986643,0.2039466159728487,-10.19819840240473
5.64667360488876e-15,0.5564858478063499,0.227839811665793,-9.959584463882576
1,0,1,0
1,0,1,0
1,0,1,0
1,0,1,0
3.64647301820838,1.130757953451635,0.1438068619280448,-8.942865291519986
1,0,1,0
1,0,1,0
4.936130869128893e-15,0.6272144285539412,0.2141894622767092,-9.436936414316126
1,0,1,0
1,0,1,0
1,0,1,0
1,0,1,0
1,0,1,0
1,0,1,0
1,0,1,0
1,0,1,0
1,0,1,0
1,0,1,0
1,0,1,0
1.038263951005382e-15,0.5514384633396787,0.2288652669162903,-10.51915518000937
1,0,1,0
1,0,1,0
1,0,1,0
1,0,1,0
1,0,1,0
1,0,1,0
1,0,1,0
1,0,1,0
1,0,1,0
1,0,1,0
1,0,1,0
1,0,1,0
1,0,1,0
1,0,1,0
1,0,1,0
1,0,1,0
1,0,1,0
1,0,1,0
1,0,1,0
1,0,1,0
1,0,1,0
1,0,1,0
1,0,1,0
1,0,1,0
1,0,1,0
7.331385418123147,2.247097713354702,0.06693263179551795,-11.0206917993367
1,0,1,0
1,0,1,0
1,0,1,0
8.220142478553589,4.874297718254649,0.01362976546654321,-15.8518308512174
1,0,1,0
1,0,1,0
1,0,1,0
1,0,1,0
1,0,1,0
1,0,1,0
1,0,1,0
1,0,1,0
1,0,1,0
1,0,1,0
1,0,1,0
1,0,1,0
1,0,1,0
1,0,1,0
1,0,1,0