dN/dS,LRT,p-value,Log(L)
4.936130869128893e-15,0.3266688620351648,0.2838135989214874,-4.130598190048786
2.449231293967717e-15,0.2125998328729706,0.322368634292558,-3.819640939041488
8.48884454792928e-15,0.2072312029752581,0.3244731343318444,-4.112611390553806
4.936130869128893e-15,0.2100033001290189,0.3233824087198632,-4.035203213154556
1.038263951005382e-15,0.2100027965106639,0.3233826060835451,-3.988593423925348
8.48884454792928e-15,0.2316814259927202,0.3151399348001052,-4.382043042071977
4.936130869128893e-15,0.1357284966605175,0.356282471601587,-4.454953088897893
2.804502661847769e-15,0.2610018601508166,0.3047163487778032,-4.026678377670048
2.449231293967717e-15,0.1876990943961365,0.3324192902830239,-3.908984547930836
1.038263951005382e-15,0.2100027965106639,0.3233826060835451,-3.988593423925348
1.038263951005382e-15,0.1230821466468486,0.3628576998902909,-3.996474537285955
2.449231293967717e-15,0.2313759666898232,0.3152527208075814,-4.224204293751821
1.038263951005382e-15,0.1276242012019893,0.3604540895909503,-4.79198739073999
8.48884454792928e-15,0.223336063885391,0.3182548387582788,-4.263583553264885
1.038263951005382e-15,0.2149127825146326,0.3214718829716444,-4.270704787705822
8.48884454792928e-15,0.2316814259927202,0.3151399348001052,-4.382043042071977
1,0,1,0
1,0,1,0
1,0,1,0
1,0,1,0
5.596367241684491,1.779218519054307,0.09112265857335616,-9.536043880194288
1,0,1,0
1,0,1,0
1,0,1,0
1,0,1,0
1,0,1,0
1,0,1,0
1,0,1,0
1,0,1,0
1,0,1,0
1,0,1,0
8.48884454792928e-15,0.4187248633382268,0.2587869996952598,-14.04759685066651
1,0,1,0
1,0,1,0
1,0,1,0
5.64667360488876e-15,0.3665351608285654,0.2724494932685593,-10.69273558734376
1,0,1,0
1,0,1,0
1,0,1,0
1,0,1,0
1,0,1,0
1,0,1,0
1,0,1,0
1,0,1,0
1,0,1,0
1,0,1,0
1,0,1,0
1,0,1,0
17.09547633334077,7.422743606345271,0.00322022684369766,-12.41699815745142
1,0,1,0
1,0,1,0
1,0,1,0
1,0,1,0
1,0,1,0
1,0,1,0
1,0,1,0
1,0,1,0
1,0,1,0
1,0,1,0
1,0,1,0
1,0,1,0
1,0,1,0
1,0,1,0
1,0,1,0
1,0,1,0
5.306999579686588,1.687999932428117,0.0969324160558373,-8.385791995623103
1,0,1,0
1,0,1,0
1,0,1,0
1,0,1,0
1,0,1,0
1,0,1,0
1,0,1,0
1,0,1,0
1,0,1,0
1,0,1,0
1,0,1,0
1,0,1,0
1,0,1,0
1,0,1,0
1,0,1,0
1,0,1,0
1,0,1,0
1,0,1,0
1,0,1,0
1,0,1,0
1,0,1,0
1,0,1,0
1,0,1,0
1,0,1,0
1,0,1,0
1,0,1,0
1,0,1,0
5.64667360488876e-15,0.4219385071358701,0.2579856742383618,-9.405414305103818
1,0,1,0
1,0,1,0
1,0,1,0
1,0,1,0
1,0,1,0
1,0,1,0
1,0,1,0
1,0,1,0
1,0,1,0
1,0,1,0
2.093959926088373e-15,0.3886984427994911,0.2664921750147047,-8.680056846835672
1,0,1,0
1,0,1,0
6.416342014307935,1.997770163803761,0.078765403090092,-8.873116869421619
1,0,1,0
1,0,1,0
1,0,1,0
1,0,1,0
1,0,1,0
1,0,1,0
1,0,1,0
1,0,1,0
1,0,1,0
1,0,1,0
1,0,1,0
1,0,1,0
1,0,1,0
5.438047862187182,1.734754246276491,0.09390243673528625,-8.269297470540014
1,0,1,0
1,0,1,0
1,0,1,0
1,0,1,0
1,0,1,0
5.653740552983513,1.796293830970132,0.09008059963227716,-8.152947103184328
1,0,1,0
1,0,1,0
4.936130869128893e-15,0.313677915697756,0.287715995069274,-10.37339240988181
1,0,1,0
5.64667360488876e-15,0.340157377209966,0.2798691974676956,-8.499885341218073
1,0,1,0
1,0,1,0
1,0,1,0
1,0,1,0
8.48884454792928e-15,0.3743093862820572,0.2703323014458193,-8.0585209181257
1,0,1,0
2.804502661847769e-15,0.4282151766301894,0.2564330179700829,-9.806053400929722
1,0,1,0
1,0,1,0
1,0,1,0
1,0,1,0
1,0,1,0
1,0,1,0
12.19898108971231,6.212878099027229,0.006341213559232839,-13.861041525003
1,0,1,0
1,0,1,0
1,0,1,0
1,0,1,0
1,0,1,0
1.038263951005382e-15,0.3191221181547519,0.2860678490055718,-12.35660534947834
1,0,1,0
1,0,1,0
1,0,1,0
1,0,1,0
1,0,1,0
1,0,1,0
8.48884454792928e-15,0.3745961697086351,0.2702547795805315,-8.525929126244968
1,0,1,0
1,0,1,0
1,0,1,0
1,0,1,0
1,0,1,0
1,0,1,0
1,0,1,0
1,0,1,0
1,0,1,0
1,0,1,0
1,0,1,0
1,0,1,0
1,0,1,0
1,0,1,0
1,0,1,0
1,0,1,0
5.64667360488876e-15,0.3081501365716797,0.289408780018476,-9.2065283296619
1,0,1,0
1,0,1,0
1,0,1,0
1,0,1,0
1,0,1,0
1,0,1,0
1,0,1,0
1,0,1,0
1,0,1,0
1,0,1,0
1,0,1,0
1,0,1,0
1,0,1,0
1,0,1,0
1,0,1,0
1,0,1,0
1,0,1,0
1,0,1,0
1,0,1,0
1,0,1,0
1,0,1,0
1,0,1,0
1,0,1,0
1,0,1,0
4.803805149939572,1.537175322704499,0.1075193714726121,-7.879864997554744
6.397282758032762,1.981820190044395,0.07959939243691522,-20.65839476785942
5.017469434135543,1.60282755935874,0.1027514821424275,-11.33515409753682
1,0,1,0
1,0,1,0
1,0,1,0
1,0,1,0
1,0,1,0
1.985752832009056e-14,0.2089208783362757,0.3238072631837315,-10.04616857759238
1,0,1,0
1,0,1,0
1,0,1,0
1,0,1,0
6.916456838768629,2.126889617545835,0.07236709379599349,-8.779785827647734
1,0,1,0
1,0,1,0
1,0,1,0
1,0,1,0
1,0,1,0
1,0,1,0
1,0,1,0
1,0,1,0
1,0,1,0
1,0,1,0
1,0,1,0
1,0,1,0
1,0,1,0
1,0,1,0
1,0,1,0
1,0,1,0
1,0,1,0
1,0,1,0
1,0,1,0
1,0,1,0
5.820047549172399,1.841871237840341,0.08736589254201393,-10.01432053139264
1,0,1,0
1,0,1,0
1,0,1,0
1.038263951005382e-15,0.4048082785715934,0.2623082253530649,-12.74081969377479
4.882111927160604,1.561976511676772,0.1056880277746054,-8.26213780393293
1,0,1,0
1,0,1,0
1,0,1,0
1,0,1,0
1,0,1,0
1,0,1,0
1,0,1,0
1,0,1,0
1,0,1,0
1,0,1,0
1,0,1,0
1,0,1,0
1,0,1,0
1,0,1,0
1,0,1,0
1,0,1,0
1,0,1,0
1,0,1,0
1,0,1,0
1,0,1,0
1,0,1,0
5.04736363461357,1.612850301561295,0.1020458000130994,-10.88287114564066
1,0,1,0
1,0,1,0
1,0,1,0
1,0,1,0
1,0,1,0
1,0,1,0
1,0,1,0
1,0,1,0
1,0,1,0
1,0,1,0
1,0,1,0
1,0,1,0
1,0,1,0
1,0,1,0
1,0,1,0
1,0,1,0
5.968632927182248,1.875660786481873,0.08541407419559266,-9.131872788237866
1,0,1,0
1,0,1,0
1,0,1,0
1,0,1,0
1,0,1,0
1,0,1,0
5.012986375460625,1.603383073392955,0.1027122190785573,-7.419927023641298
1,0,1,0
5.955393418672471,1.884595989459562,0.08490635088968773,-9.638515546904548
1,0,1,0
1.038263951005382e-15,0.4193254310645571,0.2586369165580436,-10.22612335626945
1,0,1,0
1,0,1,0
1,0,1,0
1,0,1,0
1,0,1,0
1,0,1,0
1,0,1,0
1,0,1,0
1,0,1,0
1,0,1,0
4.936130869128893e-15,0.4008281847958273,0.2633309287543775,-9.063171224046208
1,0,1,0
1,0,1,0
1,0,1,0
1,0,1,0
1,0,1,0
1,0,1,0
1,0,1,0
1,0,1,0
1,0,1,0
1,0,1,0
1,0,1,0
1,0,1,0
1,0,1,0
1,0,1,0
1,0,1,0
1,0,1,0
1,0,1,0
2.093959926088373e-15,0.3802033215891036,0.268747221104214,-11.73878713699348
1,0,1,0
1,0,1,0
1,0,1,0
1,0,1,0
1,0,1,0
8.48884454792928e-15,0.3480461022655419,0.2776106367841928,-12.77537090966691
1,0,1,0
1,0,1,0
1,0,1,0
1,0,1,0
1,0,1,0
1,0,1,0
1,0,1,0
1,0,1,0
1,0,1,0
1,0,1,0
1,0,1,0
1,0,1,0
4.936130869128893e-15,0.3665351504382031,0.2724494961186641,-8.650857503929151
1,0,1,0
1,0,1,0
1,0,1,0
1,0,1,0
1,0,1,0
1,0,1,0
2.804502661847769e-15,0.2570671474686979,0.3060711307265038,-4.310302499069481
1.028145822447522e-15,0.2640677006162706,0.3036696307286367,-3.703414004061359
1.038263951005382e-15,0.2149127825146326,0.3214718829716444,-4.270704787705822
8.48884454792928e-15,0.2570668302561359,0.3060712404717975,-8.72091477899651
1.038263951005382e-15,0.2316813825815878,0.3151399508224701,-4.123896100822019
4.936130869128893e-15,0.2100033001290189,0.3233824087198632,-4.035203213154556
1.038263951005382e-15,0.231681396422367,0.3151399457140565,-8.594443462878033
8.48884454792928e-15,0.2570668293267424,0.3060712407933378,-8.719285596692094
1.038263951005382e-15,0.2149127825146326,0.3214718829716444,-4.270704787705822
1.028145822447522e-15,0.2640677006162706,0.3036696307286367,-3.703414004061359
1.038263951005382e-15,0.2370328241355164,0.313178713678992,-3.630594039014834
1.038263951005382e-15,0.2284395610599805,0.3163416460244733,-3.618239834408638
2.804502661847769e-15,0.2570671468911954,0.3060711309263008,-4.263692458031096
8.48884454792928e-15,0.1399224864633091,0.354179041704704,-4.374842409616982
4.936130869128893e-15,0.2370456928646227,0.3131740305818329,-4.08907259055966
4.936130869128893e-15,0.2433495364775027,0.3108986506086366,-4.005545516781139
4.936130869128893e-15,0.3266688620351648,0.2838135989214874,-4.130598190048786
9.608904608059463,2.697464325746576,0.05025399101928774,-7.368780605381215
9.682324783204268e-17,0.2528910763440209,0.3075233492849436,-3.934280884647021
2.804502661847769e-15,0.2570671468911954,0.3060711309263008,-4.263692458031096
8.48884454792928e-15,0.1399224864633091,0.354179041704704,-4.374842409616982
2.449231293967717e-15,0.1876990943961365,0.3324192902830239,-3.908984547930836
2.804502661847769e-15,0.2570671468911954,0.3060711309263008,-4.263692458031096
1.038263951005382e-15,0.2149127825146326,0.3214718829716444,-4.270704787705822
1.038263951005382e-15,0.2488447325650682,0.3089448569932686,-4.186484197798111
1.038263951005382e-15,0.2378784090846811,0.3128713281191364,-4.175387160849207
17.93025560272024,3.570333317992574,0.02941025166936945,-11.03303434860052
1.038263951005382e-15,0.2284395610599805,0.3163416460244733,-3.618239834408638
8.48884454792928e-15,0.194873207353913,0.3294456322998669,-4.356746705355792
4.936130869128893e-15,0.2370456928646227,0.3131740305818329,-4.08907259055966
2.804502661847769e-15,0.2570671474686979,0.3060711307265038,-4.310302499069481
1.028145822447522e-15,0.2072311523165951,0.3244731543445851,-3.854464449303848
8.48884454792928e-15,0.2461674877356295,0.3098933449256016,-8.604103569564213
4.936130869128893e-15,0.1550393907927914,0.3468826573700698,-3.918309713937233
1.038263951005382e-15,0.2316813825815878,0.3151399508224701,-4.123896100822019
1.038263951005382e-15,0.2316813825815878,0.3151399508224701,-4.123896100822019
2.804502661847769e-15,0.2528897907584051,0.3075237986511553,-3.88767148592681
8.48884454792928e-15,0.2083221578364807,0.3240428349236951,-9.00935944401963
1.028145822447522e-15,0.2125869642224183,0.3223736400997818,-3.361162387496663
2.804502661847769e-15,0.2610018601508166,0.3047163487778032,-4.026678377670048
8.48884454792928e-15,0.2072312029752581,0.3244731343318444,-4.112611390553806
4.936130869128893e-15,0.1550393907927914,0.3468826573700698,-3.918309713937233
1.038263951005382e-15,0.2316813825815878,0.3151399508224701,-4.123896100822019
1.038263951005382e-15,0.2316813825815878,0.3151399508224701,-4.123896100822019
4.936130869128893e-15,0.2100033001290189,0.3233824087198632,-4.035203213154556
4.0479524494288e-15,0.2284408466449568,0.3163411674060309,-3.66484923312885
4.936130869128893e-15,0.1550393907927914,0.3468826573700698,-3.918309713937233
4.936130869128893e-15,0.2100033001290189,0.3233824087198632,-4.035203213154556
4.0479524494288e-15,0.2284408466449568,0.3163411674060309,-3.66484923312885
4.936130869128893e-15,0.2570661581839602,0.3060714729873291,-4.464030272570097
1.028145822447522e-15,0.2125869642224183,0.3223736400997818,-3.361162387496663
1.038263951005382e-15,0.1276242012019893,0.3604540895909503,-4.79198739073999
1.038263951005382e-15,0.2284395610599805,0.3163416460244733,-3.618239834408638
1.038263951005382e-15,0.2488447325650682,0.3089448569932686,-4.186484197798111
1.038263951005382e-15,0.1230821466468486,0.3628576998902909,-3.996474537285955
4.936130869128893e-15,0.2100033001290189,0.3233824087198632,-4.035203213154556
4.936130869128893e-15,0.2370456928646227,0.3131740305818329,-4.08907259055966
1.028145822447522e-15,0.2125869642224183,0.3223736400997818,-3.361162387496663
8.48884454792928e-15,0.2072311684723545,0.3244731479622406,-8.325011811359863
4.0479524494288e-15,0.2284408466449568,0.3163411674060309,-3.66484923312885
4.936130869128893e-15,0.2370456928646227,0.3131740305818329,-4.08907259055966
1.028145822447522e-15,0.2125869642224183,0.3223736400997818,-3.361162387496663
1.038263951005382e-15,0.2149127825146326,0.3214718829716444,-4.270704787705822
1.038263951005382e-15,0.2378784090846811,0.3128713281191364,-4.175387160849207
4.936130869128893e-15,0.1550393907927914,0.3468826573700698,-3.918309713937233
1.038263951005382e-15,0.2100027965106639,0.3233826060835451,-3.988593423925348
1.038263951005382e-15,0.2370328241355164,0.313178713678992,-3.630594039014834
1.028145822447522e-15,0.2125869642224183,0.3223736400997818,-3.361162387496663
1.038263951005382e-15,0.2370328241355164,0.313178713678992,-3.630594039014834
1.038263951005382e-15,0.2149127825146326,0.3214718829716444,-4.270704787705822
1.038263951005382e-15,0.1640926938335188,0.3427080437450683,-4.098599764105834
1.038263951005382e-15,0.2370328241355164,0.313178713678992,-3.630594039014834
2.269969926313108e-14,0.2233360207966903,0.3182548550237725,-8.605666474287855
1.038263951005382e-15,0.2370328241355164,0.313178713678992,-3.630594039014834
4.936130869128893e-15,0.2570661581839602,0.3060714729873291,-4.464030272570097
1.028145822447522e-15,0.2351201145229007,0.3138765289247403,-3.728005646250921
1.038263951005382e-15,0.2100027965106639,0.3233826060835451,-3.988593423925348
4.936130869128893e-15,0.1550545031368404,0.3468755728199633,-4.376788265482057
9.682324783204268e-17,0.2528910763440209,0.3075233492849436,-3.934280884647021
1.038263951005382e-15,0.20832521896887,0.3240416294549896,-4.597909330441771
4.936130869128893e-15,0.2370456928646227,0.3131740305818329,-4.08907259055966
1.028145822447522e-15,0.2125869642224183,0.3223736400997818,-3.361162387496663
2.093959926088373e-15,0.187699094370597,0.3324192902937293,-3.862375149210624
8.48884454792928e-15,0.223336063885391,0.3182548387582788,-4.263583553264885
4.936130869128893e-15,0.2370456928646227,0.3131740305818329,-4.08907259055966
9.682324783204268e-17,0.2528910763440209,0.3075233492849436,-3.934280884647021
8.48884454792928e-15,0.2072312029752581,0.3244731343318444,-4.112611390553806
1.028145822447522e-15,0.2125869642224183,0.3223736400997818,-3.361162387496663
1.028145822447522e-15,0.2640677006162706,0.3036696307286367,-3.703414004061359
2.804502661847769e-15,0.2528897907584051,0.3075237986511553,-3.88767148592681
1.038263951005382e-15,0.20832521896887,0.3240416294549896,-4.597909330441771
8.48884454792928e-15,0.1399224864633091,0.354179041704704,-4.374842409616982
5.64667360488876e-15,0.1767280122873842,0.3371001730735808,-4.557084519894793
2.449231293967717e-15,0.1876990943961365,0.3324192902830239,-3.908984547930836
1.038263951005382e-15,0.2276990086013342,0.3166176263034273,-8.075832171530896
4.936130869128893e-15,0.2316814004087533,0.3151399442427441,-4.582380856610978
4.936130869128893e-15,0.2370456928646227,0.3131740305818329,-4.08907259055966
1.038263951005382e-15,0.2083252133875639,0.3240416316528886,-4.551299292194011
1.038263951005382e-15,0.2083252133875639,0.3240416316528886,-4.551299292194011
8.48884454792928e-15,0.223336063885391,0.3182548387582788,-4.263583553264885
1.038263951005382e-15,0.2316814259927238,0.3151399348001039,-4.428653083110361
1.038263951005382e-15,0.1276242012019893,0.3604540895909503,-4.79198739073999
4.936130869128893e-15,0.2370456928646227,0.3131740305818329,-4.08907259055966
4.0479524494288e-15,0.2284408466449568,0.3163411674060309,-3.66484923312885
1.038263951005382e-15,0.1543564798948012,0.3472032178050344,-8.518882658503903
1.038263951005382e-15,0.2378784090846811,0.3128713281191364,-4.175387160849207
1.028145822447522e-15,0.2072311523165951,0.3244731543445851,-3.854464449303848
1.038263951005382e-15,0.2100027965106639,0.3233826060835451,-3.988593423925348
2.804502661847769e-15,0.2528897907584051,0.3075237986511553,-3.88767148592681
1.038263951005382e-15,0.1276239454831085,0.3604542235473137,-4.333502607996338
8.48884454792928e-15,0.2072312029752581,0.3244731343318444,-4.112611390553806
9.682324783204268e-17,0.2528910763440209,0.3075233492849436,-3.934280884647021
1.038263951005382e-15,0.1640926938335188,0.3427080437450683,-4.098599764105834
1.038263951005382e-15,0.2370328241355164,0.313178713678992,-3.630594039014834
4.936130869128893e-15,0.3266688620351648,0.2838135989214874,-4.130598190048786
4.0479524494288e-15,0.2284408466449568,0.3163411674060309,-3.66484923312885
1.028145822447522e-15,0.2125869642224183,0.3223736400997818,-3.361162387496663
1.038263951005382e-15,0.1276242012019893,0.3604540895909503,-4.79198739073999
8.48884454792928e-15,0.2140582270742222,0.3218025163188835,-8.535218866197921
1.038263951005382e-15,0.2370328241355164,0.313178713678992,-3.630594039014834
1.028145822447522e-15,0.2351201145229007,0.3138765289247403,-3.728005646250921
1.028145822447522e-15,0.2072311523165951,0.3244731543445851,-3.854464449303848
11.67207131289089,2.980047885650615,0.04214838922412228,-6.762526006987723
2.449231293967717e-15,0.2125998328729706,0.322368634292558,-3.819640939041488
4.936130869128893e-15,0.1550393907927914,0.3468826573700698,-3.918309713937233
1.038263951005382e-15,0.1276242012019893,0.3604540895909503,-4.79198739073999
1.038263951005382e-15,0.2488447325650682,0.3089448569932686,-4.186484197798111
1.038263951005382e-15,0.2370328241355164,0.313178713678992,-3.630594039014834
1.038263951005382e-15,0.2284395610599805,0.3163416460244733,-3.618239834408638
8.48884454792928e-15,0.2316814259927202,0.3151399348001052,-4.382043042071977
4.936130869128893e-15,0.2370456928646227,0.3131740305818329,-4.08907259055966
2.804502661847769e-15,0.2528897907584051,0.3075237986511553,-3.88767148592681
4.936130869128893e-15,0.3266688620351648,0.2838135989214874,-4.130598190048786
2.804502661847769e-15,0.2570671474686979,0.3060711307265038,-4.310302499069481
1.038263951005382e-15,0.2284395610599805,0.3163416460244733,-3.618239834408638
2.804502661847769e-15,0.2570671468911954,0.3060711309263008,-4.263692458031096
2.449231293967717e-15,0.2313759666898232,0.3152527208075814,-4.224204293751821
1.038263951005382e-15,0.2149127825146326,0.3214718829716444,-4.270704787705822
1.028145822447522e-15,0.2125869642224183,0.3223736400997818,-3.361162387496663
1.028145822447522e-15,0.2640677006162706,0.3036696307286367,-3.703414004061359
2.449231293967717e-15,0.1876990943961365,0.3324192902830239,-3.908984547930836
1.038263951005382e-15,0.2378796992983432,0.3128708596199677,-4.221996559569419
1.028145822447522e-15,0.2125869642224183,0.3223736400997818,-3.361162387496663
2.449231293967717e-15,0.2313759666898232,0.3152527208075814,-4.224204293751821
9.682324783204268e-17,0.2528910763440209,0.3075233492849436,-3.934280884647021
1.038263951005382e-15,0.2284395610599805,0.3163416460244733,-3.618239834408638
1.038263951005382e-15,0.2316814259927238,0.3151399348001039,-4.428653083110361
4.936130869128893e-15,0.2313764722632765,0.3152525340568704,-4.270813692472034
1.028145822447522e-15,0.2640677006162706,0.3036696307286367,-3.703414004061359
4.936130869128893e-15,0.2570661581839602,0.3060714729873291,-4.464030272570097
1.038263951005382e-15,0.1640926938335188,0.3427080437450683,-4.098599764105834
4.936130869128893e-15,0.2100033001290189,0.3233824087198632,-4.035203213154556
1.028145822447522e-15,0.2351201145229007,0.3138765289247403,-3.728005646250921
1.038263951005382e-15,0.2284395610599805,0.3163416460244733,-3.618239834408638
1.985752832009056e-14,0.2455288814226222,0.3101205377592168,-8.605775379054066
8.48884454792928e-15,0.2072312029752581,0.3244731343318444,-4.112611390553806
2.093959926088373e-15,0.187699094370597,0.3324192902937293,-3.862375149210624
9.682324783204268e-17,0.2528910763440209,0.3075233492849436,-3.934280884647021
1.038263951005382e-15,0.2378784090846811,0.3128713281191364,-4.175387160849207
2.804502661847769e-15,0.2528897907584051,0.3075237986511553,-3.88767148592681
1.038263951005382e-15,0.2233360180088049,0.3182548560761677,-4.005436612014927
2.449231293967717e-15,0.1876990943961365,0.3324192902830239,-3.908984547930836
1.028145822447522e-15,0.2351201145229007,0.3138765289247403,-3.728005646250921
9.682324783204268e-17,0.2528910763440209,0.3075233492849436,-3.934280884647021
1.038263951005382e-15,0.2370328241355164,0.313178713678992,-3.630594039014834
1.038263951005382e-15,0.2316813825815878,0.3151399508224701,-4.123896100822019
2.269969926313108e-14,0.1249906006224393,0.3618417867690069,-8.595376419192721
4.0479524494288e-15,0.2284408466449568,0.3163411674060309,-3.66484923312885
4.0479524494288e-15,0.2284408466449568,0.3163411674060309,-3.66484923312885
1.038263951005382e-15,0.2245310584332696,0.3178044782544472,-4.760504003581436
1.038263951005382e-15,0.2149127825146326,0.3214718829716444,-4.270704787705822
4.936130869128893e-15,0.1550545031368404,0.3468755728199633,-4.376788265482057
4.936130869128893e-15,0.2100033001290189,0.3233824087198632,-4.035203213154556
1.028145822447522e-15,0.2125869642224183,0.3223736400997818,-3.361162387496663
2.804502661847769e-15,0.2570671468911954,0.3060711309263008,-4.263692458031096
8.48884454792928e-15,0.223336063885391,0.3182548387582788,-4.263583553264885
4.936130869128893e-15,0.2370456928646227,0.3131740305818329,-4.08907259055966
1.038263951005382e-15,0.1276242012019893,0.3604540895909503,-4.79198739073999
2.449231293967717e-15,0.2125998328729706,0.322368634292558,-3.819640939041488
1.038263951005382e-15,0.1640926938335188,0.3427080437450683,-4.098599764105834
4.936130869128893e-15,0.2433495364775027,0.3108986506086366,-4.005545516781139
2.449231293967717e-15,0.1876990943961365,0.3324192902830239,-3.908984547930836
1.028145822447522e-15,0.2125869642224183,0.3223736400997818,-3.361162387496663
2.804502661847769e-15,0.2528897907584051,0.3075237986511553,-3.88767148592681
8.48884454792928e-15,0.1399224864633091,0.354179041704704,-4.374842409616982
4.936130869128893e-15,0.2100033001290189,0.3233824087198632,-4.035203213154556
1.038263951005382e-15,0.1276239454831085,0.3604542235473137,-4.333502607996338
8.48884454792928e-15,0.1399224864633091,0.354179041704704,-4.374842409616982
1.038263951005382e-15,0.2100027965106639,0.3233826060835451,-3.988593423925348
2.093959926088373e-15,0.1948732091428216,0.3294456315665766,-4.403356746394175
2.093959926088373e-15,0.2149114960897922,0.3214723800975966,-4.22409538898561
1.038263951005382e-15,0.2316814259927238,0.3151399348001039,-4.428653083110361
10.18328834081612,2.695909039536046,0.05030304757999565,-7.080563048855306
1.038263951005382e-15,0.1640926938335188,0.3427080437450683,-4.098599764105834
2.449231293967717e-15,0.2313759666898232,0.3152527208075814,-4.224204293751821
2.093959926088373e-15,0.2149114960897922,0.3214723800975966,-4.22409538898561
4.936130869128893e-15,0.1357284966605175,0.356282471601587,-4.454953088897893
1.038263951005382e-15,0.2083252133875639,0.3240416316528886,-4.551299292194011
2.449231293967717e-15,0.2313759666898232,0.3152527208075814,-4.224204293751821
11.56166293445995,2.96902456416792,0.04243650808141713,-7.032662852303483
8.48884454792928e-15,0.2233360638837638,0.3182548387588929,-8.72164217732832
4.936130869128893e-15,0.1357284966605175,0.356282471601587,-4.454953088897893
1.038263951005382e-15,0.1276242012019893,0.3604540895909503,-4.79198739073999
4.936130869128893e-15,0.2570661581839602,0.3060714729873291,-4.464030272570097
1.038263951005382e-15,0.2149127825146326,0.3214718829716444,-4.270704787705822
4.936130869128893e-15,0.2100033001290189,0.3233824087198632,-4.035203213154556
4.936130869128893e-15,0.3266688620351648,0.2838135989214874,-4.130598190048786
8.48884454792928e-15,0.1399224864633091,0.354179041704704,-4.374842409616982
1.038263951005382e-15,0.2316814259927238,0.3151399348001039,-4.428653083110361
4.936130869128893e-15,0.2313764722632765,0.3152525340568704,-4.270813692472034
4.936130869128893e-15,0.1550393907927914,0.3468826573700698,-3.918309713937233
1.028145822447522e-15,0.2125869642224183,0.3223736400997818,-3.361162387496663
2.804502661847769e-15,0.2570671474686979,0.3060711307265038,-4.310302499069481
4.0479524494288e-15,0.2284408466449568,0.3163411674060309,-3.66484923312885
1.038263951005382e-15,0.2100027965106639,0.3233826060835451,-3.988593423925348
1.038263951005382e-15,0.2488447325650682,0.3089448569932686,-4.186484197798111
4.936130869128893e-15,0.2313764722632765,0.3152525340568704,-4.270813692472034
4.0479524494288e-15,0.2284408466449568,0.3163411674060309,-3.66484923312885
1.038263951005382e-15,0.2100027965106639,0.3233826060835451,-3.988593423925348
4.936130869128893e-15,0.2313764722632765,0.3152525340568704,-4.270813692472034
1.038263951005382e-15,0.2100027965106639,0.3233826060835451,-3.988593423925348