SITE	GLY	ALA	LEU	VAL	ILE	PRO	ARG	THR	SER	CYS	MET	LYS	GLU	GLN	ASP	ASN	TRP	TYR	PHE	HIS
1	-0.210200	-0.101100	-0.418500	0.040200	-0.037000	0.000000	-0.334200	0.093800	-0.050800	-0.037000	-0.365900	-0.291900	-0.050900	-0.036900	0.023000	-0.025100	-0.473600	0.436400	0.437800	-0.071200
2	0.000000	3.460310	3.309170	7.495420	8.581210	3.528610	5.064830	8.522770	3.553340	3.819230	3.855150	4.865160	5.260130	5.011480	3.604390	3.237490	3.712280	4.256920	4.041450	3.128080
3	0.890800	0.000000	6.935610	4.212800	5.833410	5.394700	12.439960	3.580300	0.718300	2.234800	3.730300	10.535500	10.670840	10.739760	7.585160	7.108270	30.304200	25.775600	23.528070	31.299800
4	1.395500	0.228500	-1.155000	-0.958500	-1.546500	1.884500	-0.200800	0.000000	0.770300	0.491600	-1.259900	-0.410000	-0.006400	-0.086700	1.183300	-0.081500	-1.284300	-1.537100	-1.708100	-0.040600
5	6.346120	4.405430	0.000000	1.687800	1.828900	6.954670	3.854500	3.299500	5.106370	3.505500	-0.034600	2.568900	4.805120	3.535200	4.930060	3.958700	6.804500	4.133100	0.252700	2.588900
6	7.081410	6.183030	5.505580	7.089140	7.011850	7.240200	5.891290	6.688690	6.681900	0.000000	5.196740	5.641320	6.325310	6.026750	8.511890	6.969480	8.193400	7.267200	7.546880	11.077780
7	5.630020	3.854810	0.000000	1.572600	1.751500	4.309250	10.802220	2.933800	5.173810	3.226700	0.306500	2.451400	5.056570	3.282500	5.986470	1.894600	14.400522	15.177240	7.916140	11.114060
8	0.000000	5.316460	10.028380	7.997150	9.867700	6.249070	8.959260	7.715760	4.147570	5.509970	6.861490	9.337310	15.287770	13.647461	10.312060	8.908560	14.476620	9.656560	8.995590	13.050704
9	2.709100	1.190300	-0.206700	2.043000	2.557000	0.140600	4.972810	2.886900	1.942900	0.634200	-1.502000	2.359200	2.146100	2.347000	3.928890	1.369200	3.543180	-1.129600	-2.247700	0.000000
10	0.407400	-0.113200	-0.665200	0.457400	2.247100	3.518310	-0.491400	0.539200	0.051200	0.032000	-1.917700	-0.426600	1.070800	0.266000	1.824000	0.817800	-1.688500	-1.156900	-2.842800	0.000000
11	1.259400	0.000000	4.686770	2.085700	3.561650	8.019070	3.180400	2.018500	0.003100	0.559700	1.324900	3.284200	4.650140	7.156740	5.505990	5.073650	23.298500	13.162406	13.211150	50.660000
12	1.343200	1.072700	0.119400	0.000000	-0.162900	3.422080	0.036500	1.351800	1.220500	0.695800	-0.015000	-0.365800	0.843300	0.631300	1.584600	1.013700	0.587200	0.206000	0.174400	0.672400
13	1.756100	1.448600	1.711700	1.755600	1.660300	0.000000	1.142700	1.752300	1.744400	1.861000	1.633100	1.434600	1.817300	1.619700	1.904200	1.801900	1.881100	1.802100	1.780100	1.998600
14	0.413500	0.066700	-0.089800	-0.070600	-0.223900	1.754300	-0.821000	-0.381800	-0.451000	0.058700	-0.606600	-0.577900	-0.100800	-0.197400	0.005200	0.000000	-0.401600	-0.357100	-0.431600	-0.577900
15	0.000000	4.272810	19.007590	13.934015	18.337310	4.196300	19.701270	14.261833	6.573300	9.947880	15.012160	15.376070	16.164990	17.535600	15.145280	14.990310	43.796300	46.226600	36.794100	28.425100
16	0.783700	0.278700	-0.723100	-0.955200	-1.045400	3.091000	-0.734400	0.000000	0.554500	-0.061000	-0.502500	-0.691800	0.036800	-0.286100	1.001000	0.391200	-0.078500	-0.234300	-0.287300	-0.326600
17	2.135100	1.022600	0.000000	1.398000	1.206400	0.884200	1.039900	1.173500	1.606500	1.024600	0.485000	0.475100	0.941300	1.050400	1.426400	1.731900	0.892400	0.386200	0.203200	1.755700
18	4.996000	3.415200	3.569570	0.000000	-0.610000	6.074950	13.536931	2.442800	3.596580	2.743100	2.456600	7.696960	7.443380	6.742460	6.538860	4.056070	25.239300	15.130810	9.974450	8.953510
19	1.203000	0.792400	-0.040600	-0.000400	-0.377200	-0.040500	0.396000	0.312100	1.197400	0.719200	-0.867300	0.000000	1.583200	0.322300	2.507300	1.481900	1.478300	1.038600	0.951000	1.167800
20	1.254100	1.413000	-0.673500	0.661700	1.510400	2.582600	1.238900	0.000000	0.382700	0.609600	2.284100	2.189200	3.627870	4.130590	4.037430	2.432900	11.640070	8.938620	7.448650	34.923500
21	1.757000	1.077600	-0.434000	0.987000	0.000000	1.735500	0.430600	1.131800	1.674300	1.091900	-0.480800	0.145200	0.889900	0.776200	1.678600	1.362900	0.773500	0.948100	0.570000	1.318800
22	0.744400	0.950600	0.490100	0.794900	1.086300	2.154200	0.205900	0.000000	0.016700	0.748200	0.587100	0.346800	0.953900	0.491500	1.034500	0.717800	0.443800	0.289300	0.232300	0.288800
23	2.418200	1.354400	0.272900	0.678600	0.644400	6.886340	0.707000	1.148500	1.865800	1.230800	0.711300	0.639100	1.356100	0.995200	0.000000	0.709600	0.694200	-0.445000	-0.664700	0.961600
24	-0.159700	-0.454500	-0.390000	0.011900	-0.189500	-0.999200	-0.379000	-0.026100	-0.111000	0.017300	-0.241100	-0.342100	-0.327100	-0.269000	0.000000	0.003100	0.200500	-0.055800	-0.112300	0.361400
25	1.783900	0.308100	-0.699500	0.750600	0.515700	2.185600	-0.621900	-0.169400	0.248500	-0.154700	-0.489300	-0.713600	-0.154800	0.000000	0.357800	0.188500	-0.302700	-0.332900	-0.504900	-0.529100
26	2.699900	1.832700	1.235500	0.082200	0.000000	2.761400	1.517000	1.568100	2.229300	1.460700	0.539600	1.093700	2.697800	1.578100	2.917300	2.603300	8.549480	5.103880	5.065140	5.658610
27	2.001800	1.130700	-0.096600	0.089600	-0.174000	0.055900	0.501000	0.774300	0.935800	0.878900	-0.238600	0.483600	0.000000	0.405000	1.124600	1.368100	1.217700	0.499400	1.347200	6.212220
28	3.758590	2.835100	0.631300	0.000000	0.394300	5.033810	4.920280	1.768700	2.483900	2.035700	1.349100	5.124880	5.302210	3.434640	5.157970	2.013700	10.393480	5.331790	3.483350	2.490400
29	0.751700	-0.452800	-2.027300	-1.574200	-1.463900	2.894000	-0.513900	0.000000	1.112200	-0.263500	-1.744500	-0.677800	0.378100	-0.252200	1.685700	0.590600	-0.079900	-0.641100	-0.898700	3.108800
30	-0.016600	0.121000	0.548400	1.034900	0.835100	3.863450	-0.759700	-0.026300	-1.087000	-0.021000	-0.187700	0.040600	-0.369000	-0.360100	-0.447300	0.000000	0.517500	0.208100	0.223000	0.164500
31	1.525300	0.000000	6.262070	4.284960	5.914370	3.973300	7.077090	4.554290	1.248400	0.548200	6.611560	7.907280	13.562882	6.832550	5.900080	5.056350	10.590230	10.732700	10.312390	29.285000
32	1.458100	0.880500	-0.471400	-0.390300	-0.924300	5.185430	0.173200	0.000000	1.049900	0.062000	-2.100300	-0.232200	0.568800	0.275200	0.920900	0.952200	-1.397900	-0.723100	-0.539000	0.729300
33	3.061280	3.042090	2.729500	3.132670	2.900190	2.129000	3.240400	3.396460	3.537300	3.099030	2.878720	3.100840	0.000000	2.864190	2.623700	2.037100	3.622660	3.157150	3.206640	3.241170
34	6.046590	4.290070	0.000000	3.392400	3.692700	6.816900	4.924370	4.513410	5.434340	3.955400	0.564200	1.848800	5.483400	4.415750	5.901490	4.141540	10.245270	6.435940	3.165300	21.189210
35	4.492640	2.915200	1.444800	0.000000	0.093200	5.865110	14.397740	2.398800	3.629510	1.984700	3.112700	6.034060	8.635340	6.440050	6.523240	2.497800	28.606400	15.613520	12.106090	22.998740
36	3.033700	1.426200	-0.068400	-0.395200	0.136400	6.684810	0.662300	1.641500	2.746600	0.800500	-0.263700	1.180800	0.566100	0.000000	2.699500	0.870900	3.237900	2.636200	2.552600	2.488800
37	0.755300	0.453400	-0.072000	0.685200	0.651200	0.625400	-0.617900	0.802100	0.000000	1.925000	0.107700	-0.846800	0.480600	0.627200	0.863600	-0.810900	0.744900	0.115200	-0.033900	-0.586300
38	0.071800	0.174700	-0.065000	0.017100	0.031900	1.827400	-0.204700	-0.052300	0.000000	0.007700	-0.296400	-0.317000	0.069600	-0.065700	0.528000	0.290800	0.077600	0.013100	-0.025600	0.300300
39	1.509500	0.391200	1.321700	1.945600	0.641200	1.452200	0.528800	-1.342900	0.000000	0.452400	-0.750500	0.167700	0.636200	0.991400	2.446500	2.105700	1.238200	-0.953000	-0.912900	1.009000
40	0.630100	0.163400	0.200400	0.421100	0.203000	-1.076600	0.236200	0.000000	0.273800	-0.223900	-0.740100	0.202300	0.215000	0.020500	0.419500	0.554900	-0.737800	0.056100	-0.259600	0.632000
41	0.000000	4.129560	4.026870	5.494210	5.058410	7.605930	3.698110	5.458440	4.310390	3.400550	3.463010	3.715910	4.167580	3.939440	4.231310	3.222180	3.366650	3.802190	3.720480	3.916890
42	2.719410	1.392900	0.262300	0.742600	0.401700	6.078290	0.559200	0.862100	1.756200	1.170500	0.552900	0.000000	2.253600	0.869100	2.878870	2.078400	0.210300	0.351000	0.235000	0.896400
43	5.995600	4.261370	1.393500	1.369800	0.000000	6.359720	5.478660	3.876990	5.653230	3.471300	0.024300	2.843900	5.156440	3.072800	4.490090	3.603500	15.819820	10.179580	10.596340	5.907750
44	4.748580	3.648700	5.752930	5.280270	7.057510	6.534750	6.049450	5.274470	5.281240	0.000000	3.574600	4.813990	7.761640	7.529850	6.653460	6.887760	7.707410	5.075980	4.650830	5.981010
45	1.219500	0.780700	-0.595800	1.373200	0.645500	3.912520	0.117700	1.974700	1.092500	0.920000	-0.112600	0.156700	0.609200	0.187400	0.823700	0.000000	3.397910	2.698600	2.565300	3.032900
46	0.561900	0.089000	-0.923500	0.549000	-0.181200	5.265540	-0.789200	0.296300	0.234800	-0.235400	-1.027200	-0.713400	-0.118700	-0.811400	0.883200	0.000000	-0.542000	-0.963800	-1.170800	-0.478700
47	1.937900	2.831320	2.327000	2.762240	2.858710	0.000000	2.166600	3.201360	2.833230	2.618600	2.274100	2.184000	2.704700	2.471400	2.627800	2.497400	2.129300	1.963400	2.047400	2.694080
48	1.772000	0.434800	-0.839500	0.241700	-0.344300	0.526000	0.404000	1.185500	1.410700	0.595200	-1.027000	0.603300	2.081300	0.800000	2.433400	1.378200	-1.802000	-1.102200	-1.515400	0.000000
49	1.598100	1.488900	0.754200	1.096500	0.807700	3.434940	0.000000	1.121900	1.801100	1.271700	0.974900	0.260100	1.593800	1.066700	1.494000	0.403500	1.561700	1.141000	1.105500	1.246000
50	5.713850	4.335000	0.197900	1.561600	0.000000	3.588200	4.461540	3.478000	5.078060	3.371100	1.389300	4.186690	5.073050	3.978650	5.675540	3.345200	6.371580	4.820740	4.011410	6.543700
51	3.776100	2.503300	0.000000	1.077900	0.999400	5.542610	1.491900	1.606600	2.934100	1.923500	0.559100	1.910300	3.783000	1.960300	3.516800	1.956200	4.008730	7.655190	3.149000	11.222830
52	4.769050	3.797800	1.706800	2.564600	1.851300	2.435800	3.359200	3.702470	4.195820	3.423550	2.106600	2.843800	3.287010	3.173700	0.000000	2.169800	2.811200	4.351920	7.031900	5.024060
53	0.000000	0.560100	13.186610	6.443040	11.083920	7.120020	16.878470	6.579070	1.818600	3.206400	11.013830	12.715010	14.328595	13.073070	10.471990	9.695360	50.063000	41.561200	30.572000	62.485400
54	-0.743700	0.842700	0.418400	0.945900	0.000000	6.441160	-0.561700	1.015500	0.857100	0.765300	-0.022100	-0.270500	1.096700	0.094900	1.720300	0.817800	-0.126000	0.019000	-0.501800	0.308100
55	0.661400	0.002700	-1.270600	-0.672900	-1.075600	-0.787800	-0.868700	0.962800	0.632800	0.004300	-1.553700	-0.815300	-0.790400	-0.796300	0.000000	0.140800	-0.217600	-0.608600	-0.774000	0.344100
56	4.122500	2.877600	6.907950	5.050200	5.817460	8.495500	4.415200	5.057500	2.986400	0.000000	7.395620	6.121790	10.255040	10.238190	7.669770	5.576890	16.882340	15.735477	13.892770	43.497500
57	1.531000	1.501100	1.165300	2.903800	2.361000	-0.213000	0.875200	0.000000	-0.404100	1.692900	1.294100	1.800200	1.910100	2.241100	2.603800	0.997900	1.317600	0.266700	0.540000	1.477200
58	5.196380	3.304200	0.000000	0.425000	-0.205200	4.386500	8.682180	2.357700	4.157200	3.132600	0.482600	4.891260	4.294900	2.597500	4.871080	2.862800	19.070560	15.071801	9.669490	12.695910
59	5.098500	3.463600	-0.497000	1.355200	0.000000	1.039600	7.164160	3.489300	5.022600	3.333300	-0.051900	2.555300	4.176900	2.061200	4.615200	2.821200	13.609620	5.885030	2.528000	3.136900
60	3.725900	2.163600	0.366900	3.904100	3.478400	3.269800	3.848600	2.084100	2.871600	2.744600	1.027700	3.629000	1.372500	2.353500	0.000000	0.046100	7.959460	5.459800	5.729900	4.862700
61	2.286800	0.000000	4.045600	0.985800	1.961900	3.987700	14.904487	-0.266000	0.830200	0.725100	3.504600	8.479160	6.660560	6.787760	4.381800	2.158200	36.412200	23.465610	17.069340	38.904100
62	6.564950	4.291200	0.000000	3.139300	2.335800	8.476810	6.626050	4.032600	6.023260	4.398900	0.170500	3.899800	4.918800	3.245100	5.697000	3.709200	5.715100	5.431300	2.914900	3.511000
63	5.837190	4.171800	0.000000	2.150700	1.642100	7.590990	7.179510	3.565700	4.583000	3.779200	0.249800	4.379400	4.381800	2.693000	5.584600	3.325700	15.032532	4.258300	0.639300	3.245800
64	0.000000	9.253820	19.551600	20.247250	20.663360	20.522620	20.926350	17.381390	9.968270	12.317900	12.822210	20.540140	18.179330	17.848730	18.224950	16.897080	30.672300	21.571880	20.809500	48.790100
65	1.083600	-0.444900	1.006300	-1.948300	0.575000	0.664200	10.028960	-0.740100	0.468400	-0.360700	0.977800	4.361800	3.563100	2.175600	0.000000	0.348100	15.135514	10.419330	8.240500	8.545600
66	3.706000	2.933020	4.613000	2.897500	3.235730	0.000000	2.788820	3.462510	4.060720	3.687500	2.955270	3.372810	3.636220	3.630540	4.395580	4.307730	3.434560	2.875250	2.763860	4.121380
67	2.237000	1.964400	1.411800	1.682900	0.717000	1.296900	1.504800	2.567200	1.760100	1.777100	1.085000	1.489200	2.015200	1.895100	2.332400	1.699300	2.014100	1.643100	1.847800	0.000000
68	3.793900	2.813900	7.655600	5.307700	8.915110	6.141110	7.239150	4.792300	4.391700	0.000000	7.866360	12.016350	11.966280	11.558640	10.044100	7.834390	18.256730	18.255290	13.113560	7.150230
69	0.783200	0.403100	0.139800	0.250700	-0.089100	2.966330	0.222000	-0.852700	-0.485000	0.443700	-0.441600	0.054000	0.797100	0.380200	0.000000	0.968500	2.174200	1.391300	1.938000	0.572900
70	0.593800	0.166800	-0.651500	0.000000	-0.211200	0.126100	-1.018900	0.384800	0.339400	0.352200	-1.014300	-0.831900	-0.165200	-0.671600	0.404200	-0.198100	0.420600	0.519200	0.488200	0.941500
71	4.571910	3.848200	1.141900	3.454100	2.848800	6.943720	2.517400	3.676200	4.127590	3.574400	1.379000	1.478700	5.275670	3.552800	5.373130	3.359100	1.710300	2.749400	0.000000	2.821800
72	0.188200	-0.241900	-0.432000	-0.010700	-0.147800	1.653900	-0.723900	-0.521500	-0.354300	-0.039500	-0.652200	-0.422000	-0.323400	0.000000	-0.353200	-0.373400	0.956000	0.683700	0.829700	-0.037500
73	-0.549600	1.272700	0.401100	2.287200	3.034080	4.494870	0.308600	2.129900	0.976900	0.935400	0.515400	0.007900	0.443700	0.331100	-0.490700	0.000000	1.429100	1.015400	0.655900	0.771600
74	0.471400	-0.406700	-1.052900	-0.128100	0.244500	4.459180	-0.294400	-0.430600	-0.415700	-0.722500	-1.505800	-0.703500	0.000000	0.019200	0.214900	0.277600	-0.798400	-0.860300	-0.819200	0.663700
75	1.055600	0.838800	-0.196600	0.154800	0.512500	1.953000	-0.350500	0.000000	0.283800	0.552500	-0.165500	-0.281800	1.147000	0.543900	1.753900	1.036900	0.342000	0.419800	0.297300	1.014300
76	3.823970	2.326600	2.277100	5.353360	4.189890	4.753240	3.286700	4.614330	2.998200	2.192600	0.319600	2.235400	4.580270	3.498600	5.091190	2.876700	0.000000	-0.098800	-1.000400	2.161600
77	2.115900	1.457100	0.086700	2.249600	2.244400	4.654340	1.444700	2.958930	1.748900	1.704800	0.371500	1.132900	1.325200	0.128600	0.000000	1.045900	2.443900	1.590700	1.485000	0.331800
78	7.608600	5.282470	0.000000	2.962900	2.046200	7.493620	6.743350	2.815700	5.160450	4.264840	0.401400	4.903500	5.449120	4.511060	6.007450	3.905910	12.903112	9.616160	6.948080	9.261310
79	6.366490	4.528800	1.326100	4.654500	5.048800	11.194030	3.066900	4.871300	5.968510	3.878600	0.728200	3.284800	6.066850	3.525600	6.419480	4.463700	0.208100	-0.267700	0.000000	3.659100
80	5.340170	3.721800	-0.405900	0.000000	-0.612700	6.016920	11.731840	2.659800	4.906170	2.592900	0.467400	4.784010	4.663890	3.603200	4.479270	3.534400	6.252560	3.335800	1.348700	6.544300
81	4.529400	3.470800	1.457400	1.673300	1.098800	4.630800	3.444300	2.771200	4.261800	2.949100	1.483400	3.049200	0.000000	2.686700	3.978600	3.385600	3.300200	2.812100	2.842700	3.876500
82	4.643940	3.877960	2.740700	3.806530	2.887300	2.493800	0.000000	4.775950	4.709570	3.801170	2.709600	3.142250	6.460060	4.211220	5.761140	3.844400	2.739300	2.648300	2.438500	3.300560
83	0.802400	0.269900	0.492800	1.334300	0.897300	-0.937200	0.288300	0.055600	0.000000	0.570800	0.478100	0.171000	0.687700	0.250000	0.917100	0.161200	0.812800	0.724900	0.556200	0.458600
84	0.853300	0.808500	0.450200	0.587100	0.351300	0.439300	0.431200	1.183700	0.829200	0.607400	-0.087600	0.000000	0.957300	0.043100	0.880400	0.464900	0.218800	0.430500	0.269500	0.939700
85	1.052400	0.000000	1.005000	-0.861100	0.416000	2.901500	4.036300	-0.715300	0.304300	-0.568500	-0.166400	1.934900	2.087100	1.587100	2.918400	1.413800	1.740700	1.777900	1.468100	1.777200
86	1.438900	1.128900	0.710800	0.808700	0.617600	4.137190	0.216600	0.666200	0.536700	0.957400	0.244300	0.236600	0.674500	0.701400	0.903500	0.991200	1.197700	-0.729200	0.000000	1.346000
87	1.700800	1.585700	1.579200	2.226900	1.908900	0.794400	1.449100	0.903600	0.000000	1.498600	0.662100	1.316200	1.658700	1.740600	2.179400	0.147100	2.126500	1.022100	0.858800	1.284400
88	-0.296300	-0.336900	-0.882200	1.193600	3.100800	4.806820	-0.483000	1.747500	0.411400	0.198400	-0.435900	-0.218200	-0.669200	0.135900	-0.256800	0.000000	-0.711200	-0.385400	-0.467300	-0.005800
89	3.108400	4.302900	9.930590	6.641990	6.979160	3.202300	15.333901	5.747700	3.829700	0.000000	6.781630	10.922450	13.929010	8.599200	7.713320	7.489900	27.012100	18.015350	15.607067	38.355300
90	5.877060	4.245180	2.629900	2.073000	2.371500	4.680240	4.769690	4.606200	5.501640	4.160090	1.524600	4.033660	4.275280	3.951750	5.563710	4.056910	3.154670	0.000000	0.060000	2.515400
91	3.791400	2.529900	3.875200	3.145300	3.744500	0.000000	3.144100	3.587200	3.782900	3.181200	2.061400	2.943700	3.100500	3.638400	2.860000	3.861900	4.650100	5.857570	5.685000	5.472100
92	5.621860	4.552800	2.636100	3.486300	3.018700	6.498910	4.451800	4.248200	4.611300	4.420700	2.462500	3.967400	5.938550	5.352380	6.271090	4.643700	3.952800	0.000000	1.760800	3.811900
93	0.877900	0.822700	0.186200	0.552000	0.333400	1.915000	0.705500	0.542900	0.677300	0.691500	-0.074900	0.325900	-0.178100	0.741100	0.000000	0.501400	0.425400	0.074400	-0.184900	0.837200
94	5.566250	3.060300	1.216600	0.000000	0.211500	3.787600	10.262250	2.807300	3.632700	2.195400	1.001400	5.649880	4.165100	1.692400	6.208790	3.014300	16.262890	12.391660	8.611110	8.295460
95	2.177500	1.862800	1.950700	1.731400	1.603200	0.000000	1.558400	1.735300	2.031900	1.868800	1.577100	1.649600	1.486000	1.867200	2.080100	2.254700	1.621000	2.007000	1.901900	2.331700
96	1.297300	3.199610	2.859200	5.880690	5.627320	6.495420	2.747400	4.391980	2.871100	3.051430	2.528100	2.448000	1.576500	2.694100	0.000000	1.760500	2.630500	2.792800	2.712000	2.615000
97	3.232700	2.631600	0.851000	2.451600	1.117300	1.621400	1.869000	2.850200	3.020700	2.840600	0.629900	1.597300	2.032100	2.434600	2.367700	3.102400	1.005300	0.000000	0.282200	2.365800
98	0.486300	0.000000	-0.636900	0.197100	-0.421200	-1.125800	0.253600	0.151800	0.233800	0.431300	-0.774800	-0.000100	-1.097600	-0.262900	-0.428600	0.321700	-0.269900	0.272700	-0.177300	0.376700
99	0.625800	0.197500	-0.400300	0.739600	0.362000	0.301000	0.188700	-0.392600	0.000000	0.825700	-0.527500	-0.285700	0.344400	-0.374900	0.980500	-0.359400	0.354500	-0.208700	-0.283400	0.667700
100	6.411070	4.457300	0.000000	3.559300	1.947800	4.985580	7.419770	5.858720	4.932950	4.269400	0.320700	4.994850	5.595920	3.811100	6.240260	4.953140	8.578560	7.457680	1.919500	5.039030
101	3.738100	2.352300	0.444100	2.474100	2.136000	5.637010	0.000000	1.833900	2.905400	2.687900	0.407800	1.695500	4.008100	1.809000	4.904850	3.477700	5.274890	6.989930	4.923500	5.518790
102	0.550900	-0.122200	-0.933700	0.686000	-0.126100	3.660000	-1.324600	1.399000	0.000000	0.396000	-0.300700	-0.956100	-0.003900	0.122900	0.290600	-1.493100	-0.731700	1.717300	-1.207600	-0.022300
103	3.840660	3.042100	0.000000	1.766000	0.555100	6.264730	2.052200	2.466800	3.277280	2.516000	-0.091600	2.412400	2.975800	2.720900	3.373030	3.067000	2.897900	2.753300	2.573800	3.395440
104	3.980500	2.147500	-0.848900	0.000000	-0.268300	5.482580	0.349000	1.706100	2.958700	2.219600	-0.457300	0.409600	3.761000	1.429200	4.251900	1.795100	8.037820	7.057810	2.592000	3.918600
105	1.381800	0.000000	8.408790	4.391120	4.781820	6.813420	11.016420	2.248300	0.974400	3.242100	4.431470	7.710040	4.688320	5.693250	9.110370	8.920400	32.260500	31.409100	27.710700	58.297400
106	0.691600	-0.199400	-0.360900	1.069300	0.805200	6.676300	0.117300	0.580300	0.000000	0.774600	-0.573500	-0.141800	0.017400	0.186100	1.356300	0.670300	0.479500	0.238400	0.052000	0.854200
107	1.145900	-0.389600	0.624400	0.493300	0.078900	2.577600	0.697300	-0.101300	0.000000	-0.110600	-2.190200	2.173900	3.567100	1.450900	2.760100	2.484300	1.115100	-0.571300	-0.696500	27.294600
108	0.000000	5.894040	8.724250	12.127500	13.665934	16.091460	9.644820	10.944740	7.392300	7.300020	7.624050	8.246880	12.394370	9.101760	13.928078	9.488450	14.367287	13.124470	14.605595	15.438000
109	2.863500	2.187900	1.536600	2.227800	3.306100	6.094410	2.429100	0.000000	0.703100	1.757400	1.901100	1.512800	3.666380	2.519500	2.986900	1.353900	4.954060	6.298630	6.006310	5.536340
110	4.108340	3.702800	0.000000	3.303000	2.653000	9.322470	6.073670	3.967210	4.518560	3.047600	0.251000	3.806820	4.189660	2.645900	2.971900	2.702100	9.360210	10.474230	2.829900	5.088470
111	1.636400	0.440400	-0.177300	0.974800	0.762400	3.520070	0.738400	0.087100	0.651200	0.824300	-0.009200	0.406400	0.000000	0.634800	0.168700	0.799100	1.006300	0.475700	0.193400	0.566600
112	4.344900	3.087200	1.083100	1.466900	0.791000	5.633280	4.098200	1.806700	2.947500	1.763100	0.884200	3.664700	1.968900	2.566800	3.889400	2.792400	2.232500	1.637300	0.000000	1.972400
113	2.358000	1.514300	0.651700	0.499800	0.000000	4.066210	0.579200	1.320900	1.666100	1.099900	0.535400	0.610700	1.138700	0.762800	1.232200	0.692900	1.635200	1.034200	0.966100	0.973100
114	0.149200	-0.091500	-0.501200	-0.098500	-0.182300	-1.496500	0.037800	0.000000	-0.018200	-0.085200	-0.658300	-0.026300	-1.073900	0.236700	-0.561800	0.057100	-0.173200	-0.609400	-0.466900	-0.089500
115	3.643600	2.495300	1.096000	3.723500	1.769500	6.446200	2.403700	4.441000	3.587400	2.550300	1.253900	2.125100	0.000000	2.004600	3.276500	3.287600	3.163500	3.394700	5.480760	2.997300
116	0.000000	0.219600	0.298200	1.106500	1.112500	-0.821100	0.344400	0.924900	0.370600	0.315400	0.220700	0.063100	0.594800	0.443200	-0.134600	0.338800	0.149000	0.180500	0.040200	0.318000
117	3.842860	2.886000	0.934900	1.683700	1.268800	4.448180	5.298240	3.056200	4.110780	3.285800	1.460000	4.758520	5.861180	4.926450	4.505330	4.832430	1.208900	1.666000	0.000000	3.840730
118	0.538300	0.416000	0.212400	0.143900	0.020100	1.311100	-0.012000	0.000000	0.319600	0.229600	0.272200	-0.050500	0.143100	0.154400	0.175800	0.196200	-0.068400	0.118700	-0.099400	0.668000
119	8.721260	6.261880	3.724100	5.550990	5.215870	6.990580	6.030560	7.051380	7.229950	5.295530	2.625900	6.593180	7.060170	6.408310	7.458640	6.734350	0.000000	1.191400	1.598800	5.263810
120	0.402500	0.196800	-0.012400	0.200800	0.104900	-1.209200	-0.040800	0.000000	0.266100	0.178900	-0.060800	-0.030500	-0.336900	-0.103000	-0.417500	0.156300	-0.211700	0.062900	-0.372500	0.311600
121	0.000000	3.140900	2.361100	6.940160	6.132010	7.484490	2.673400	5.043600	3.457700	4.041980	2.282600	2.779040	3.103550	2.814970	3.431690	3.000980	2.883780	2.881210	2.323100	2.913620
122	4.311450	2.802700	4.876470	0.000000	1.441800	5.286540	20.564270	2.549900	3.062700	1.127700	6.562230	11.514940	10.791540	9.771410	5.563840	2.949700	37.548600	27.919700	22.829910	25.271700
123	0.229000	-0.190000	-0.173300	0.497600	0.160600	7.109230	-1.112100	0.000000	-0.178000	0.170400	-0.188600	-0.363100	0.191000	-0.137600	0.325600	0.094500	0.276200	0.188500	0.083800	0.711500
124	1.205800	1.137400	-0.145000	0.637700	0.776200	0.419700	0.874000	0.983300	1.370500	0.835700	0.122900	-0.461800	-0.031500	0.000000	0.550500	1.535300	1.362200	3.509530	2.071000	1.072200
125	-1.396800	0.258200	0.164700	1.654500	1.664900	5.250230	0.310200	1.495000	0.416200	0.248400	0.125400	0.089100	0.057700	0.103400	-0.072600	0.000000	-0.011100	-0.032000	-0.310900	0.046600
126	0.000000	1.379100	0.920500	2.686000	3.178460	9.526150	1.130000	3.188130	2.287100	1.584300	0.232700	0.913000	0.890600	1.455100	2.378000	2.449500	3.598040	2.141500	1.955500	2.960600
127	0.000000	0.649200	0.307600	0.684600	1.003500	0.921100	-0.224100	1.294200	0.352600	-0.119400	-0.144600	0.061900	0.696300	0.379400	0.463000	0.476400	0.713900	0.637700	-0.886100	0.954100
128	1.175000	0.230000	-1.129500	-0.584200	-1.010500	2.872000	-0.408700	-1.022800	0.000000	0.040000	-1.199000	-0.521100	0.272000	0.060800	0.272700	0.761900	9.933090	2.555900	10.776260	8.940220
129	0.036300	0.015700	-0.559100	0.419700	0.404200	-0.659000	0.033000	0.334000	-0.167900	0.193100	-0.339700	-0.003100	-0.257400	-0.058800	-0.141300	0.000000	-0.135500	-0.288900	-0.343700	0.328800
130	0.805900	0.000000	5.724600	0.348700	3.027700	1.623400	6.388230	2.273200	0.571600	0.762800	3.380000	3.819600	4.723180	4.791130	6.472550	5.678790	10.242430	18.975370	17.784490	22.404510
131	4.485490	4.552150	11.720860	8.184620	10.650550	7.744060	14.635470	12.800856	6.402590	0.000000	12.075508	18.069780	11.038610	11.485130	10.598850	12.223820	53.973800	30.245400	33.621000	28.853500
132	0.247800	-0.104600	0.014800	0.535900	0.435700	-1.053400	-0.383800	0.373600	0.480900	0.437500	-0.121500	0.000000	0.061500	0.511900	0.725300	0.295200	0.833100	0.625000	0.588600	1.075200
133	3.613600	1.970300	1.440300	1.456000	1.297900	7.344400	0.000000	2.240600	2.069000	1.866900	1.234500	1.041500	1.782100	1.687100	1.682100	1.556700	1.462400	-0.438500	0.867400	1.846700
134	0.000000	2.997550	4.080530	5.972550	5.482810	6.327950	3.654920	5.446350	3.195030	4.132950	3.880030	2.804600	3.941630	4.074150	4.016160	3.187030	3.856410	3.888950	3.619510	4.190810
135	0.471600	0.266600	0.358000	0.436800	0.480500	0.000000	0.407900	0.397500	0.486700	0.493500	0.376000	0.358900	0.194000	0.332800	0.334600	0.491600	0.508000	0.455700	0.456800	0.570600
136	0.000000	0.431400	0.298000	0.802000	0.706400	0.034400	0.410400	0.945700	0.299600	0.876700	0.502300	0.308700	0.287500	0.404500	-0.516800	0.500500	0.303900	0.096900	-0.007500	0.611300
137	0.014800	-0.653100	-0.465700	0.017600	0.453000	-1.390300	-0.217100	0.160000	0.000000	-0.053900	-0.544300	-0.465300	-0.667000	-0.088500	-0.297400	0.091100	-0.396800	-0.387700	-0.433400	-0.029700
138	0.000000	2.167800	5.936260	8.132310	8.497400	14.622633	4.496010	6.835920	3.304500	2.988400	3.821600	4.091100	2.558900	4.339100	3.155300	3.833600	7.280580	5.853740	6.796080	19.729510
139	4.742090	4.726690	2.717500	4.895350	4.383230	5.368620	6.355880	5.203890	4.415780	3.900560	1.825500	4.992070	5.884160	4.976660	4.251950	2.966800	5.620990	2.138400	0.000000	4.002770
140	5.901180	4.135500	2.173200	4.766260	4.078800	2.108400	4.296900	4.882550	5.668560	4.425500	1.419700	3.491000	2.672500	3.617800	5.928640	4.014900	1.250500	0.058700	0.000000	2.492900
141	1.132600	0.091900	-0.381200	2.451900	1.246600	5.698590	1.237500	1.754400	0.000000	0.864400	-0.160500	0.376200	0.793100	1.795500	1.348100	1.483600	1.557600	0.675700	0.527100	1.737000
142	2.476500	1.489100	-0.346400	1.193200	0.148000	3.425200	0.000000	0.797800	1.341700	0.664400	-0.256600	-1.230900	2.853300	0.996000	2.880800	0.668300	5.523380	0.662800	-1.158400	0.199800
143	5.096990	4.318490	0.000000	3.056200	2.261600	5.997750	5.830240	4.529310	4.966450	3.605800	0.144800	2.782000	5.032950	2.508100	5.702670	3.328900	10.157670	4.397920	0.515800	3.011900
144	2.135100	0.775200	-0.728600	-0.187700	-0.711100	3.837600	1.919500	-0.430700	1.724400	0.475900	-0.963200	0.422800	0.388300	0.051400	-1.314900	0.000000	5.187200	3.298300	0.835200	3.188100
145	4.916380	3.776230	1.768400	5.724090	6.561850	2.921700	3.945210	5.126510	4.915840	3.528100	1.538700	3.401700	4.356310	3.749050	4.382030	4.205490	0.000000	4.346990	2.589500	2.478800
146	5.139790	3.631300	0.000000	2.405000	2.527700	4.251630	9.253670	2.572300	5.024830	3.031000	0.516800	4.461280	5.655530	5.112130	6.045260	4.261900	17.535970	13.020390	6.274330	5.364120
147	0.745100	0.201700	-1.904400	-0.868200	-1.314400	2.291000	-0.881900	0.000000	-0.128500	-0.587300	-1.937700	-1.355400	0.639200	0.119300	1.936900	0.612500	5.478290	6.356420	5.657890	3.255240
148	2.086400	1.005300	0.380500	2.503800	2.180800	4.151270	-0.720600	1.595400	1.431300	1.426000	0.816000	0.000000	3.853740	2.597400	4.574670	2.522800	3.629100	3.100450	2.915700	1.361000
149	0.548200	-0.051600	-0.667400	0.742200	0.338300	5.628910	-0.767100	0.495500	0.000000	-0.053100	-0.394600	-0.683100	-0.122900	-0.189700	-0.119100	-0.525100	-0.229000	-0.526100	-0.671000	-0.478200
150	0.000000	3.959980	4.223610	4.521550	4.498050	5.447010	3.925140	4.135170	2.851230	4.039120	4.020620	2.647900	3.860210	4.063390	3.459370	4.044920	4.006230	4.060020	3.803650	4.122670
151	-0.171400	-0.027300	-0.228900	0.089100	-0.038200	0.280600	-0.328600	0.021500	0.000000	0.015800	0.067500	-0.156200	0.036000	-0.088700	-0.163700	-0.332700	-0.058400	-0.040000	-0.032200	0.007300
152	0.676600	0.308500	-0.116700	-0.197000	-0.516200	2.790990	-0.380000	0.000000	0.259000	0.071400	-0.828600	-0.720800	-0.225300	-0.531000	-0.214500	0.078100	-0.406700	-0.581700	-1.027400	0.066700
153	4.737070	2.837200	0.423200	2.304300	2.613800	7.832360	5.537020	1.918700	3.835950	2.576700	0.441200	2.718200	4.535660	2.295400	4.468460	2.632000	4.798220	0.000000	-1.193800	1.311200
154	2.185200	2.108200	2.220400	2.528100	2.216100	0.000000	2.113900	2.556400	2.169500	2.183300	2.163300	2.215900	2.274900	2.606000	1.813000	2.330500	2.191700	2.017800	1.916600	2.664780
155	0.868400	0.552300	-0.694800	0.000000	-0.547000	-0.608400	0.220300	0.120100	0.782000	0.258500	-0.326700	0.025600	-0.558000	-0.161400	0.250100	0.515500	-0.062300	0.145200	0.098000	0.569600
156	3.869830	2.552500	0.000000	0.974100	0.103200	4.639270	5.855430	2.741000	3.858920	2.422100	0.534100	3.777390	2.807700	2.566500	3.053300	2.989400	21.860520	13.927884	6.476820	27.251600
157	2.674420	0.889200	0.530300	1.984800	0.834300	2.505800	0.657300	1.250400	0.696600	0.744200	-0.108200	0.655100	0.545100	0.636400	-0.697000	0.000000	0.760700	-0.438500	-0.377800	0.393000
158	2.975000	2.064900	1.450400	0.000000	-0.024600	4.542910	2.762900	1.411100	2.702200	1.276700	0.931500	2.192000	2.507600	2.440300	2.839600	3.031100	3.213400	0.965200	0.357900	3.424200
159	1.463700	0.879600	-0.353100	-0.063700	-0.151200	1.754400	-0.148600	0.000000	0.040200	0.617600	-0.713400	-0.597300	0.364600	-0.118200	1.418200	0.889500	-0.412900	-0.246600	-0.317000	0.679700
160	3.508800	1.903700	0.107000	0.558100	0.149600	2.321700	0.953000	0.841100	1.748800	1.669600	0.000000	1.763500	2.797500	1.512800	4.754300	1.028600	7.365290	8.976720	4.256800	6.207970
161	2.493900	1.762800	0.696600	1.504800	1.163100	0.000000	1.251800	1.976200	2.211800	1.874000	0.716400	1.238200	1.297200	1.587800	2.117200	2.254400	1.110400	1.000100	0.536800	1.951500
162	3.749000	2.786100	3.835200	3.757800	5.745860	4.663640	18.248530	4.635790	5.889660	2.780500	6.563140	11.696930	9.545810	6.704630	3.754000	0.000000	24.753500	20.745310	13.330690	32.581900
163	0.038700	0.082000	-0.433500	0.200000	-0.009600	-0.226800	-0.596400	0.080100	0.118700	0.330500	-0.293700	-0.449200	-0.199700	-0.225400	0.074200	0.000000	-0.748100	-0.805300	-0.812900	-0.166800
164	0.377100	-0.197700	-0.832100	0.219700	2.586800	0.942900	-0.336200	-1.057700	-0.953900	0.371200	-0.677100	-0.571600	-0.434900	-0.590300	0.000000	0.332300	-0.271300	-0.619300	-0.740200	0.169800
165	0.115000	0.473600	0.120800	0.360700	0.089800	-0.318700	-0.066200	0.343700	0.388500	0.295500	0.044700	0.039900	0.145600	-0.019500	0.103900	0.000000	0.020600	-0.096100	-0.158800	0.149200
166	2.102800	2.071300	0.643600	1.431900	0.942400	3.190200	0.467300	0.611400	1.066800	1.213400	1.536200	1.572500	2.420500	1.820800	2.934580	1.015300	2.222100	-0.438500	0.000000	2.442000
167	0.994000	-0.596500	-2.000400	-0.679800	-0.409500	-1.897500	-1.145100	-0.006200	0.201800	-0.356200	-1.865200	-1.434000	-1.180800	-0.916100	0.000000	-0.088100	-1.307200	-1.558300	-1.755300	-0.686300
168	4.732400	3.044300	0.035900	2.283500	3.907200	5.348710	-0.530200	4.121600	3.521700	1.823000	0.647600	0.000000	5.616460	1.914300	5.338520	3.639300	3.758900	9.459910	5.548220	3.005300
169	6.128980	4.719630	0.000000	2.512400	3.112100	6.098400	5.216850	4.000430	5.910300	3.762900	-0.033800	4.535320	5.063680	4.288640	5.790720	4.378690	9.690510	13.507716	4.445320	5.927940
170	7.254550	5.758580	2.623400	2.987000	2.075500	6.928690	6.266030	5.215300	6.883940	5.165790	3.249300	6.096570	6.903000	6.103400	7.188990	5.327660	7.185890	0.000000	1.648800	4.696210
171	5.948250	4.338450	-0.026300	1.323200	0.000000	3.492700	10.664220	3.687000	5.290990	3.392200	1.519600	6.240770	5.369450	4.456820	5.746610	4.108600	21.941600	13.425863	9.751300	9.161790
172	6.931580	6.297970	3.146730	5.001340	3.866730	8.251100	7.153430	6.108980	6.122290	5.262730	2.364000	6.350460	7.229570	5.833480	7.555990	6.210240	0.000000	2.497300	2.477000	4.873630
173	0.000000	1.114900	5.901170	8.124460	8.599580	7.005550	12.208400	8.359880	3.720600	3.798100	5.032520	9.444800	9.478290	7.929660	11.053250	8.032410	21.692260	17.731070	16.154790	58.431900
174	5.040150	3.182200	1.701800	0.000000	1.239300	6.061000	14.440560	2.267700	4.428870	2.868000	2.204700	8.484840	6.231850	4.435350	5.756170	4.407190	34.453900	17.015570	10.737680	17.040530
175	3.975200	2.349000	0.007700	0.739400	3.876100	6.285490	5.937390	1.528700	3.378000	1.650100	-0.058900	2.723400	2.540000	1.729300	2.228100	2.026400	11.244730	3.459200	1.601200	0.000000
176	2.953700	2.211400	0.797400	2.572700	2.903500	5.514240	1.534200	2.700600	2.584700	1.853100	0.285100	1.229800	2.118500	2.431400	0.925500	1.686300	2.094700	0.014000	0.067300	0.000000
177	4.415700	2.848800	4.081000	1.933900	3.736200	0.000000	15.795840	2.976700	3.845100	3.326900	6.150700	6.905700	6.457110	9.790780	6.006670	6.045290	10.195100	14.840949	10.872540	7.231640
178	-0.056600	-0.541700	-1.109900	0.020400	0.116100	-1.291200	-1.738700	0.783000	0.000000	-0.486500	-1.523200	-1.637400	-0.059400	-0.591600	0.856800	0.539100	0.422400	0.582900	0.282500	1.257300
179	0.937700	0.869400	1.203200	0.887000	0.793400	3.709910	0.346700	0.000000	0.114900	0.771500	0.755200	0.520600	-0.480500	0.878000	0.064500	0.397500	1.069100	0.832800	0.529800	1.043400
180	0.365800	-0.352800	-1.493900	-0.400800	-1.298100	-2.139900	-0.589000	-0.192300	0.181800	0.057000	-1.850200	-0.911100	-1.322100	-0.719900	-0.536600	0.000000	-1.114900	-1.150300	-1.273500	-0.425800
181	0.894700	0.347100	0.352300	0.655000	0.397200	-1.005000	0.457300	0.271200	0.291500	1.007600	0.072100	0.355800	-1.009800	0.000000	-0.176600	0.797900	0.310600	0.578800	0.506000	0.895800
182	2.706700	1.774300	0.817100	1.545300	1.160200	1.385000	0.996400	1.749200	2.181900	2.441600	0.698200	1.493100	0.000000	1.407500	0.847400	2.090000	0.973400	0.743900	0.460800	2.114700
183	3.698700	2.346500	1.938300	3.913100	4.257000	8.953650	7.936840	3.248300	3.525600	2.777900	0.806900	2.289800	3.375800	0.000000	4.551140	3.346100	7.969770	6.845260	4.417030	2.777500
184	1.022400	0.678700	-0.662600	-0.058400	-0.297900	5.029080	-0.853900	0.000000	0.253800	0.487800	-0.203400	-0.879800	0.041800	-0.327000	1.578000	0.482000	1.262000	0.738300	0.721900	0.359400
185	0.960800	-0.052000	-0.150600	1.048100	0.415300	4.360090	-0.252700	0.313500	0.000000	0.918300	-0.495800	-0.374000	0.257100	0.271100	0.841500	0.116500	-0.102600	-0.010200	-0.068800	0.348600
186	3.440940	2.211800	0.000000	4.066510	3.421140	5.927650	0.747700	2.979190	3.337990	2.169500	0.283700	0.786600	2.576900	1.509000	3.626520	2.317800	1.549300	0.593500	0.291000	1.209000
187	6.256350	5.895810	5.073490	6.220280	5.827860	11.964360	8.229360	6.374630	6.084460	5.803840	3.827600	5.656370	6.702510	7.170140	6.121710	5.267570	11.060510	0.000000	1.629100	5.332340
188	-0.007900	0.706900	0.531200	0.000000	-0.140200	3.454580	-0.122100	1.750700	1.175200	0.730400	0.311700	0.268000	1.421300	0.934800	1.433300	0.306300	1.053500	0.837600	0.736000	0.434200
189	0.427500	-0.237500	-0.424800	-0.444800	-0.045100	1.853900	0.130500	-0.715200	-0.443800	0.010100	-0.859700	-0.116200	-0.529700	0.000000	0.080900	0.115200	-0.377200	-0.186700	-0.255200	-0.162600
190	0.440300	0.000000	-0.241900	0.317700	0.122400	-0.883700	-0.257600	0.344100	0.329300	0.528500	-0.289400	-0.464300	-0.679300	-0.428400	0.032700	0.377100	-0.192300	0.184800	0.167700	0.713200
191	0.597500	0.198100	-1.177600	-0.365200	-1.094100	1.891800	-0.459800	-0.390000	0.000000	-0.315200	-1.436200	-0.423400	-0.251800	-0.718800	0.056300	0.143700	-1.010800	-0.745700	-0.633300	0.065700
192	0.000000	7.007180	23.731870	19.791630	23.671640	7.308230	32.934400	19.559030	10.022640	12.485990	17.150470	24.715500	27.399200	22.298530	21.662180	21.675440	63.033600	47.403500	40.172400	61.433300
193	4.327900	3.696980	2.382800	3.642780	3.244840	5.630940	0.000000	2.826880	2.966410	3.706330	2.299300	2.421400	3.359400	2.761780	5.558140	4.521740	6.318260	5.670540	5.534900	5.984110
194	5.737740	3.673900	0.626000	0.000000	-0.023700	6.332730	10.311610	2.216800	4.533310	2.751600	1.878200	7.013600	6.129340	4.873200	4.875330	4.004550	24.481300	10.993820	9.724020	14.683570
195	4.148120	2.782500	1.177600	2.172000	3.204340	7.164890	1.128400	0.000000	1.528500	2.320600	1.150100	1.422900	1.642700	1.820100	1.627300	2.025700	4.247670	6.926320	3.073500	3.536550
196	5.280270	3.460000	-1.247300	0.000000	0.004000	4.839270	7.560740	2.408700	4.313310	2.631400	-1.118600	3.536300	3.842140	3.041700	5.145110	3.465200	6.532320	8.328470	6.713490	3.865670
197	-0.023600	-0.955600	-2.684100	0.437900	0.642600	1.061400	-3.173800	-0.831400	0.000000	-1.201500	-3.400800	-2.366800	-1.213700	-1.872200	0.606300	-1.343800	2.056900	2.381500	0.604000	-0.037400
198	0.718100	1.065700	0.552100	-0.772900	-0.847800	1.045400	0.077600	0.000000	0.761500	-0.305900	-0.466200	0.013000	2.925900	0.049100	2.142800	-0.449900	6.323700	8.418950	6.341030	17.342340
199	1.586200	0.916800	0.492700	1.706200	1.122400	1.622700	0.000000	0.845500	0.422400	1.563800	0.709700	0.029800	1.325200	0.987100	1.786900	1.507500	1.096200	0.390500	0.195000	1.226000
200	1.039800	1.309500	0.789200	1.107200	0.928300	3.541120	0.000000	1.083800	1.034800	1.017000	0.969400	0.200200	1.186900	0.411200	1.044300	0.822200	0.589100	0.492500	0.387100	0.491300
201	0.499300	0.090400	-0.338300	0.367600	0.279900	3.986310	-0.793100	-0.386100	0.000000	-0.206000	-0.451300	-0.512400	-0.215400	-0.284100	0.060100	0.125600	-0.197400	-0.186600	-0.211600	0.064200
202	0.241100	0.068300	-0.341600	-0.091700	-0.466600	2.135900	-0.783500	0.459300	0.334800	-0.247400	-0.217300	-0.419900	-0.508300	0.000000	0.396800	0.461400	-0.022800	0.036800	-0.004800	0.254200
203	1.702000	0.600300	-1.100800	-0.216000	-0.976200	3.890940	-0.253900	-0.151800	0.817400	0.207400	-0.930700	-0.603000	0.011900	0.000000	0.368800	0.459600	-0.068900	0.012400	-0.911500	0.200900
204	2.062900	1.311400	1.512900	0.831300	0.443000	2.108700	0.759600	0.000000	1.032400	0.769600	0.117400	0.415600	0.506200	0.570900	1.030100	1.599800	1.186200	1.268800	1.267100	1.784900
205	3.963180	2.347300	0.848100	0.360800	0.000000	4.511430	0.954100	2.086000	2.729600	0.920300	0.882100	1.617700	2.214300	2.395800	1.999100	2.188600	7.279700	8.738090	8.187620	3.886730
206	1.936200	1.407600	-0.217900	0.836900	0.000000	0.532500	0.801500	1.030400	1.454500	1.235100	0.068200	0.302100	0.753600	0.705100	0.989800	0.622400	0.293400	0.169500	0.118700	0.941900
207	3.791540	2.421500	5.207430	4.558670	5.975770	0.000000	8.976390	3.291690	3.605610	2.923000	1.093900	5.905540	3.757020	4.657240	3.836240	3.099400	21.110250	14.283290	11.155360	7.327590
208	0.804700	0.543400	0.270700	0.455400	0.052500	4.662800	-0.114100	0.434800	0.748300	0.661200	0.077400	0.368500	0.132100	-0.112900	0.154100	0.000000	0.072400	0.240400	0.072400	0.703700
209	2.206700	1.379000	-0.140100	0.585200	0.000000	0.348300	0.914700	1.224500	1.919000	1.378800	-0.238400	0.405300	1.336100	1.136000	1.555000	1.828100	1.692200	1.715600	1.480100	2.061900
210	0.000000	2.695600	2.420000	3.238550	2.966700	8.479660	2.199000	2.883750	3.014110	2.801900	2.081900	2.151800	2.328200	2.224300	1.999600	2.832890	2.861620	2.857640	2.849290	3.068130
211	0.197800	-0.306100	-0.951900	-0.175000	-0.561800	-0.612400	-0.489400	-0.190400	0.000000	-0.310200	-1.048600	-0.750000	-0.618500	-0.813100	-0.367100	-0.184100	-0.574500	-1.266900	-1.443200	-0.318700
212	2.154900	1.720300	1.027600	2.089600	2.121200	2.729800	0.000000	4.266860	2.095700	1.854300	0.795300	1.006300	1.259600	1.610400	1.527000	1.666200	-0.036400	0.240200	0.397900	1.724700
213	2.095100	1.499400	1.299500	1.591600	1.590700	0.000000	1.780000	1.733300	1.698600	1.836900	1.391000	1.582400	0.797100	1.760100	1.369300	2.027200	1.538800	1.580600	1.508700	1.950900
214	0.857500	0.485600	-0.052100	0.412700	0.130300	-0.591900	0.265900	0.356400	0.568800	0.585100	0.399300	-0.236400	-0.003100	-0.178400	0.153400	0.364200	0.000000	0.393700	0.337200	0.863500
215	1.826400	0.994000	0.026700	0.000000	-0.224600	7.043050	0.965900	0.588100	1.377000	0.844900	0.248500	0.643800	0.088600	0.767700	0.117000	1.060400	0.862200	0.688200	0.411800	1.098500
216	0.982200	0.920400	0.453800	1.832300	2.465200	3.699700	0.000000	1.869600	1.372700	0.900400	0.346100	0.309200	0.797600	0.885000	1.277500	0.560800	2.476900	0.318500	0.169100	0.915400
217	0.000000	2.467500	2.633600	4.916110	4.664690	5.739550	2.586700	3.466900	2.615500	2.705900	2.399900	2.673000	2.002200	2.739800	2.579200	2.305300	3.736400	3.870100	3.794300	2.425800
218	2.250700	1.234500	0.000000	0.618400	0.606600	5.273090	-0.144700	0.807300	1.219600	0.856100	0.300200	0.668800	1.061400	0.749400	0.651800	2.039300	-0.417500	-0.197100	-0.322100	0.615600
219	-0.206600	-0.856600	0.402500	-0.731100	-0.456600	-2.039400	-0.418200	-0.358900	0.000000	-0.228800	-1.110700	-0.430100	-0.097900	-0.505800	1.564100	1.116000	3.708790	5.420930	0.115200	1.409500
220	-0.142100	-0.859400	0.770400	2.935910	4.805080	-1.661300	3.866970	2.769400	0.000000	0.501500	0.325100	0.632900	-0.323400	1.087400	3.502870	4.491810	6.651590	4.938790	4.626070	47.861000
221	2.874100	2.153900	1.782200	1.805500	1.805400	5.082300	0.000000	2.533800	2.641800	2.133500	1.268400	2.056500	2.775400	2.205700	4.001580	2.499100	2.743500	1.026400	0.737700	4.320290
222	5.701110	4.083870	0.533600	1.283800	0.000000	6.723570	6.974370	2.601700	4.424720	3.636750	0.329500	5.739300	4.089190	3.543350	5.688090	4.272100	20.809790	9.167630	7.803750	7.872020
223	1.430600	0.308600	-1.349200	0.477900	1.634500	5.517720	-0.226300	0.246900	0.000000	0.108800	-1.120800	-0.614300	-0.624100	-0.629700	0.034900	-0.067200	-1.174100	-2.355200	-2.540600	-0.174500
224	5.685220	4.297600	0.267100	1.444100	0.000000	5.257650	7.087800	3.729400	5.119200	3.536700	0.104500	3.818400	4.847000	3.555500	5.649940	4.156800	3.692500	-0.414300	-0.104100	3.364900
225	4.220830	2.988400	1.183800	1.845700	1.634300	5.940430	2.568900	3.103300	3.153900	3.103800	0.463000	2.266700	3.782900	3.380200	2.884600	3.447370	1.149900	0.000000	-0.777800	2.207500
226	4.839470	3.393100	0.830700	3.131800	2.126100	4.239870	1.711000	4.628940	3.998920	3.218100	1.207700	2.226300	3.520080	3.365300	4.726110	4.005390	0.000000	0.986100	0.585800	3.015300
227	3.038100	1.861100	-0.291100	0.992800	0.741100	7.846780	0.909600	0.000000	1.363200	1.008100	-0.755900	0.032600	1.308400	1.306100	1.751300	1.518300	2.670600	4.713560	0.432400	2.506000
228	2.049400	1.730800	-0.258100	0.707100	0.000000	0.776000	0.754000	1.327000	2.395100	1.162800	-0.560400	0.639500	1.185800	1.410000	2.511700	1.322700	1.841300	2.022700	2.093700	1.931200
229	5.516230	3.508200	2.815000	0.000000	1.118100	5.370280	11.837240	2.814100	4.779530	2.595600	2.288500	6.343390	8.995030	7.524600	5.288630	4.204500	30.281300	25.598700	20.244460	32.414500
230	1.402600	0.838900	0.789900	1.144800	0.762800	-1.439200	-1.009000	1.723100	0.157600	0.714600	0.307400	0.000000	1.271300	0.581200	2.184000	0.344200	0.930000	0.699800	0.602500	0.502500
231	2.488000	2.141500	2.392400	3.438580	3.113620	0.000000	2.222000	2.408800	2.974030	2.394200	2.217400	2.406500	2.621300	2.466200	3.060980	2.448700	2.103400	2.381300	2.313400	2.429000
232	0.000000	3.191780	3.673020	4.538050	4.380440	6.886450	2.938770	3.970120	3.585160	3.280380	3.358240	3.145320	3.598470	3.628080	3.365330	3.144630	3.502670	3.490910	3.500490	3.692150
233	2.379300	2.423600	1.894000	4.180720	4.001400	5.265630	4.008880	3.523400	2.506000	2.180500	1.759900	2.423400	2.754900	2.844200	0.000000	0.511700	1.697700	1.545400	1.814500	3.051980
234	1.484500	0.827000	-0.061900	0.000000	-0.386200	3.493790	-0.488400	0.878200	1.044600	0.458600	-0.533700	-0.457100	1.120300	-0.210500	2.931070	1.477800	0.738300	-0.611500	-0.045400	1.194700
235	6.241530	4.587400	0.000000	3.044400	2.421900	6.938080	6.511810	3.950600	5.718040	3.959800	-0.213000	4.612200	4.592100	3.060600	5.784950	3.184800	6.913000	4.844700	1.336800	4.920300
236	2.043100	1.285300	-0.103300	0.000000	-0.654800	4.026840	0.124700	0.670400	1.665000	1.048200	-0.253200	0.019200	0.886800	0.355600	2.060400	1.385300	-0.169800	-0.184000	-0.292300	0.958200
237	6.669220	4.749380	0.219500	1.280000	0.000000	5.018760	5.140510	3.751700	5.779390	3.940500	0.020000	3.978000	5.293030	3.840100	5.801130	4.618380	11.692950	6.608690	4.069580	5.866920
238	4.644030	3.179200	1.865600	1.543500	1.017500	5.968250	1.733800	2.246500	3.244100	2.960100	1.053200	2.207100	2.281900	2.274400	0.970800	0.000000	4.852870	4.535710	3.931050	2.316900
239	2.395700	0.792100	8.799060	1.527200	5.649400	2.362700	20.880010	-1.300600	0.000000	0.256800	7.839160	12.033840	6.538530	7.964940	2.209000	2.701300	30.539500	17.328570	12.783358	34.688400
240	1.220100	0.520300	-0.190700	0.656800	0.811700	-0.366200	0.577000	1.952900	1.777200	0.598600	0.020200	0.291000	0.368600	0.059700	0.414500	0.000000	2.104000	4.047720	2.210400	0.793700
241	0.000000	3.133600	18.451350	10.414550	14.883072	11.831670	27.916300	9.311870	7.082750	7.462730	14.307391	17.097410	18.928920	20.047260	14.231352	13.519266	42.615600	26.467800	26.061600	70.422300
242	0.816900	4.028300	6.658900	5.861040	7.445570	6.095780	13.564740	6.440250	4.030500	3.264900	7.401270	9.636370	9.038400	8.441340	5.144880	0.000000	28.317300	12.976710	10.598890	10.924080
243	5.659190	4.126340	0.000000	3.411900	2.422800	7.237360	6.447560	4.710240	5.123550	3.660400	0.083500	4.028430	5.395960	4.143230	5.635720	4.756880	11.728660	6.727800	1.260100	2.861900
244	5.826350	4.159610	1.889800	0.882100	0.000000	7.122670	11.919520	3.248100	5.509440	3.187000	2.940400	8.531550	5.425850	4.822400	4.636120	4.209270	6.954220	8.689440	6.804250	4.683570
245	1.558800	0.000000	7.182060	3.476500	3.656200	1.544800	14.190502	3.087200	0.046500	1.862500	7.731830	12.098200	8.669610	12.845720	8.964580	3.882800	24.666640	16.211480	10.568600	20.634460
246	3.747600	2.528500	2.156400	2.576100	3.649000	0.000000	4.962920	1.671000	2.681900	2.466000	-0.535500	4.534400	2.781100	2.373400	4.456100	3.699600	13.118740	4.439400	3.750000	44.126300
247	2.069500	1.522700	0.738300	1.979300	1.830900	2.745700	0.000000	1.155000	1.824200	1.697000	1.020400	0.085100	1.528900	1.392200	1.823700	1.707400	1.830700	0.151400	1.151500	2.196000
248	0.000000	7.769930	20.107930	27.853700	27.255900	16.989010	30.520100	22.447930	13.717022	13.867129	17.368800	27.949700	17.434670	19.643280	16.564690	17.674250	50.717700	42.362600	47.645300	76.715300
249	3.900000	2.516400	3.472900	5.836060	4.884850	1.942200	5.720510	4.396740	3.223000	2.383400	0.444600	2.793600	5.673110	5.113290	5.929500	3.779200	3.430300	0.000000	-0.723100	2.973700
250	5.405030	3.905700	0.163700	1.277100	0.245000	4.564100	3.786700	3.500400	5.160300	3.378700	0.134300	-0.490800	4.123000	2.382100	4.710700	4.293100	1.990400	1.184300	0.000000	4.053300
251	2.232100	0.715100	-1.186100	-0.128900	-0.428800	3.345760	0.021000	1.058700	1.950000	0.805000	-0.858000	0.000000	0.990000	0.170300	1.744300	0.401700	2.487200	0.675800	0.467200	-0.005400
252	3.347700	2.549300	0.012900	1.767700	0.694800	4.760180	1.815000	1.831200	3.238900	2.180500	0.000000	1.616700	3.462400	2.660700	3.823600	3.064800	1.955800	1.087700	1.076200	3.074800
253	1.257100	0.909600	0.186400	0.464500	0.538100	3.241400	0.000000	0.837900	0.620300	0.629700	0.071100	0.130600	1.195200	0.287000	0.826800	0.736800	1.009300	-0.807400	0.006000	-0.116900
254	0.331100	0.212700	0.005200	0.021600	0.150100	0.155900	-0.680200	0.000000	0.216500	0.130500	-0.194200	-0.056100	0.266400	-0.567800	0.465700	-0.332600	-0.226700	0.007200	0.042000	-0.624600
255	0.000000	3.331650	3.001050	4.310600	4.102160	4.548570	3.411950	3.671990	3.273750	3.370760	2.739590	3.299040	3.844410	3.300470	2.767830	3.195930	3.923420	3.656240	3.562460	3.518970
256	1.909600	1.357800	0.375000	1.153900	0.328200	1.434300	0.347900	2.219300	1.733300	1.340600	0.176300	0.000000	1.008000	0.915000	1.187100	1.058500	1.000600	0.813900	0.793600	1.465600
257	-0.895800	-1.902800	3.494500	4.221500	7.122460	-2.804200	0.656500	3.016400	0.000000	0.122700	0.632400	1.201600	3.376800	1.178900	4.066400	1.063800	7.255400	3.932600	2.542700	0.957800
258	0.337000	0.379700	1.394700	3.405700	3.216300	6.197220	2.346100	2.591500	0.000000	0.919000	0.434500	2.163600	2.320400	2.928400	3.193300	2.915900	1.519100	1.013700	0.378600	4.942300
259	4.203000	2.917300	1.480000	0.976700	0.000000	6.581440	9.244400	2.689400	3.412800	2.243100	2.308600	7.178700	4.289400	5.409230	5.025790	4.531900	9.990550	6.708820	6.035400	6.910660
260	4.905900	3.641300	0.945700	1.778900	1.072500	10.489360	3.520000	2.626000	3.639200	3.100700	0.000000	2.446800	4.327800	2.995600	5.005600	3.371800	5.434980	8.000640	4.089400	5.666080
261	0.876500	0.554500	-0.004800	0.331300	-0.009700	-0.433000	0.000000	0.497400	0.725700	0.369100	-0.347000	-0.136100	0.534400	0.091900	0.676800	0.447600	-0.257900	0.115400	-0.491400	0.711700
262	2.132900	1.111700	2.847200	4.157150	6.128770	5.549270	14.320716	4.852930	0.000000	3.133500	4.234380	8.192020	7.524230	8.745710	6.725350	5.121330	35.219000	20.815800	28.515100	30.825400
263	0.616800	0.699100	0.069500	0.679800	0.463700	0.230700	0.288200	0.769800	0.813600	0.583600	-0.166900	0.447500	0.437600	0.604500	0.000000	0.667800	0.768700	0.350600	0.110200	0.862900
264	1.793000	0.000000	3.653920	3.568880	3.930660	1.766600	1.617300	2.591200	0.704600	2.510900	1.381300	1.779500	3.294200	2.081300	5.659060	5.390390	18.245420	24.381300	20.832660	48.299900
265	2.147000	1.680800	1.932100	2.584200	2.653400	0.000000	1.779200	2.570300	1.862000	2.168200	1.842100	1.699600	1.683000	2.193200	1.497400	2.077300	2.373100	1.712400	1.606200	2.429700
266	4.499580	3.752920	0.119900	1.427000	0.000000	3.030760	2.755300	2.788400	4.281930	2.742000	0.881700	2.594100	3.168620	3.124110	3.845670	2.672500	4.046580	4.043400	4.054880	2.513000
267	1.151500	0.182500	-0.216900	1.163600	1.277200	4.713720	0.734900	1.182500	0.587800	0.633400	0.037600	0.418100	0.303300	0.660400	0.000000	0.743300	0.954100	0.427000	0.365600	1.496000
268	1.005400	0.782300	0.221700	0.319500	0.054500	0.851900	0.334600	0.000000	0.265000	0.520600	0.370000	0.444300	-0.053600	0.201900	-0.929200	-0.211800	0.573900	-0.219400	-0.396800	0.336300
269	2.788300	3.301210	3.853450	5.470160	5.738320	8.619650	3.370400	5.901040	2.486800	0.000000	3.238970	3.001390	4.399960	3.600400	3.496680	3.353350	3.661460	3.407280	3.361160	3.599160
270	1.702900	1.223700	-0.084200	0.308500	0.000000	2.240600	0.134400	0.415600	1.382800	0.864500	-0.117800	-0.126600	0.798700	0.541400	1.193100	1.111300	-0.011300	-0.114400	-0.331400	0.673100
271	1.555800	0.313400	-0.275700	0.974600	1.071500	7.642340	0.241200	0.323600	0.000000	0.625000	-1.340300	-0.226400	1.052500	0.304500	2.062000	1.324700	-0.636100	-0.915500	0.065000	1.880600
272	1.489200	0.552100	-0.265700	1.058100	0.541500	-0.524100	0.247500	1.310200	1.426400	1.225900	-0.184600	0.077300	0.000000	0.153600	1.174400	1.108000	0.356800	0.410600	0.188800	1.222600
273	5.447780	3.812500	6.018980	4.438360	5.063270	5.852550	19.267380	5.793510	4.779610	0.000000	7.358160	15.359360	11.153540	10.260530	7.733620	7.810650	22.920060	19.750470	16.347020	18.043610
274	5.302390	3.802700	0.444300	0.890400	0.000000	6.190880	5.513630	3.086100	4.441800	3.139900	0.767400	3.012500	3.641400	3.139500	3.684100	3.280000	8.355730	6.274060	3.054500	2.639600
275	3.543400	2.342700	1.148600	2.067500	3.865610	2.901600	11.646060	0.000000	1.549900	2.113400	3.149700	6.667810	7.566580	5.347300	7.117450	4.085420	26.037600	11.648380	9.079470	7.733110
276	4.479850	3.486100	4.150030	3.844790	3.664230	0.000000	3.983420	4.366290	4.414210	3.940790	3.521650	3.652610	3.577320	3.854350	6.150160	5.451030	7.952510	7.553770	6.326980	13.606203
277	1.245700	0.666500	-0.196000	1.240600	0.508200	1.845000	-0.327600	1.170700	0.883200	0.361800	-0.045800	-0.161900	-0.138500	0.059600	-0.204900	0.000000	0.549900	0.193100	0.101700	0.609000
278	0.000000	8.885020	27.770300	23.803240	31.159600	15.728700	33.182800	18.500790	10.417050	14.607740	22.416130	27.062100	28.469600	28.730200	20.293030	21.098840	42.805100	41.503300	40.428600	64.618800
279	1.702200	0.332300	5.386150	2.158900	2.469000	5.112280	3.109500	2.685500	0.000000	-0.063000	0.968300	6.010170	3.695780	3.082700	3.252300	3.351000	4.642740	5.842540	4.313080	12.288070
280	4.799540	3.419700	1.082800	0.745000	0.000000	4.516070	11.171920	3.261300	3.704840	2.370800	0.132400	4.630240	5.421600	2.349400	6.328110	3.106000	23.103210	15.809440	8.864990	17.649320
281	1.572800	1.400000	1.731500	2.190200	2.102600	0.000000	1.651400	2.089900	1.454400	1.712400	1.750900	1.739300	1.514600	1.713900	1.147200	1.631300	1.379100	1.680800	1.658300	1.867300
282	1.800300	0.963700	1.216300	2.346100	2.729000	1.708100	1.279000	2.051600	1.546200	1.216800	1.223000	1.032000	2.722300	1.865500	2.141800	0.000000	2.055400	1.304100	0.991500	0.201200
283	-0.110700	-0.196600	-0.456100	-0.050700	-0.321300	-0.494000	-0.592500	-0.090000	-0.024200	0.034500	-0.563300	-0.532000	-0.324100	-0.828700	0.000000	-0.058500	-1.064300	-0.414300	-0.341700	0.164000
284	2.111700	1.101500	-0.257800	1.174100	3.370600	-0.131900	-1.435700	1.090500	1.750700	0.988300	0.013500	0.000000	2.731500	1.408600	3.457800	2.054200	0.131200	-0.000300	-0.236600	1.210700
285	4.368750	2.896200	1.825700	2.680100	3.061800	0.000000	2.175300	5.300470	3.164500	2.932000	2.292000	2.337100	3.735580	2.924500	4.097930	3.373100	2.800900	3.010100	3.071400	3.936710
286	5.994260	4.580170	1.360400	4.237510	5.011960	8.550170	4.011110	4.515470	5.192920	4.346210	1.521500	3.442940	5.761380	4.763250	6.849230	4.214540	0.588200	0.696900	0.000000	3.203180
287	3.042400	1.893000	1.227900	1.776100	2.207400	6.163490	4.628160	0.441700	1.781900	1.692300	-0.094000	4.460000	2.617300	0.000000	3.084300	3.724700	18.642120	5.975930	5.945360	3.030000
288	1.959300	1.046300	2.642000	0.999100	0.728300	5.902540	0.367800	2.002500	1.527600	1.045600	2.361500	1.296800	2.229000	2.636500	2.154800	0.000000	1.943900	1.556400	1.323400	1.444500
289	3.233700	2.166900	0.866000	0.000000	0.063000	4.132600	2.293500	1.609300	2.831200	2.218100	1.085000	2.215200	3.118800	1.794300	2.288800	2.404100	5.916620	5.825300	4.839890	6.715140
290	2.582900	1.224000	-0.130900	2.674200	1.987500	7.395060	0.799300	1.380400	0.567400	0.932800	0.332300	0.134600	0.917500	1.174600	0.825500	0.000000	0.664500	0.257300	-0.267700	-0.100000
291	3.086200	1.534400	-0.032300	1.354400	1.064100	-0.291400	-0.512100	1.356400	1.945800	1.825200	0.187000	0.000000	1.231800	0.987200	3.556490	1.993900	1.485700	0.086000	-0.079000	2.141900
292	3.564100	2.285100	0.523500	0.823100	0.000000	3.366100	2.017400	1.934500	2.731300	1.796500	0.557400	1.681000	2.092400	1.549100	2.618700	2.030800	0.897600	-0.045000	0.411200	2.360000
293	0.936000	-0.008000	-1.152200	-1.239500	-1.466000	1.322900	0.868800	0.000000	0.218600	0.023700	-1.076300	0.329500	0.641600	1.023000	1.551400	1.501500	-0.480200	-0.968000	-1.381700	0.782900
294	7.323800	5.342300	3.009200	3.003300	2.759500	8.137570	4.545140	4.688530	6.124680	4.771310	1.481500	4.337730	5.570680	4.838000	6.322670	5.828490	4.192210	0.000000	0.636600	4.102290
295	0.000000	4.858540	21.776030	15.878630	21.205520	15.510540	18.524910	16.361010	9.158350	10.761610	14.033900	17.701900	15.606490	15.892320	19.758960	21.220550	25.664100	29.123900	28.866800	54.071900
296	0.616700	0.000000	0.272600	0.895900	0.695700	-1.752300	0.950500	0.823900	0.579600	0.435700	0.627500	0.134800	1.989600	0.741000	3.534440	1.077600	6.660450	2.598500	2.221600	1.936700
297	4.981570	4.555410	4.625780	4.517670	5.411640	6.980220	3.994920	4.008900	4.542230	0.000000	3.143300	5.755340	5.957790	5.901490	5.404620	5.087320	7.420470	3.913680	2.910400	5.000490
298	4.212270	2.743800	8.134300	7.620180	8.840360	0.000000	16.875270	8.516690	3.461710	4.267240	6.982630	12.341032	13.664867	6.350080	8.088840	6.829520	44.248800	28.823700	23.122000	54.792400
299	1.683000	0.334600	-0.936900	0.002200	-0.694500	0.316900	-0.046700	0.660800	1.210100	0.621300	-0.994800	0.000000	0.493400	0.088800	1.188300	0.598500	-0.421700	-0.472800	-0.815900	-0.179300
300	3.400300	1.998600	1.505500	1.389200	0.614200	0.437400	1.968000	2.958300	3.067400	2.265500	0.538000	1.940100	3.567280	1.630200	4.357980	3.443600	3.645450	0.000000	-0.509000	2.485600
301	4.256600	2.702800	1.424700	0.000000	1.127300	8.167970	10.026820	2.915200	3.415300	1.994700	3.023200	4.622400	6.422960	5.598200	6.162710	4.330600	31.317000	13.124240	11.876910	10.140610
302	1.733600	1.213100	-0.322900	0.444900	0.048100	0.943900	0.213200	1.172800	1.238100	1.003700	-0.083600	0.000000	0.431300	0.509900	1.428100	0.894100	0.838800	-0.295100	-0.318300	1.363400
303	2.849000	1.735000	-0.272700	1.690700	0.755700	1.413400	1.796800	1.752000	2.721600	1.839700	-0.136200	1.412500	1.977100	0.000000	2.954600	1.977900	1.434000	-0.290700	-0.590800	0.070400
304	0.585800	0.483000	0.152800	0.885700	0.782900	-0.334700	-0.248300	0.877300	-0.237800	0.338400	0.247500	-0.191400	0.435400	-0.200600	0.553300	0.000000	0.354400	0.100100	0.122600	0.600500
305	1.949600	1.670700	1.707000	1.924500	2.271400	3.505640	1.581300	0.000000	0.143600	1.622700	1.322500	0.794900	2.234100	1.264600	2.553100	2.096500	1.477500	1.650400	1.632800	1.883600
306	5.461470	3.565400	0.000000	2.390300	1.490000	8.658960	2.391300	3.892400	4.050300	2.941900	0.847700	3.136800	4.201200	2.673300	5.013900	2.579900	4.730700	8.114760	2.543200	25.196290
307	2.991850	1.831300	-0.129600	0.539800	0.921000	0.682000	0.531100	1.368900	2.489900	1.689800	0.173500	0.000000	2.088200	1.217200	3.648800	1.872700	0.288200	0.070200	-0.181100	1.156900
308	6.400550	4.559100	0.000000	3.833000	1.939600	8.338880	5.115700	4.433700	5.625150	3.274200	0.288200	0.275200	5.838350	3.391800	5.914170	3.566300	3.743400	1.411100	0.329100	2.142400
309	2.031200	0.000000	7.388060	3.273800	5.203270	3.494100	10.972410	1.750300	0.069500	1.476500	3.918000	8.309210	8.049980	6.752710	7.917710	7.414210	26.583600	24.062820	20.530000	33.190900
310	1.287200	0.184400	-1.464300	-0.244100	-0.937900	8.056040	-1.001700	0.000000	1.231600	-0.089800	-2.575800	0.218600	0.885700	-0.272800	1.779500	-0.342500	2.582600	0.544700	1.047300	1.374700
311	0.000000	1.364500	4.820650	7.589410	9.512360	9.954630	3.871910	4.974690	1.279500	0.838900	1.570000	4.685690	5.040350	2.680000	2.085700	0.360600	8.952810	4.260170	3.944510	9.444660
312	3.485900	2.842700	0.056500	3.638600	3.240600	0.559200	11.005950	1.869900	2.546000	2.720700	0.000000	3.316100	2.513800	4.186510	3.197800	1.636900	17.703840	13.404284	8.455260	6.662310
313	2.374100	0.926000	-1.155300	-0.042400	-0.830400	-1.899800	0.000000	1.547400	1.949800	1.212200	-0.400200	-0.763600	1.907500	0.600200	2.907600	1.824100	1.327300	0.546800	0.126900	0.094300
314	3.762080	2.349000	1.342300	2.197100	2.694500	12.480050	3.344400	4.481540	3.940350	1.149700	1.089000	3.353600	4.765880	2.668700	2.398800	0.000000	10.582750	8.762540	11.696110	20.298290
315	1.036600	0.352900	-0.132400	0.000000	0.820400	1.025400	-0.758400	1.715200	0.745900	-0.298000	-1.126500	-1.030500	0.163300	-0.575100	0.916500	0.325900	1.060100	-0.668100	-0.592600	0.250500
316	1.840300	1.437100	0.684900	1.757300	1.168300	0.000000	1.126000	1.897100	2.114900	1.816200	1.039000	0.823400	1.919200	1.509600	2.259400	1.838500	1.944900	1.676300	1.609500	2.326300
317	0.711300	0.491100	-0.094500	0.171400	0.206200	0.874800	-0.340400	0.195100	0.504100	0.400400	-0.062600	-0.351100	0.000000	-0.200200	-0.068300	0.124400	-0.601300	-0.937400	-1.135300	0.187600
318	0.722500	0.644900	0.334000	0.791600	0.395400	-1.433500	0.252300	0.869200	-0.703700	0.631700	0.438400	0.000000	0.719800	0.081900	-0.035200	0.767900	0.803700	0.419600	0.364300	0.866300
319	0.000000	4.068610	4.449100	6.145750	7.043940	1.282200	6.251810	9.621020	3.888040	4.085420	2.801400	5.050560	8.364240	5.780840	9.812360	6.603080	8.009890	11.593240	5.191200	4.446280
320	0.929600	0.322000	0.000000	0.946100	0.656100	3.562330	-0.128000	1.037900	0.644100	0.711300	-0.143200	-0.141700	0.571300	0.290100	0.855500	0.091000	0.325500	0.327900	0.300200	0.466800
321	2.941900	2.104900	1.109300	5.837370	3.451450	2.490800	1.617100	4.133290	2.892080	2.043100	1.390800	1.316100	2.638300	1.899900	3.781200	2.859960	0.502800	0.599000	0.000000	2.178600
322	0.000000	3.179270	3.040480	4.758080	4.615540	8.463700	3.280330	4.131940	3.728760	3.628820	3.609170	3.155460	3.497130	2.851390	3.593340	2.677100	3.333040	2.762550	2.662000	3.012850
323	1.440900	0.000000	8.929270	1.699700	3.683960	4.369340	3.246700	1.775000	1.332400	1.847100	0.719300	1.816300	8.432920	2.842800	6.058900	4.118560	5.808790	6.557470	4.388030	8.153420
324	3.982570	2.856900	1.480200	0.784500	0.000000	3.241100	3.951260	3.134800	3.957810	2.569000	0.320200	2.703300	4.157030	4.088450	4.589700	3.784750	17.127780	10.973400	10.710140	7.773390
325	-0.972600	0.000000	-1.345300	0.527800	3.511990	6.549750	-0.479200	0.425100	-0.245700	-0.487300	-0.791700	-1.189700	-0.644900	-0.526400	-0.103700	-0.534500	-0.111600	-0.519600	-0.833100	-0.470100
326	0.000000	4.064220	7.935150	11.569110	11.797220	11.445660	7.676930	11.128740	5.761800	6.211490	7.797370	7.626640	8.235870	7.976090	8.900870	6.940720	9.541880	9.332560	9.943120	17.522880
327	2.872200	2.416700	1.042200	2.414900	1.517800	3.398780	0.106300	1.948600	2.506000	2.450300	0.565200	1.600000	3.117010	1.882300	3.281630	2.045200	2.872200	-0.016100	0.000000	2.009900
328	3.671500	2.756800	0.031200	1.172800	0.000000	4.033480	3.537500	2.444600	3.383000	2.057000	-0.499700	3.864550	4.836910	3.731900	4.394520	1.682900	9.782190	5.726630	1.910600	2.668500
329	0.167200	-0.263200	-0.309900	0.381500	0.349000	-1.609100	-0.577200	-0.337200	-0.664300	0.348400	-0.279100	-0.186600	0.000000	-0.128400	0.351300	0.457100	-0.008800	0.176600	-0.261100	0.509500
330	1.188700	0.916800	0.957100	5.194960	6.530380	3.151860	0.328300	4.571960	0.899800	0.769000	0.655900	-0.320600	2.499000	1.237700	2.565200	0.000000	1.739700	1.050800	0.953800	0.480900
331	0.000000	2.566000	14.188328	8.838550	15.589420	8.766790	22.795780	9.513970	5.713430	5.350600	9.865090	13.188327	12.153730	13.216674	10.748700	12.451323	39.564800	22.891250	23.913300	31.267900
332	3.568440	2.936610	1.227600	2.661900	1.176800	5.097560	3.804520	2.922420	3.639410	2.730700	0.808900	2.836000	2.935720	3.405180	2.808600	2.349400	0.000000	1.784300	1.441300	2.831600
333	0.819800	0.332800	-1.233700	0.208900	-0.873300	-1.504600	-0.330200	0.455200	0.671500	0.114500	-0.821400	-0.586800	0.000000	0.218000	0.466700	0.060900	0.378600	0.178200	-0.131800	0.579000
334	0.000000	-0.024300	0.044000	0.923300	0.719600	-0.042800	0.255600	0.604100	0.069600	0.121900	0.013300	0.091200	-0.513300	-0.819700	-0.260600	-0.277700	0.311000	0.304800	0.315100	0.466000
335	2.750300	2.056000	-0.285100	2.849400	3.990780	4.526890	5.453920	3.013300	2.421300	2.241000	0.000000	3.889110	2.416600	2.461800	3.116900	1.953900	12.268060	10.739620	4.545810	3.503300
336	-0.261000	-0.006500	-0.073800	0.191400	0.000000	0.406500	-0.550300	0.079800	-0.068300	0.009200	0.022400	-0.403900	0.038800	-0.605200	-0.027300	-0.314400	0.061300	-0.187600	-0.192400	-0.010000
337	0.352900	0.250100	-0.460900	0.110100	-0.183200	1.954700	-0.627600	0.374900	0.411400	0.108400	-0.616200	-0.213100	-0.200400	-0.317200	0.000000	0.103300	-0.290700	-0.190600	-0.235200	-0.302000
338	0.000000	1.287700	6.108220	6.248370	9.913450	7.186400	4.390000	5.223110	2.162700	1.697100	3.336800	2.895800	6.067540	5.741840	6.790360	4.749100	13.204170	10.344910	8.539190	43.143200
339	4.938120	3.435000	1.075000	3.491400	3.424000	4.013300	2.466400	5.049950	4.483510	3.751500	0.975500	2.959100	3.766800	3.142200	4.806460	4.069600	0.000000	1.987600	0.434500	3.458200
340	6.706500	5.566430	1.620400	4.285900	3.905000	7.104100	5.433210	5.088210	5.794250	4.642830	1.614400	3.743000	7.268520	4.987930	8.215430	4.854820	5.377260	0.000000	0.452700	4.015200
341	0.000000	6.415150	14.163373	13.617520	15.496635	10.772620	19.149470	14.265267	9.205700	9.400040	12.652510	17.776470	18.506580	13.736600	11.401350	12.156930	63.914400	16.731390	14.908135	35.404800
342	5.870000	4.900400	1.746100	2.090600	1.475000	7.715980	1.599600	3.959900	5.610680	4.337700	1.311900	3.184000	5.885630	4.007700	6.845320	4.137900	1.302000	-0.997000	0.000000	3.958500
343	2.564100	2.002800	0.520700	0.479400	0.076800	6.124560	0.000000	1.830400	1.951400	1.661500	0.591000	0.800700	2.046400	1.420100	3.748920	1.945200	1.708900	1.494100	1.261300	3.225400
344	1.424600	0.156800	-0.701000	-1.732500	-1.659200	2.653900	1.104400	-0.728000	0.078300	0.178900	-1.356900	-0.682600	1.424100	0.516300	2.187600	1.020800	-2.311700	-1.287100	-1.528800	0.000000
345	1.342800	0.429100	-0.526100	-0.252100	-0.710500	2.450300	-0.345300	0.051800	0.516200	0.380600	-0.674000	-0.248000	0.116100	0.000000	0.719600	0.717500	-1.085300	-0.685400	-0.790700	0.289600
346	0.198300	0.468800	0.078300	1.829800	1.404800	1.726700	3.045800	1.003700	-0.562500	-0.108000	-1.251800	1.489800	1.303600	0.560500	0.338900	0.000000	5.867400	3.089200	2.105300	0.299700
347	0.489400	-0.107100	-0.568900	-0.135900	-0.693100	-0.584300	-0.146700	0.282600	0.000000	-0.085900	-0.189800	-0.258700	-0.069200	0.114900	0.185200	0.238500	0.198800	0.024000	-0.285300	0.397500
348	1.764300	1.421000	1.179100	1.943900	1.603300	2.464200	1.442100	1.946200	1.602200	1.432400	1.393200	1.246400	0.000000	1.023300	1.095600	1.455400	1.810700	1.539700	1.535800	1.806700
349	0.000000	3.487140	3.764900	6.135370	5.845000	6.425300	3.621020	5.530420	3.679520	3.726980	3.605900	3.592170	3.621810	3.740480	3.389500	3.692820	3.613410	3.665690	3.277500	3.854260
350	1.004800	0.772000	0.562800	0.463300	0.461900	2.420400	0.499000	0.000000	0.092200	0.575800	0.366600	0.280500	0.371800	0.651000	0.861300	0.780300	0.207400	0.451300	0.247600	0.834900
351	0.000000	2.111000	3.315600	5.860990	5.562180	7.205990	2.719600	5.287920	2.061900	2.552600	3.569000	3.683600	3.612300	3.716000	2.318100	2.253700	4.439840	2.477700	2.519300	2.738700
352	2.306800	2.013200	1.383900	1.430500	0.860100	3.586340	1.220500	1.437000	2.133400	1.671900	0.712600	1.378000	2.161000	0.000000	2.447900	2.502200	1.598300	2.297700	2.315100	2.578200
353	0.650400	0.000000	1.033800	2.117500	1.931100	2.041800	1.293000	2.462300	1.459900	1.686600	0.685500	1.377000	1.317700	1.255300	0.439300	2.254300	0.829500	1.127700	0.678600	1.581500
354	1.136000	0.000000	1.791700	-0.439100	0.591000	-2.163300	1.782100	1.370300	0.803100	0.318500	-0.503800	1.153700	-0.034900	0.210100	1.142200	1.094900	0.045500	-0.560200	-0.859700	0.720600
355	5.798380	4.867340	3.606800	4.106530	3.698470	10.143810	6.869710	4.459900	5.276660	4.108160	2.937400	4.197750	-0.560100	3.989810	0.000000	3.078100	6.316690	3.959010	4.130740	3.174900
356	0.719100	0.270800	0.000000	0.463700	0.099200	-0.740500	-0.040300	0.514900	0.573500	0.807500	-0.243500	-0.042800	-0.814100	0.002100	-0.810900	0.392700	0.008700	-0.609500	-0.230900	0.761100
357	0.446100	0.043000	-0.026800	0.504900	0.161800	-1.062300	-0.095800	-0.152700	-0.267000	0.536200	-0.251200	0.000000	-0.542900	-0.375500	0.036100	0.457800	-0.036500	0.329700	0.318100	0.590500
358	-0.113400	-1.108100	-2.921000	-2.249800	-2.760700	-1.195700	-0.239300	-1.162400	0.000000	-0.999700	-2.500000	-0.954000	1.149300	-0.970400	2.182800	-1.316100	5.037650	8.121100	4.775290	2.254800
359	2.470400	1.067100	0.120500	3.219600	5.054000	4.321400	0.880200	0.000000	1.532000	1.516600	-0.337600	0.879000	2.844000	2.103500	3.509500	2.066200	5.597040	5.510720	5.249200	21.337410
360	1.126500	0.074400	-0.775300	0.563200	0.075900	4.435300	0.095700	0.602000	0.369100	0.435500	-1.187800	-0.028900	-0.011200	0.000000	0.745400	0.480200	-0.739800	-0.456200	-0.595900	0.999800
361	0.882900	0.000000	0.264900	0.559700	0.050600	2.538800	0.665200	0.681900	0.254000	0.994500	0.142000	0.194500	0.689700	0.082700	1.211300	0.457100	0.593700	0.741100	0.738600	0.773200
362	1.924700	0.000000	3.475500	2.400800	4.510300	4.888800	11.014570	1.851200	0.783900	0.727000	2.799500	4.608400	9.548730	8.451530	5.011900	4.489300	17.892480	12.065330	7.411180	18.774130
363	2.406700	1.205500	-0.016600	0.724600	0.000000	5.081310	0.934000	2.246200	1.845100	1.559800	-0.205700	0.370900	1.072400	1.087000	2.304900	1.158900	1.481000	0.184800	0.007500	1.852100
364	0.877300	-0.001400	-0.296500	0.803700	0.310400	6.213840	0.067700	0.158500	0.059000	0.540500	-0.454500	-0.060100	-0.077300	-0.136700	0.000000	0.462600	0.326600	-0.319400	-0.528100	0.724000
365	1.743900	0.532700	-0.517500	0.351400	-0.474500	3.224710	0.294200	0.863000	0.693800	1.015500	-0.446500	-0.020200	0.484400	0.000000	1.228600	0.403300	0.070200	0.039600	-0.096300	0.501200
366	4.415750	3.030600	-0.112700	1.194100	0.000000	5.687690	2.605800	2.657000	3.512600	3.079900	-0.005700	2.989200	2.219800	2.338400	4.015750	2.647200	6.514240	5.943210	3.364400	4.400180
367	1.226100	0.299300	-0.521600	0.492400	-0.235100	3.990480	-0.012700	0.298900	0.469500	0.737400	-0.896600	-0.218200	-0.150000	-0.039000	0.905400	0.000000	-0.903500	-0.293800	-0.505100	0.003700
368	0.000000	-0.979100	-1.366200	0.094400	-0.545700	4.347860	-1.670600	0.206900	0.308300	0.001300	-1.210600	-1.260100	-0.531800	-0.957000	-0.313700	-1.612400	-1.058400	-0.974200	-1.029600	-0.528600
369	3.080300	2.409400	-0.522300	1.325500	0.852500	4.962840	2.131200	1.613900	2.793500	2.289800	-0.160600	0.000000	4.122460	2.142100	4.727040	3.228300	3.163500	2.800000	2.534000	2.991400
370	3.960800	2.391000	0.000000	1.360700	0.459800	5.527830	1.609400	2.826800	3.628000	2.490200	0.516900	1.086800	2.830600	1.907400	4.078530	1.956100	1.304000	0.296600	0.416700	2.373800
371	0.979000	0.282000	-0.291100	0.765900	0.172900	4.137160	-0.909400	0.342300	0.272200	0.747800	-0.922300	-0.491800	0.325400	0.076800	0.957900	0.000000	-0.468600	-0.197500	-0.319000	0.226500
372	1.579300	0.767500	0.617900	1.049800	0.722600	1.867300	0.000000	0.724200	0.599400	1.407400	0.057200	0.445200	0.985100	0.501600	1.478000	0.730600	0.515400	0.764300	0.750100	0.678300
373	3.444300	1.658400	-1.009300	0.000000	-1.050000	3.774700	1.299900	1.424700	2.066400	1.653900	-0.539100	0.895700	2.881400	2.058100	3.973300	0.845100	5.507650	2.582100	-0.004600	3.097600
374	1.700400	1.752100	-0.953800	0.457400	0.000000	4.689960	-0.513700	1.453400	1.240000	1.355100	-0.645000	-0.435100	2.665500	0.907200	3.724510	0.539500	2.947700	-0.352500	-0.489900	1.690300
375	0.917200	0.235800	-0.333600	0.986600	0.675600	3.562640	-0.300500	0.513500	0.407300	0.394200	0.044200	-0.010700	0.000000	-0.152200	0.296400	0.399300	-0.062900	0.127500	0.181000	0.724000
376	-2.319900	-1.029900	0.268600	-0.583500	0.570700	2.749420	-1.880700	0.643100	-1.230300	-1.261600	-1.374900	0.000000	-1.175700	-1.672100	-1.071500	-1.697600	0.295600	-1.389100	-1.763200	-1.067200
377	0.633000	-0.494100	-0.506100	-1.053600	-0.702100	-1.537700	0.876600	0.000000	0.621700	-0.366200	-0.917100	0.116000	2.017500	0.378800	2.609400	0.032400	8.160790	6.136600	5.293870	13.346142
378	-0.301000	-0.409100	-0.999000	-0.662200	-0.879900	-1.251200	0.024200	-0.745200	-0.172300	-0.286700	-1.441900	-0.153000	-0.378400	-0.083900	-0.457000	0.000000	-0.090300	-0.585600	-1.111600	0.050000
379	1.282200	0.593700	0.086800	-0.376700	-0.687200	1.870900	-0.115900	-0.097800	0.952300	0.096000	-1.062500	-0.575000	0.000000	-0.037800	0.243800	0.406900	0.890200	0.934800	1.066300	1.527200
380	-0.148500	-0.111700	-0.720400	-0.547400	-0.580600	0.992500	0.115200	-0.036800	0.107200	-0.205400	-0.663700	0.000000	-0.205600	-0.222100	0.575300	0.541400	-0.796500	-0.493700	-0.578700	0.432200
381	2.232300	2.092500	1.491200	3.022100	3.995910	1.483900	2.283500	2.347100	2.943100	2.302200	0.668900	2.220100	2.543000	2.358500	2.021500	2.877530	1.210600	0.733500	0.000000	1.883700
382	1.421000	0.777100	0.147000	1.138400	0.742900	0.024300	0.560700	1.377900	0.801400	0.758500	0.298400	-0.029500	1.323100	1.303400	1.578300	0.977900	0.947000	0.728200	0.760600	0.000000
383	-1.563000	0.196000	-1.280700	-0.659400	0.835500	-0.185400	0.951000	-0.894000	-1.119200	0.169500	0.040100	0.215800	0.716300	0.000000	-0.435500	0.567500	0.557100	-0.398200	0.149300	0.506300
384	1.301100	1.397100	-0.349800	0.905200	0.000000	1.370000	0.763700	0.477400	1.146500	0.891500	-0.738400	0.374700	1.362900	0.420300	1.461200	1.242600	0.815400	1.041500	0.067300	0.781200
385	0.611100	0.172900	0.132900	0.828200	0.508100	-0.716600	1.226800	0.777600	0.602600	0.612600	-0.110000	0.901500	0.000000	0.517400	0.133400	0.598900	0.821000	0.007800	0.005300	0.704900
386	3.391200	1.831900	0.295800	2.627600	3.252900	2.291600	-0.553300	3.152400	1.093800	1.595300	0.517600	0.000000	3.605000	1.652700	4.793240	2.989800	2.684200	1.527400	1.090400	2.899700
387	0.569000	0.489900	-0.039100	0.444400	0.299200	1.677900	0.049000	0.399100	0.354400	0.311600	-0.076700	-0.052700	0.000000	-0.125200	0.273000	0.256800	-0.192500	0.124900	-0.092000	0.768900
388	2.290300	1.954500	1.535000	2.273100	2.302000	3.777530	2.327700	2.492400	2.120800	2.112400	0.896200	1.973400	2.627200	2.291300	3.606100	2.885200	0.996000	-0.212500	0.000000	1.992200
389	-0.457100	-0.509800	-0.643900	-0.380500	-0.486800	-1.003600	-0.697000	-0.479600	0.000000	-0.510300	-0.408900	-0.709100	-0.451600	-0.565300	-0.405900	-0.563200	-0.325100	-0.495500	-0.598900	-0.369500
390	0.344600	0.319200	0.241500	0.182000	0.060800	3.033280	0.264500	0.183400	0.326400	0.294300	0.291800	0.096700	0.000000	0.188500	-0.022600	0.487700	0.382900	-0.142300	-0.186200	0.528900
391	0.040100	-0.194800	-0.046300	0.000000	0.082700	-0.645400	-0.030900	-0.012800	-0.033300	0.076600	-0.023800	-0.033200	-0.002100	-0.027300	-0.118100	-0.035600	-0.047600	-0.057300	-0.112900	-0.002400
392	1.239600	1.185500	0.339700	1.594800	0.878500	5.442950	0.795600	1.796400	1.232900	1.030200	-0.107600	0.694400	0.000000	0.514300	0.792500	2.727900	1.862100	0.788200	0.655500	1.186200
393	0.000000	3.514350	4.626520	5.339130	5.703970	5.213970	4.919890	4.687890	2.727000	4.381860	4.667130	4.947330	3.018460	4.763070	1.967600	2.708900	4.386200	3.830320	3.113390	4.436230
394	0.871800	0.301100	-0.416100	0.300800	-0.226500	-0.535300	0.000000	0.440200	0.914600	0.766700	-0.314500	-0.459200	-0.294700	-0.411000	0.314600	0.666300	-0.562200	-0.622300	-0.712200	0.236700
395	0.477200	0.029700	-0.143800	0.595100	0.000000	-0.315700	0.368400	0.857200	0.417000	0.829800	-0.272100	0.143600	0.323000	-0.038000	0.625900	0.462900	0.315800	0.600200	0.514000	0.552600
396	1.523100	0.239800	-0.968900	0.048200	0.154500	-0.034100	1.040700	0.845400	0.516400	-0.055600	-0.936900	0.542300	1.421100	0.000000	2.540800	0.427400	0.380700	-1.035100	-1.214800	1.244000
397	1.333100	0.228700	-0.239500	1.107800	-0.274600	4.018770	0.383700	1.456300	1.385000	1.255400	-1.109000	-0.115100	-0.433900	0.253000	0.000000	0.575200	0.242600	0.150100	0.073700	0.620900
398	1.620600	0.661900	0.000000	0.888200	0.041200	2.277700	0.582300	1.271700	0.814500	1.289700	-0.152100	0.452700	0.575700	0.290800	1.064300	0.611800	-0.039900	0.315700	0.200000	0.836200
399	1.343900	-0.075400	-1.681200	-0.513000	-1.231100	2.714900	-0.638300	0.105400	0.131500	0.465800	-1.745400	-0.665100	0.000000	-0.004000	0.883100	0.044900	-1.339100	-1.143000	-1.275500	-0.506100
400	1.749900	0.805800	0.037000	0.768900	0.019400	4.307450	0.491500	0.827100	0.908400	1.323900	-0.052200	0.000000	1.370300	0.759700	2.116000	0.997100	1.642400	1.849400	1.444400	2.372000
401	0.796000	-0.080000	-0.405000	0.728200	0.093500	3.824600	-0.607000	-0.086400	-0.005700	0.709600	-0.611300	-0.266700	0.235500	-0.019800	0.585300	-0.111200	-0.224000	0.000000	-0.078100	-0.077900
402	0.724000	-0.103400	-0.660600	0.000000	-0.612100	2.972190	-0.211100	-0.221600	-0.132100	0.279900	-0.811400	-0.384200	-0.075500	-0.350100	0.336900	-0.234300	-1.022200	-0.607000	-0.694500	-0.108000
403	1.152000	-0.381600	-2.402200	-1.628900	-1.976700	2.327900	1.214200	-0.577300	0.225100	0.162400	-2.720800	2.061100	0.000000	-0.105000	0.869000	-0.235800	5.463360	8.045020	5.088970	2.443100
404	0.284600	-0.430000	-0.866200	0.129800	-0.554100	2.860960	-0.563300	-0.360800	-0.408200	0.269300	-1.115200	-0.808600	-0.449500	-0.485600	0.000000	-0.495400	-0.941300	-0.509100	-0.724700	-0.220900
405	0.096100	-0.759500	-1.711900	-0.676300	-1.103400	3.575810	-0.922200	0.000000	-0.385300	-0.044000	-1.868800	-0.899400	-0.527800	-1.222300	-0.098100	-0.678300	-1.259200	-1.270500	-1.396600	-0.225800
406	1.917700	0.470900	-0.840200	2.618900	3.051260	4.310080	-0.248800	1.181100	1.782700	1.137800	-0.616700	0.000000	0.818600	-0.053400	1.664000	0.559400	-0.450600	-0.449800	-0.624400	0.539100
407	3.413700	2.270400	0.106700	0.868800	0.000000	5.771730	2.271900	1.682000	2.423100	2.223300	0.396000	1.799800	3.076400	1.933800	5.359060	2.209400	11.447080	5.766190	3.221700	3.435100
408	0.243200	-0.451300	-0.701900	-0.079400	-0.673700	2.909860	-1.288800	-0.569600	-0.493600	0.002800	-1.314900	-0.708900	-0.285900	-0.624900	0.000000	-0.530600	-0.856200	-0.664400	-0.728500	-0.338000
409	1.321900	0.493200	0.000000	0.593400	0.000700	2.680100	0.390500	0.928100	0.459300	0.615300	-0.459200	0.093600	-0.028900	0.410800	0.972800	0.486300	0.339400	0.119500	-0.112300	0.606600
410	2.066900	0.993800	-0.575700	0.256000	-0.384500	3.094600	0.732100	0.589900	1.243400	1.381300	-0.495300	0.715500	1.318700	0.566700	1.716900	0.932500	0.000000	0.089400	0.185600	0.831600
411	1.487500	0.274300	0.313600	1.923800	3.092700	3.807100	0.667900	1.396400	0.000000	1.228200	1.679500	0.023400	2.670500	0.908800	4.796200	4.446500	5.456930	4.464500	5.993850	4.640700
412	1.224200	0.399800	0.296500	0.820700	0.224100	3.835350	0.236800	1.030300	0.657700	1.115300	-0.233800	0.089300	0.583800	0.046800	0.906900	0.502900	-0.457900	0.000000	-0.069300	0.683300
413	0.966800	0.102000	-1.236300	-0.095400	-1.267300	2.986700	-0.348200	0.088800	0.127400	0.362300	-1.096400	-0.478300	-0.327100	-0.299900	0.521300	0.000000	-0.915800	-1.024100	-1.298600	0.248100
414	2.012100	0.000000	5.874560	3.883950	5.866300	3.674200	40.266300	1.988100	1.371100	2.118400	5.776500	9.888970	11.637160	10.309690	5.883500	6.608690	20.540550	44.206000	42.046700	33.693400
415	1.911700	0.749100	-0.235300	2.305500	1.607800	7.802420	0.938800	2.540400	1.175500	1.511700	-0.087600	0.742600	0.000000	0.681200	-0.118200	1.183500	1.761400	1.469700	1.255400	1.460200
416	2.300000	1.194200	0.000000	1.545600	0.836900	4.589860	0.820600	1.361700	1.556500	1.564700	-0.449200	0.526500	0.836200	0.710200	1.517300	1.765000	0.236700	0.175700	0.053100	1.433700
417	3.388090	2.282900	0.000000	2.296700	1.610700	7.854990	1.353300	1.753700	2.780700	2.710500	-0.666900	1.028200	2.170800	1.722500	2.861450	2.233400	0.627300	1.508600	1.180400	2.374000
418	4.418830	2.636300	0.838800	0.000000	-0.376700	6.163610	2.429200	2.090500	3.624200	2.466500	1.150400	3.143800	5.213530	3.705800	5.597460	2.612100	7.701550	13.893507	7.560880	6.671910
419	1.839000	0.000000	0.020100	2.364300	1.536500	2.620700	-1.605700	0.448200	0.582200	0.803700	-1.048400	-0.749800	1.665800	-0.038600	3.430880	1.814300	3.341490	1.312700	0.693600	0.786700
420	2.486500	1.449600	0.000000	1.225700	0.639300	5.668760	0.809400	1.597500	1.583900	1.802300	0.016500	0.493400	1.168600	0.899700	1.970700	1.857900	1.121200	1.383100	0.392900	1.930600
421	2.238500	0.481900	-1.654600	-0.388400	-1.611800	3.019600	-0.450100	1.112300	1.177300	0.851800	-1.484300	-0.362900	0.000000	-0.289300	0.674300	-0.647800	-1.214400	-0.835400	-1.355700	-0.910000
422	3.753000	2.298600	3.454400	2.149400	3.196500	5.975530	13.703912	2.162500	3.448300	2.400500	4.980970	7.682070	6.463740	6.432560	3.590900	0.000000	31.490300	22.639490	15.301780	12.644240
423	1.616700	0.529100	0.010600	1.912300	1.325700	5.602940	-0.504300	0.361400	0.785800	1.135500	-0.217500	0.030900	1.499200	0.000000	2.208100	1.597700	0.322200	0.330500	0.034600	1.461300
424	1.572700	0.757600	0.337400	1.456600	0.864400	4.051480	0.136000	0.939800	1.220100	1.441000	0.006900	0.298400	0.941300	0.274000	1.063700	0.356800	0.326300	0.532200	0.436500	0.000000
425	1.469500	-0.127600	-1.766800	-0.660100	-1.083300	5.531890	7.368290	0.000000	0.507100	0.479300	-0.955200	2.726200	3.713600	3.417800	2.064800	0.436300	20.507200	21.430440	13.458184	13.810491
426	2.691100	1.468000	-0.627200	1.281900	0.000000	4.337460	1.216100	1.099900	2.119100	1.434800	-0.768900	1.713600	3.415600	2.077600	3.368500	1.095800	1.455900	1.843900	1.142900	3.031800
427	0.809800	-0.447400	-1.839000	-1.095500	-1.399600	2.862290	-0.920100	0.244300	-0.166400	-0.187200	-1.795600	-1.181000	0.109400	-0.450000	0.000000	-0.458200	1.166200	-2.290100	-2.650200	-0.392600
428	3.810380	2.912740	0.000000	1.583400	1.280600	6.632020	2.995760	2.566600	2.843970	2.584500	0.612700	2.650700	3.403340	2.998510	3.724860	2.759220	2.732630	2.746410	2.331400	2.737740
429	1.773800	-0.077400	-0.414300	-0.805900	0.545300	5.121700	6.787020	0.000000	0.667600	0.066900	-1.503100	4.088660	3.410300	2.471400	3.115900	-0.242000	8.823920	7.000550	2.059900	2.458700
430	1.609700	0.186800	0.527800	0.625800	1.835200	3.655580	2.932150	0.930800	1.657700	0.699000	0.536600	3.139260	1.841200	2.830400	0.000000	0.464300	9.062390	2.235300	1.279300	3.147510
431	1.100200	-0.243600	-1.704000	2.215600	1.446500	9.962120	-0.549300	2.372200	0.000000	-0.161500	-1.474100	-0.978900	-0.172300	-0.855200	0.829700	-0.894900	-1.210900	-1.450200	-1.392400	-1.013100
432	1.325000	-0.240200	-1.929700	-1.529600	-1.882800	3.133710	-1.159200	0.111100	0.572600	-0.014000	-1.977500	-1.024600	0.000000	-0.517300	1.373500	-0.334500	-1.308700	-0.533300	-1.114000	-0.863700
433	5.010340	3.182600	1.471500	3.272900	4.077460	9.621310	6.344910	3.800320	5.020440	3.514940	0.000000	5.139040	4.418340	2.313600	5.258360	4.558740	8.656230	9.618510	4.637980	39.061800
434	0.953200	-0.310800	-1.464400	-0.136000	-0.647800	6.067100	-1.342500	0.904000	0.055500	0.356400	-1.931500	-0.835000	0.709000	-0.423000	1.515600	0.000000	-1.915800	-1.161400	-1.362600	0.120400
435	0.782400	0.152600	0.207200	0.663500	0.104400	5.087520	0.125500	0.688500	0.125800	0.819500	-0.380000	0.000000	0.660400	0.054200	0.951400	0.427300	0.222000	0.303800	0.155900	0.117800
436	3.818000	2.594600	0.000000	2.330100	3.053200	4.657700	4.216100	2.417600	2.873300	2.872000	0.811600	2.664800	3.592800	2.455900	4.365000	3.329600	12.504190	13.946860	9.434260	5.909220
437	4.372790	2.665300	0.607900	0.987500	1.498200	5.066940	1.906200	2.461400	3.197100	2.618000	0.715200	2.040200	3.310500	2.040800	4.367550	2.836000	-0.022600	-0.179800	0.000000	2.869200
438	0.722200	-0.278400	-0.602200	0.654400	1.009300	2.919610	0.340900	0.179500	0.047200	0.548600	-0.674700	-0.217800	0.000000	0.077000	0.445000	-0.681600	0.634200	-0.764500	-0.939000	0.578800
439	1.248800	0.186300	-0.250300	0.556900	-0.022900	4.301920	0.104800	0.007200	0.534500	1.063500	-0.323400	0.000000	0.498000	0.439700	1.001000	0.160800	-0.650400	0.759200	0.038300	1.101800
440	2.495000	0.405000	-0.613500	-2.164100	-2.829200	4.057600	5.702800	0.000000	2.224400	0.393500	-1.733500	-0.109400	2.423000	1.249400	2.367600	1.619600	15.860540	10.383520	6.549590	50.100200
441	0.000000	-1.231700	-2.007400	0.596200	0.462100	7.497880	-1.724100	1.332900	-0.359800	-0.495900	-2.123700	-1.812900	-0.871900	-1.385700	0.050700	-0.870600	-1.511500	-1.374000	-1.562000	-0.503400
442	1.225700	0.469700	0.434700	1.026100	0.432300	2.488400	0.000000	0.821100	0.286800	1.160100	0.090500	0.252700	0.847800	0.601800	1.356600	0.151500	0.260400	0.310000	0.312000	0.331400
443	1.646900	0.248600	-0.604400	0.068100	-0.669300	2.592300	0.408000	0.156500	0.713900	0.875300	-0.946200	0.080200	1.349200	0.000000	2.460400	0.948200	0.806200	0.322400	-0.175500	0.616500
444	4.766120	4.053700	0.000000	3.299000	2.874000	5.716050	5.052200	2.892500	4.256500	3.704100	0.359900	3.922100	5.204010	2.745200	6.387910	3.252800	11.904600	7.419770	2.851600	4.140800
445	-0.543000	1.327000	1.178400	2.137300	2.072100	5.851490	0.000000	2.032000	0.530200	1.303800	0.878400	-1.301200	2.124700	0.810500	1.841900	0.394200	1.611500	1.170800	0.719100	0.468600
446	1.076600	0.653100	-0.369500	0.074300	0.591200	-0.600500	0.464800	1.835000	1.051300	1.049900	-0.129500	0.116200	0.000000	0.004500	-0.049600	-0.098700	0.074900	0.357500	0.154800	0.645300
447	0.880700	-0.354400	-0.155600	0.065700	-0.338700	1.570100	14.289800	-2.325800	-1.269100	-0.618100	-0.499500	7.532870	2.273000	2.760100	-0.582900	0.000000	36.087600	27.263100	19.245910	26.009200
448	1.148600	0.000000	6.913980	2.626500	4.919360	2.698400	5.053120	2.141200	1.442100	0.438700	1.776500	9.315850	6.994140	4.992870	5.567530	3.459600	18.393300	11.422780	10.431710	29.059000
449	2.200300	1.865300	1.291900	1.322900	0.875600	5.302110	1.514800	1.292800	2.016200	1.357600	1.275600	1.373700	0.000000	0.881000	1.802300	1.989100	1.729000	1.357900	1.260200	1.999500
450	0.809600	0.306800	-0.604100	-0.596500	-1.188500	-1.077800	-0.417700	-0.251400	0.646200	-0.055700	-1.036900	-0.520900	-0.533100	-0.359500	0.000000	0.310400	0.812200	0.767000	1.045200	1.194000
451	2.050100	1.608700	-0.057500	2.315900	1.274500	4.492730	1.285800	2.152500	1.811000	1.258700	0.000000	0.904600	1.164500	1.252100	1.119100	1.358400	1.230100	1.400400	1.623200	1.819500
452	0.000000	3.528150	3.677790	4.569650	4.433610	7.844560	3.152380	4.438470	3.693540	2.933030	3.430150	3.442330	3.841090	3.484090	4.070440	3.005610	3.653600	3.601480	3.569340	3.550540
453	0.512400	0.472200	0.429500	0.383100	-0.230200	3.022830	-0.256300	0.978300	0.734300	0.154600	-0.587200	-0.285000	0.504500	0.138400	0.401000	0.000000	0.013700	0.499200	0.281500	-0.297200
454	0.000000	4.142990	9.167470	11.519420	11.742420	11.807070	15.475660	10.603490	6.376260	7.011800	8.680440	13.862315	13.059293	11.356190	11.564320	11.399650	25.540500	15.622310	15.062200	45.817300
455	7.110790	6.156400	6.789210	5.590870	5.327040	9.206340	7.079490	6.738190	6.877400	0.000000	5.348730	6.102330	6.493840	5.849280	9.200340	7.284560	8.897260	9.878750	8.396420	8.949210
456	6.164610	4.567210	0.662100	3.020300	1.875400	5.466340	3.347200	3.800200	5.733140	4.088710	1.336600	3.165500	5.818520	3.508960	6.346290	4.848310	0.945400	0.407900	0.000000	3.675090
457	2.257900	1.149300	-0.328500	0.775000	0.703600	2.882540	0.344000	1.099300	1.926100	0.993400	0.002300	0.000000	0.581400	0.338600	1.375000	0.356200	0.581600	0.092200	-0.225500	0.337300
458	5.677240	4.223000	-0.287800	1.200600	0.000000	6.259590	8.176400	3.709400	5.420330	3.436300	0.108500	4.821430	4.179200	3.876300	4.154400	4.128800	14.134075	10.891920	7.010540	3.875100
459	4.130120	3.290630	1.739600	4.827830	3.659070	5.568140	4.781860	5.530680	4.776630	3.852470	1.812700	3.526950	4.585890	3.684400	4.349090	3.588050	4.059130	0.000000	0.748800	3.078180
460	2.456600	1.529300	2.665400	1.982700	4.267100	3.105900	4.159900	0.839000	1.564500	1.133900	-0.757300	3.775000	4.382500	1.285600	3.928800	1.742200	9.945620	4.255400	2.662500	0.000000
461	0.536200	0.356900	0.406400	0.550900	0.594300	-1.028400	0.114200	0.445300	0.471700	0.613900	0.456300	0.000000	0.540800	0.234800	0.815900	0.810400	0.835100	0.309000	0.307800	0.351900
462	4.074000	1.884500	2.352900	4.145700	3.366300	3.799500	9.253470	2.627400	2.388800	0.000000	2.009900	7.273440	3.715900	4.055900	4.046500	4.689200	27.406000	17.130830	15.540820	44.302200
463	2.715140	4.124620	4.639750	6.018950	5.811940	2.434400	4.649580	5.455040	3.567630	5.223400	4.334630	4.182430	3.136530	5.321260	0.000000	2.316500	4.650700	4.263830	4.093170	4.016250
464	0.623100	-0.014300	-0.328100	0.365300	0.029200	-0.285600	0.250100	-0.435100	-0.120300	0.720600	-0.634300	-0.014200	0.007300	-0.158400	0.119000	0.000000	-0.425800	0.037100	-0.072400	0.483800
465	0.427600	0.000000	-0.001700	0.564600	0.214500	-0.336600	-0.260100	-0.367600	-0.503000	0.685100	-0.159700	-0.476700	0.034300	-0.464900	0.233800	0.084100	0.142900	-0.393000	-0.542900	0.563200
466	2.481600	2.333200	3.065700	3.307400	3.614400	4.364350	2.117900	5.069140	3.493170	0.000000	2.933000	2.691400	4.623950	3.473180	4.104720	4.343750	4.349790	2.947900	2.872200	3.317900
467	4.027800	2.630600	-0.453200	1.235800	0.000000	6.442380	3.823100	2.018200	3.128000	2.805000	-0.835900	2.550000	3.761800	2.228500	4.407830	3.059500	4.745090	5.709490	2.096500	2.866300
468	1.351900	0.586300	-0.352900	0.861200	0.059700	3.886400	0.014000	1.336400	0.607900	1.165900	-0.617400	-0.263100	0.000000	-0.186200	0.653800	0.468900	-0.164100	-0.185900	-0.338100	0.629500
469	0.519400	-0.401400	-0.655200	1.261600	1.345900	1.900000	-1.376200	0.827000	0.000000	0.350000	-0.740900	-0.979700	0.088200	-0.130900	1.330900	0.257900	-0.348500	-0.443700	-0.475900	-0.180500
470	5.780710	4.014400	-0.062000	1.621600	0.000000	4.591540	6.196660	2.849700	4.759500	4.212500	1.100600	4.367400	5.258220	3.956300	6.235310	3.688100	15.976440	16.612840	13.711804	12.063140
471	2.932400	1.497700	-1.084400	0.404400	-0.320200	3.521600	0.000000	1.414500	2.101400	1.605200	-0.589500	1.193300	2.740400	1.659200	3.703800	1.501000	1.524900	1.211000	0.763700	1.606200
472	-0.552000	-0.200600	-1.336200	-0.799000	-1.025400	2.412200	0.456200	1.037600	0.592600	-0.177200	-0.861100	0.100800	-0.096000	0.731200	0.013600	0.000000	-0.092600	0.269500	0.212600	0.050000
473	0.000000	2.600700	2.539700	5.029890	4.643250	7.544370	4.019680	3.946160	4.226120	4.031300	3.336450	2.550000	3.323800	2.846200	3.254550	2.564400	3.605330	2.996900	3.084500	3.313130
474	0.477800	0.642500	0.337500	0.536000	0.222500	3.657550	-0.682800	0.000000	-0.071000	0.118000	0.444500	-0.627800	0.777000	-0.156300	0.679700	-0.317300	0.770300	0.407200	0.359200	-0.164500
475	4.499600	3.103500	-0.002800	1.770500	0.989300	3.078400	2.325600	3.514700	3.750700	2.863600	0.100600	2.971200	3.587500	3.160900	5.136400	2.887900	3.364100	0.000000	-0.929300	1.669400
476	0.904600	0.557200	-0.138600	0.264500	-0.137600	0.363000	-0.076400	0.285100	0.447100	0.309900	-0.365000	-0.477400	0.210400	-0.020700	0.000000	-0.263500	0.371900	-0.093300	-0.176400	0.149000
477	-0.426000	-1.125500	1.307100	-0.610000	0.305000	-3.289900	0.945900	-0.450400	-0.404900	-0.306500	-1.026900	-0.407600	-0.396200	-0.684200	0.975200	-0.765000	-0.929700	-1.223900	-1.682200	0.000000
478	0.199800	-0.541100	-0.714200	-0.170800	-0.427200	-0.415400	-1.255000	-1.155300	-1.098500	0.037200	-0.900600	-0.720700	-0.375200	-0.741400	0.000000	-0.379400	-0.160700	-0.239200	-0.377600	0.370300
479	0.962300	-0.107000	-0.535700	0.000000	-0.505600	1.033200	-0.571900	0.317600	0.446300	0.484500	-0.479900	-0.731900	0.031800	-0.682800	0.350400	-0.210500	0.180100	0.104300	0.050500	0.219500
480	1.746900	1.710500	0.819000	2.176000	5.097950	2.726800	0.738500	2.149300	2.244500	2.016700	0.139000	1.956800	1.619500	2.503000	0.141100	1.553600	0.307600	0.000000	-0.597200	1.582400
481	1.511300	0.605500	-0.731400	0.468300	-0.330400	3.369670	0.000000	0.520700	0.833000	0.703800	-0.673600	-0.408400	0.544200	0.629700	1.768300	0.219200	0.846000	2.630000	2.122100	0.887900
482	0.805600	0.538200	0.483900	0.744300	0.552800	0.549000	0.862900	0.731400	1.012400	1.095200	0.558400	0.679500	-0.517400	0.327600	0.000000	1.014600	0.487900	0.132500	0.018500	1.033200
483	1.433600	0.679500	0.541700	1.121800	0.639400	0.186600	0.911800	1.059700	1.026700	1.398100	0.426500	0.699900	0.000000	0.254000	0.747700	0.489500	1.098300	0.983100	0.675600	0.763800
484	1.174800	0.000000	13.781854	3.800200	8.887160	5.569480	18.886390	3.652100	1.372600	2.721700	9.520040	14.852053	12.769180	9.958040	10.011020	9.543380	30.322900	24.590490	23.533790	41.452400
485	1.913500	1.158100	0.000000	0.862700	-0.179900	3.803110	1.177700	1.382500	1.575900	1.640600	-0.090800	0.746000	0.620200	1.066800	1.723800	1.179000	-0.141200	0.411100	1.139400	1.348700
486	0.846700	0.061500	-0.131200	0.502500	-0.045300	2.340300	-0.311200	0.748100	0.035600	0.732800	-0.381500	-0.312800	0.155400	0.161700	0.438600	0.000000	0.019700	-0.092600	-0.137300	0.163100
487	1.182600	0.009300	-0.531800	0.492500	0.008300	2.194300	-0.023200	1.130800	0.808500	0.268200	-0.506100	-0.099800	0.325800	0.255800	1.030500	0.000000	0.557100	0.146300	-0.183500	0.167200
488	2.037100	0.343200	-0.839300	0.553800	0.342300	4.903960	0.000000	0.947500	0.884400	1.045200	-0.780500	0.457800	2.509000	1.092800	2.888990	0.945300	6.701920	7.238140	7.028740	2.064200
489	1.728800	1.228200	-0.272700	1.085400	0.414000	5.154510	0.428000	1.009100	1.254900	0.941400	-0.181100	0.211500	0.441800	0.539600	0.650000	0.823800	0.233000	0.293600	0.000000	1.110400
490	0.769300	0.589100	-0.006900	0.964100	0.327400	2.918200	-0.166800	0.632200	0.334900	0.418300	-0.509700	-0.358900	0.322900	0.000000	0.623000	0.312300	-0.694400	-0.264800	-0.293400	0.443200