16.5736048110011
3.26264073735973
1.94887686544821
9.82698504699645
3.71873242021153
0.332591854306985
3.27305444622513
0.122095664555063
3.64781406412729
6.00767057452911
3.78696126598641
12.4026750530022
13.9945433971472
15.079759040401
0.0918791791771158
12.6151000254294
13.1538673633042
1.55371536607204
10.9739919394502
5.64195492026649
11.3865194846345
14.7625306777964
10.8950143560422
15.9270771407492
13.2709341081061
7.30440343784724
12.1205618086565
4.86910227166704
8.51533952223879
12.8341103403328
2.02221741098632
8.36979056878875
7.92487073278663
2.21445049168572
2.77806359031363
8.1695083943615
12.0263971535636
16.2536153832816
8.32853992933288
13.6174803029347
3.77415113241136
11.4244087114752
2.76130662287208
0.937144890258364
9.54435272287069
12.2438235102908
10.2779610012133
7.60957705143896
12.8547758911041
3.05575554855817
6.67417147330916
5.70296798766334
1.16589549501544
11.6021363865264
12.3939166426431
0.725544103934953
9.46353369438031
3.37984441887134
3.86123566273234
4.95595421476894
3.7795447349954
2.5632264103295
3.4872959309255
0.000429034586918561
4.95974408500538
5.74759488727874
12.1330503242527
0.429729801987258
11.3973607923152
12.5788496141976
5.2280750961048
14.2091484381411
10.57231295208
12.2027585923822
12.9437497769916
3.59260468533949
9.77770040935717
1.87784554409788
3.36267978922856
3.17745293223397
6.04573806975092
4.95844335831963
13.6659859530502
15.1951722980046
7.61839863046965
12.3469058496456
11.8791849027316
12.535830089385
0.526056974349332
3.60066260385685
4.86232378406355
3.00213457277173
14.4741665609442
3.71365944387579
13.1632977364103
6.85452518238167
8.60695425461137
13.2979060502813
14.1416104824242
2.19568771429421
5.07752403550472
10.1523734665637
5.92331860123861
5.13956668036393
1.83463985376485
12.8542915788538
5.95858881045663
0.0249245235387835
6.40929454230448
3.44695472558063
13.8182143840266
7.63865488296689
13.0859787946833
13.9223262055012
6.12757254839322
14.5797035175172
5.22563874939321
16.3886482871654
1.59338405969953
14.9369525584005
6.01630599148927
2.26433671029648
13.9491153924936
11.4963805913376
12.0350017930788
8.44366699668414
13.1251868081604
8.9022643844516
15.6913449962677
4.28458081010827
0.0805278009843663
13.4786258512527
9.51223758023069
3.82560831098646
17.6405662217084
15.2040110152503
14.5463906281053
2.16453842759217
2.71813373264078
4.02482889222675
10.4177002172963
7.54212824665347
3.3970906180212
7.92040185096462
3.81741526345085
2.43197106249965
6.73400503933635
6.18091115717112
13.8226511866721
4.22407402712096
17.4650095194705
13.7181432824433
3.54122561159784
12.0368064146699
14.0399886320425
4.25185879057531
11.3513900872052
7.48567307662379
12.7596264787604
7.42937751675425
11.787053573849
1.33023744000428
15.1232268431826
12.9836117633373
16.876015859246
9.31977988409584
11.2979602979499
3.6650854793152
1.97581571363671
1.88408080003072
2.37167420159023
1.6455761176677
0.725993882532009
2.59083771650377
6.0701484634387
8.23526690630906
1.64842524659226
9.73871758919344
13.2451132515048
11.5724258852818
12.6504465306372
11.7768467948534
4.0473566809637
11.3346540409794
13.7294021662114
7.61084311665997
0.872080396848315
12.741888278485
14.8350843528386
14.2248888792695
12.6462020439496
0.00477994919692322
4.03200787078473
2.62848279978347
7.9973006784837
2.40242569635089
5.44843580519493
8.7505494750684
12.6941547842127
14.1408465329783
14.7424440535031
14.3541125197004
11.6674961682566
12.7934224528102
7.11076038292601
13.3624108615337
2.49030748887337
15.0852447256548
10.7506106726521
8.81796313089552
14.2858694355871
9.89543843843635
13.5375555334123
14.9789345156248
12.8443948820135
12.0391519016169
7.15554766969993
11.5492021006914
9.47798580732151
4.66382987499679
8.30155444306203
2.86182600950962
7.46827291755879
4.24203103883586
4.87322272435071
5.74359776758627
8.10212961546482
9.46116231275505
2.13975075638408
9.54517072519921
10.4855767410445
5.56709312985059
7.30514877370375
10.769504709264
2.4312702056719
10.986022837491
2.8479524032541
7.18733960001797
2.1964033914689
11.6665842667237
0.0909786561880974
0.976200075846685
2.54243373808291
2.09885433048759
2.56415995213363
3.53365685028687
10.820008802353
0.00085631507704877
2.87111248983267
5.08034270645025
9.30168574288642
7.30352855993833
12.5363734091149
15.4171216143574
5.93221925201719
12.8330263295814
2.53775088167083
7.8201301556112
2.98653136514724
4.05382967482653
14.4041985392427
1.57899428650197
15.6296215055072
5.38872799790389
11.9449584377042
5.25142846288799
13.19435655734
13.9022747510971
4.66506265803376
12.6483355366284
9.20369147891441
12.5118947906729
0.359013675271156
4.27115199934936
3.32158130329521
2.70192221106636
13.5335706245988
0.00040052126587438
4.30669054490065
3.34690224657612
13.6767973190665
11.22781279115
15.4709584148849
7.93632138394167
6.74521095342462
3.49854000528211
5.21555821062324
10.3889002230187
6.20621802474799
11.1470760584528
9.36802981402679
8.96797589098755
9.30216736143199
2.52645743493228
0.0159623873821663
7.46483470170984
1.90873879795049
0.465499968193575
11.7197186051025
6.59816888616841
2.76851015337165
12.2609758355774
8.43832886094334
14.7985825632568
10.748622913705
4.3176503572027
10.3280206526278
4.40148547206767
2.36106400289993
6.13569275768357
4.16385624926107
4.30935549385895
7.08386706042579
4.57072524157722
11.0065033602814
12.0977687027921
13.2533983020975
11.8624430093015
1.36953736614043
14.1352381950781
7.71058921972492
5.72136129470035
4.98289425862845
3.80100220087164
12.4958811584625
0.107034467998233
7.81451429612156
4.21426028106759
13.0966413429386
9.5531576191667
0.181884116151325
7.06626268215625
11.4479698743805
14.59124658987
4.25136314533063
16.3623028129205
14.9183581388704
1.98861155151206
4.70134633875712
2.38527358168319
0.00463261120900322
3.01376246794793
9.36788325004119
7.72104263831007
12.0802228987068
8.25523359101486
15.4439396639717
13.5260599440942
4.49864781017325
15.3389982059135
5.71700989172936
10.5229812679627
12.1162216131567
7.80971850602196
2.00310555148574
13.3090073073417
14.2799886483882
6.41440601518599
5.63618389502242
11.4966714469104
14.6226915661425
3.19475906125407
10.1939186253
13.9286060157226
12.5883644243573
4.54794856110753
12.5342351789392
12.0937480917448
5.364225624859
8.03482830851581
12.2505244794169
14.4493730208458
5.52302483156571
8.18758129877384
14.2312766716579
10.8759588259849
7.97272391839937
13.8355152165878
11.3250690554824
14.2688848583928
9.15358239762746
13.581885613759
10.8689343523709
11.7162326677444
13.9226114896666
6.48423874864443
15.5411626146979
8.0075514200066
17.0491432716922
16.0044690317829
17.6516192906963
11.9807238182171
3.25759631107013
13.7091247545755
15.1270088359363
10.000725501584
11.2598020653826
13.4207909704315
10.219807428295
11.0790360550758
14.1555244281924
13.8730123622503
4.62079848850547
14.2581161770781
12.0331309846144
9.35327904073207
6.10833561405286
13.9746545153867
13.9032207208998
10.9260660234011
6.89660003469298
13.2108709170754
11.4792438169834
2.08206339571442
10.0843710671264
10.752398177674
7.13649684853145
3.50672068416679
6.67591119826929
11.0095162393263
9.55220197688617
2.76725988719403
10.819742896707
13.2905240052729
4.64052637650408
6.99602880272138
8.20789658110826
6.97098020952272
5.40339953615107
9.12852137241758
9.71978573601951
9.65365647471254
2.24752286826938
8.98264485355356
14.6587332130716
4.46866170922963
6.61035482263097
12.0462500004981
12.833785254662
2.79523247389765
10.1996271074056
14.480390657588
10.8353540996178
3.06965772089606
7.83301588393326
13.6297532063651
5.26042584318058
3.49444163498494
12.4379448226893
11.7262175783289
11.4450251549769
5.0145773591107
13.8604412053713
0.046947853306601
0.274703654225047
4.3235280372987
12.2251222485148
2.72350571817339
3.72163067413379
4.88477542808396
14.4014013419977
3.31984202981215
3.09597459430391
15.3423451499401
14.9593541809173
5.60378768174894
3.61914275587518
12.4902249051235
11.0884577058946
2.48463570199891
7.03122824825731
11.7236402433562
5.43675516319019
13.2387657198917
4.47943991837773
15.4348894906978
7.59513328225005
14.13931854514
13.8137872595588
8.33224116943794
10.279611884024
14.3015914339639
14.826547542925
1.49321196776704
11.1856388411863
14.7036165429027
13.4600695608852
7.26821733915322
12.7218135328125
13.203369045571
