dN/dS,LRT,p-value,Log(L)
3.17603086687411e-16,51.9040715749305,2.913780328128723e-13,-4.080526231066953
1.20518300967436,0.6519365375303323,0.2097105833381039,-203.7891335536832
0.2361623919396071,14.29302612365694,7.822170117349758e-05,-170.1515043020499
0.4933247862713772,5.111201122382823,0.01188592860937371,-88.95695608205422
0.2462407420798995,13.23606513545116,0.0001373068907911668,-73.6972644255965
0.05164234604110081,30.74342012460133,1.472503863286789e-08,-55.91786625150638
0.5015282908595977,3.031487873297863,0.04083154947217399,-110.8749964075888
0.2350409672896159,18.02089549349934,1.09246745107483e-05,-57.75224489488496
1.075158730218468,0.07667239320818453,0.3909292898851721,-135.7195529674133
0.863719188817447,0.3145375400515036,0.2874545129657001,-151.5609889883939
0.7492394314320924,0.6422128664989373,0.2114553101915264,-161.0338128915677
0.6008212040674217,3.399442958969701,0.03260921999604988,-172.9810864601772
0.6375008731240118,1.417911534282723,0.1168737302017168,-219.7814551062202
1.122027351219597,0.2543652404636418,0.307009006012727,-186.80469930167
0.8975630256466374,0.1690514231126485,0.3404781087409338,-211.8553491085014
0.9849353779293057,0.004385656700947038,0.4735996289549608,-249.5502476237489
0.5578109123677283,3.539726245609415,0.02995767456630183,-137.8824906814284
0.5445782252858767,5.91898773835436,0.007489280865872805,-165.5856645622059
2.394224622553394,31.28326258668039,1.114969361282192e-08,-472.3823345119587
0.2015667242581538,23.55968522317625,6.054916390496601e-07,-169.5933316021178
0.7748378683447057,1.627112698583346,0.1010514342573696,-265.5672005134231
0.4753188191401392,8.611582495635105,0.001670159762753143,-157.0786280590987
0.4886920019553422,9.218263575419769,0.001198063482611644,-141.2390591878334
0.4744542981760179,8.659226484539602,0.001627047020936301,-162.5115849593024
0.5945590887258978,5.813208558989231,0.007953123710675025,-169.7662941165463
1.110771885952252,0.2866407992387394,0.2961906353943959,-344.4285249572214
0.036179694868886,46.55879665087451,4.445499524052821e-12,-86.58229504185897
0.3719330767295201,12.55883472902019,0.0001971687820723766,-257.7762810057898
0.07451352004549854,19.61798532069116,4.728736648695886e-06,-177.7241966119551
9.555848176237971e-17,52.28745838706106,2.396971510165713e-13,-54.92522995672691
0.1902158432096358,20.74915514908861,2.617733582066517e-06,-166.3281664531641
5.840566125974614e-16,61.80836405071545,1.887379141862766e-15,-128.1825104225473
0.1545106048725781,28.77961936162677,4.055003194336493e-08,-152.3139194833602
0.03861100891791578,43.21624344297768,2.450606384485354e-11,-28.65005410975392
0.07237234242259818,40.68975854740253,8.92099172311589e-11,-73.16120129922069
0.1952295207693937,24.82736331013916,3.135052188407705e-07,-177.1500496326801
0.3230343278535101,15.42467902143358,4.292982119186162e-05,-147.6702286697159
3.17603086687411e-16,50.47666205699431,6.029621246739225e-13,-97.18995433427548
2.731941657024047e-16,59.59607318796486,5.828670879282072e-15,-102.4356380407025
0.08257757605700132,34.38829629963482,2.257148579154489e-09,-265.1733204852737
0.8305693593882278,0.804134456718316,0.1849300513379699,-227.6682992897104
5.840566125974614e-16,51.16519033339461,4.245492846166599e-13,-82.4731831873075
0.3791975642261868,11.97483683129425,0.0002696189416606098,-102.2877044437202
3.17603086687411e-16,48.36138058232326,1.772415547662831e-12,-34.15471382184304
0.1293554995806787,28.03743313299501,5.949565634599807e-08,-117.0018460857211
0.3305436496924134,14.65294148497469,6.461640146177006e-05,-271.8699630088203
0.7530011403734729,1.677912312094179,0.09760104414641346,-167.6133638541231
0.1393757322657296,33.55147878483464,3.470129461558003e-09,-95.25963316927573
1.090954456823917,0.1320826940483357,0.3581411645380644,-197.222098491745
0.3451275406022472,13.29883634644338,0.0001327854449993948,-110.784423231986
3.17603086687411e-16,54.4641872696784,7.915890165577366e-14,-67.53136423529985
0.07806100922546023,36.96528437833365,6.012566555746446e-10,-160.4968863363131
5.840566125974614e-16,48.36138239133899,1.772415547662831e-12,-66.83675142171401
0.0395417970352947,42.01557755704474,4.527461738845773e-11,-55.57336055023443
9.555848176237971e-17,55.20386684175151,5.434541705540141e-14,-91.87675056814189
0.08258405496284507,34.38488192035607,2.261111742285493e-09,-92.99663320942146
1.028145822447522e-15,54.4623378525971,7.921441280700492e-14,-211.76922715464
0.07449625486077766,19.62468163495845,4.712192918698843e-06,-181.8468949122712
0.1561882894380417,28.30506466031846,5.181225487538299e-08,-109.788757366605
6.728744545674702e-16,32.63176373157407,5.568977501368977e-09,-75.09578970481388
1.648362931061048,10.17143764872935,0.0007131650710450743,-368.4649472578735
0.2766069534083225,15.93036363102885,3.285799121316435e-05,-155.3115617830758
0.5863093218253156,3.767097682535962,0.0261351278682484,-134.3568154831698
0.7576283295569406,1.603648807366085,0.1026934435812458,-183.1129645626326
0.6772603685588505,3.63586683033418,0.0282735753418929,-203.4581222661054
1.402462771246854,3.980364573076827,0.02301679934410583,-284.6720969566064
0.1013338941943533,39.35967238426807,1.762511803171662e-10,-58.31690194804777
0.03819858840564355,43.75403859657948,1.861738541109048e-11,-107.6768602248167
1.932912556737967,18.95774643967445,6.682277562120031e-06,-359.5041687799922
0.3958340444708322,14.3482236591596,7.596148229055411e-05,-192.0723002078143
0.04027309248280426,41.183418807658,6.92966239945747e-11,-94.33181726857407
0.3092615923475949,16.91922299260551,1.950229129327186e-05,-167.8839326821099
0.9708554260444076,0.0140890223237875,0.452757632421168,-250.7576707156723
0.3884408255149579,11.2836136060036,0.000390971022278086,-170.4034716929175
0.3512683661121207,12.78615416499395,0.0001745971284264902,-131.5905084075223
9.555848176237971e-17,57.3211022332742,1.848521336000886e-14,-43.20714822077341
9.682324783204268e-17,59.64342207706392,5.662137425588298e-15,-183.8212669934282
0.748657215620017,1.84303211182521,0.08729799034655766,-212.1991931484875
0.0790956786758439,36.32656639705482,8.343680191202907e-10,-119.0986957974158
0.03819424717388979,43.76048954333365,1.855610110013117e-11,-69.06908636777422
0.08258634977336478,34.38363992951247,2.262555143239808e-09,-78.10304182043149
0.1491542204522321,15.18380353921378,4.876821119254027e-05,-154.8265699683926
0.2364142579492403,24.95244223403074,2.938102320326763e-07,-72.67330098527162
9.555848176237971e-17,57.32165959869366,1.848521336000886e-14,-19.75033646657468
0.1810841330538487,28.07532117365753,5.834218047562345e-08,-145.1814288368085
1.028145822447522e-15,26.79035854100832,1.133829503063843e-07,-67.16406979988405
6.728744545674702e-16,28.19004914208872,5.498424132666102e-08,-123.7991422741275
3.17603086687411e-16,59.60399661638391,5.773159728050814e-15,-114.7557393032299
0.03482911651916938,48.60491120676446,1.565414464721471e-12,-84.97931829245252
3.17603086687411e-16,49.60961955917219,9.379719223545635e-13,-70.78194879129815
0.4428185106099262,7.078890887253124,0.003899863605755893,-181.4884496468518
9.555848176237971e-17,52.2931479806763,2.390310172017962e-13,-37.92663038257724
0.1045143650542143,37.76875750327414,3.98235888710019e-10,-85.51903520343001
0.8088095090393975,1.205833939605782,0.1360793859271057,-256.3580304868634
0.6273325531995212,3.569245267122199,0.02942952860927561,-149.8172441263957
0.2448594127104283,13.38420514165998,0.0001268760829085669,-112.6275406526103
0.3165808326621126,16.0839310211656,3.029801762421958e-05,-187.63916220387
0.1677370984828749,25.3341447419065,2.410493999405183e-07,-93.7437928631484
0.409040442361744,10.97730854832616,0.0004611714293287772,-155.1229868310681
1,0,1,0
0.06966735747524511,42.66316709683636,3.251260372039155e-11,-74.72675904617464
9.555848176237971e-17,45.55972998676721,7.402745083595619e-12,-58.26588413716653
0.04469264008054408,36.48294827727419,7.70038310893284e-10,-36.02841501403982
0.6658462668808652,3.22519630911637,0.03625655094340902,-196.7022470705083
0.03665450791697988,45.84771603677179,6.390610263196095e-12,-60.35204103908817
3.17603086687411e-16,48.36729763902883,1.76708647714463e-12,-203.0586126880652
0.3958068446534217,14.351155135483,7.584330070986578e-05,-151.5921304923041
0.7131017606822103,2.173722035978869,0.07019304568318258,-177.4021005232966
0.2535049121613771,21.96313284845928,1.389692275033383e-06,-142.0454815299517
1.410417726853635,3.054447918433368,0.04025817709777652,-224.5268569911121
6.740639792367023e-18,60.6609447428869,3.386180225106727e-15,-19.54970040159735
0.7137092911624866,2.289439711454577,0.06512846840446723,-187.9715071738564
9.555848176237971e-17,52.29259926602845,2.390865283530275e-13,-57.5946716959381
0.04979156848187118,32.09645130924443,7.335252183438001e-09,-48.3235649690902
0.04027208288718919,41.18461523502813,6.925421347503402e-11,-75.10484897392647
0.04980016841600063,32.08989767440309,7.360038523085422e-09,-36.20214092038756
0.1401222033986464,33.29186538472942,3.965685946294428e-09,-86.62753784385278
0.07808594669280662,36.95030059135587,6.05895056349226e-10,-124.6251029809044
0.1612216424344866,26.98214047755368,1.026720198304965e-07,-152.1012872248096
0.1742624479786346,29.83715175776788,2.349502875587106e-08,-75.58090862779406
0.1992349054308896,19.19821794700607,5.891166559524041e-06,-57.37712869871694
0.545524691409859,6.794336895045319,0.004572374156852521,-208.0679883929058
0.04613607159720638,35.14711102163554,1.528573045916914e-09,-83.50083899944863
9.555848176237971e-17,45.54949332593782,7.441491867155037e-12,-71.26996718399931
0.1021907172241389,38.93186916887805,2.194286419232583e-10,-152.7209560762146
4.730343101349462e-16,37.42640037175038,4.746420478873858e-10,-49.01978144388422
0.1491206395380771,15.18885052662034,4.86380393555641e-05,-93.65377913314146
0.8254405773084813,0.8220009360507561,0.1822978940286324,-194.2234733992705
3.17603086687411e-16,55.20386684170174,5.434541705540141e-14,-59.44680219393162
0.2133979113603123,17.09769848649916,1.775265264331027e-05,-138.8844668542993
1.028145822447522e-15,42.75717500203643,3.098710177340536e-11,-231.2470569118067
9.555848176237971e-17,62.11849289233837,1.609823385706477e-15,-72.20265999500658
0.08272938634462287,34.30556924863933,2.355159567368759e-09,-106.2080804664559
0.223456077577721,11.840183841824,0.0002898305141420532,-204.4054085760274
0.07331688454122673,40.00740694103331,1.265008653383859e-10,-174.6819095599491
9.555848176237971e-17,44.70726920802578,1.144029315724993e-11,-61.26970584914076
1.040037044618485,0.03937744293705236,0.421351388498541,-234.3055151458605
0.8381711406699367,0.6919917743658175,0.2027438648204672,-207.5579824937774
2.731941657024047e-16,54.46456208331114,7.915890165577366e-14,-41.92350499411828
1.131746162454245,0.4980787692480817,0.2401727564429729,-342.6152740348764
3.659764554900657e-17,44.71003743605105,1.142413941224163e-11,-19.09172533616129
0.1969275779771198,24.46057580384564,3.792301429550449e-07,-85.9375895296331
0.07052772893695287,21.02882430014131,2.262127230201472e-06,-15.16690340691708
1.360062632196062,2.812361188441969,0.04677030263645954,-330.8217812025806
0.03350285581434096,50.80356085319011,5.104250355714157e-13,-62.04866159717528
0.07806594573905465,36.96234791487126,6.021628751184949e-10,-107.4056832275688
0.3751496286785989,12.4593278105915,0.0002079547958070416,-187.4757180984627
9.555848176237971e-17,32.63024534634698,5.573329797670112e-09,-84.20064904191635
0.4708556955429673,8.862428184055489,0.001455500434279056,-209.581195890154
4.730343101349462e-16,59.74590077549951,5.384581669432009e-15,-116.6885426396047
0.3312123893302606,14.58895373362861,6.684797930611719e-05,-105.2012377494854
0.03291721765768889,51.83422776864072,3.019251515468113e-13,-102.1104442717314
0.3258375689868621,13.23870427757674,0.0001371137027565972,-140.812995903336
2.662258207350609,50.85278193486943,4.978240042419202e-13,-621.1705680958362
9.555848176237971e-17,52.29328781836556,2.389755060505649e-13,-44.19427275738384
1.085842233602108,0.1905506398720718,0.3312293597121678,-226.4087533295075
0.1704020484809154,30.90370947063582,1.355765022470479e-08,-143.7393662495342
1.818257382824011,15.01263836146484,5.339678725341246e-05,-375.9350898140611
0.09218325440789997,29.80770350894113,2.385462433140972e-08,-163.4486786035492
1.587254282137716,7.325254054566585,0.003399617632489083,-358.131331841154
1.787460391575951,12.83350759191705,0.0001702334547366569,-394.2687516996201
0.03292584852942914,51.82092806279621,3.039790641423679e-13,-53.14964382311861
9.555848176237971e-17,44.7087402188408,1.143174443996031e-11,-40.09032698398413
3.17603086687411e-16,44.7087281898624,1.143179995111154e-11,-64.83959586824962
0.09876254013210505,40.77171448849829,8.554584818298849e-11,-60.80547382444298
0.5353886515937387,7.26732208766532,0.003511021106447132,-206.7349815918553
6.728744545674702e-16,27.82338606832587,6.645490241430352e-08,-135.1288035114754
0.03953950831955277,42.01812494283124,4.521566454585013e-11,-69.90254542986968
1,0,1,0
0.07087661712671001,20.89362509067558,2.427538436378107e-06,-163.1337515821842
0.3696250536477554,12.74932851542724,0.0001780684979954539,-115.9242434481193
0.9329121536795952,0.1131383347435531,0.36829954489066,-373.3537116960478
2.09521220643101,11.83449347144131,0.0002907175645786575,-270.6252819315603
0.9770134068377627,0.01302307310839979,0.4545718572631438,-227.9818898834484
0.6452912873532881,3.117263178920666,0.03873339612600629,-136.6108556044011
0.2097778911631845,21.98370834718182,1.374873372150809e-06,-113.621997574053
0.04980330073424282,32.08753884055676,7.368980314836904e-09,-134.1911651627509
0.202380583404608,23.40047862716162,6.577290165288296e-07,-114.9396570945117
0.2177710875637472,24.75845886291006,3.249149296835618e-07,-146.580703357513
0.2222756854554622,11.3161014807593,0.0003841893354351034,-223.5286039354921
0.1978687398644985,24.26517503930114,4.197155623608673e-07,-212.0268851191793
0.2733612419365279,19.00951927550972,6.503397322832338e-06,-217.7762026044267
0.3721677852711435,12.53967791257799,0.0001992004839568851,-221.6421401958168
0.1614092264103767,40.36972166709191,1.050865505725085e-10,-70.13534810733768
0.04027889969900147,41.17651183714268,6.954192777186563e-11,-50.29407921870304
0.1186843007887486,31.68045545457954,9.087101071614256e-09,-53.87041791346564
0.5553095888558802,5.930016978716196,0.007442549209434934,-151.2899991387512
0.3274719385775196,16.82189181227989,2.052846466010783e-05,-158.9483186810902
1.658853334466483,7.36849303640588,0.003318826786265883,-292.9703537682304
0.1788936336563829,22.91039688194212,8.486565331589091e-07,-91.1934263036771
0.1743581057317899,29.81133784362382,2.38099485128096e-08,-80.25884140857966
0.04190766152118231,39.27649880247739,1.839211005716379e-10,-73.96516001381224
9.682324783204268e-17,28.17892599023855,5.530113950102944e-08,-108.3648736148039
3.17603086687411e-16,40.09914236101314,1.20697452032914e-10,-43.0153078481929
0.08619265868448789,32.5265789168503,5.878676101467306e-09,-74.34979211236498
1,0,1,0
5.840566125974614e-16,62.0850183271221,1.665334536937735e-15,-134.7183077598084
0.3125882532671828,16.5385458296854,2.383553440665764e-05,-203.5149312673978
1.128738759186167,0.4071689296266641,0.26170497685807,-342.2208923883486
0.07722955384441378,37.48054661734676,4.616464432949385e-10,-103.6111854817948
9.682324783204268e-17,49.60959793890976,9.379719223545635e-13,-181.6244131742761
1.466657917592357,5.809133076403896,0.007971575890950766,-460.0907815452388
0.04129642650118859,39.97466686696362,1.286389883503603e-10,-273.1461932998279
1.052641798778557,0.07731801833824647,0.3904826984774608,-279.3309050871676
0.6189330379109507,4.333783242947788,0.01868155603562216,-161.0814220196097
0.2794183203786845,20.80334244215305,2.544703210705102e-06,-135.8967362402419
3.17603086687411e-16,32.63313495712359,5.565050031908214e-09,-43.13222063972383
1.319382687157351,2.117035694983997,0.07283412205161632,-281.161313416418
1.198738996669255,0.925664710252363,0.1679959935349888,-276.2328759623415
2.359552406784998,17.67112224166556,1.312914888429439e-05,-391.1875900226149
0.5489776603171096,4.865097798763088,0.01370262262841399,-128.3745261102128
0.4021185942240446,12.63641232404427,0.0001891526485824357,-164.7803667833237
0.6117714809312863,2.855684175130136,0.04552574719827535,-131.7243421693926
0.8579183178717624,0.5423982820740321,0.230720248347148,-240.5660628959224
0.8847594917222885,0.2648091721514447,0.303417636662514,-166.4606870552823
9.555848176237971e-17,60.05869303430228,4.6074255521944e-15,-71.72886779719195
0.357289138549492,15.34861555483943,4.469320190497728e-05,-115.4070081464989
0.5947310221413251,4.514741776476171,0.01680197912845283,-168.3955344495382
0.2066593107519248,22.56943971574063,1.013415854178579e-06,-110.7651894854252
0.07809115939879228,36.94709366331301,6.06892425203398e-10,-153.1740520303794
0.0460713374416121,35.2064855680637,1.482671818653358e-09,-82.75928971932146
9.555848176237971e-17,48.36138232499769,1.772415547662831e-12,-68.62321717808072
0.3781375252534172,12.0547700654482,0.0002583000991552842,-122.0220900321044
0.3918977595334431,13.48778175551882,0.0001200609466565639,-170.5330559347629
0.2305926478222865,26.10893800539588,1.613434075786735e-07,-133.6929617177872
3.17603086687411e-16,32.63319493172176,5.564878280406305e-09,-36.53934411612899
0.06119912795735076,25.04446112368656,2.801172749311576e-07,-60.62821762793833
0.275792025130369,18.6828791065773,7.718115301369455e-06,-126.1186786280207
0.1170217311564468,32.33078125374902,6.50184983630453e-09,-128.02872399801
0.8217063562114517,0.780107850401464,0.1885540786920257,-242.9900435059258
0.08055572094711355,35.53079993213487,1.255247072950993e-09,-176.8987808260435
0.3948561908855479,12.02524700817753,0.0002624237135459562,-150.0152959224446
0.3883762171940839,11.28685930504224,0.000390288094020641,-219.978952929693
0.3345655128934734,17.83397031125924,1.205206249982327e-05,-203.8840683693502
0.9262528713722216,0.1201106043999971,0.3644572805676676,-272.8312079617984
0.9691459458358421,0.02670845794762045,0.4350910342063498,-269.9470854963654
1.216095725619153,1.074038111817231,0.1500175550766473,-311.3236676256606
0.2748107130367002,18.81385629331709,7.205815456878817e-06,-213.4180430448292
1.444106060562076,4.537535782309305,0.01657964712710674,-322.5715438562493
0.06818032443731477,43.82517942397047,1.795280590854986e-11,-117.3247398233534
3.927798045342143,128.5763403210428,0,-715.2856512121698
1.858852947513823,13.30451936192139,0.000132383577188977,-423.1097227028131
0.2086829026421504,22.21537585319027,1.218571135719326e-06,-139.13530778925
9.555848176237971e-17,60.61727494597011,3.441691376337985e-15,-58.05240018018523
1.512498130600267,6.013816087009786,0.007097149089815513,-405.056926606401
0.3431746346655162,16.83615322907858,2.037477716659852e-05,-83.36600834212337
9.555848176237971e-17,60.61891074882988,3.441691376337985e-15,-26.33856009084053
0.04308447026923262,38.0288882142531,3.485244315371006e-10,-122.6324515935183
0.2489705250374259,16.21674488897548,2.824627937114688e-05,-77.18308705034326
1.738688558207614e-15,28.30823918513851,5.172735573211185e-08,-4.521854039523146
9.555848176237971e-17,48.32481094800971,1.805777749552817e-12,-30.87611210884083
0.1690429882657235,31.28907613270978,1.111635561379387e-08,-61.17155510483068
0.03906486092666085,42.62986333841539,3.307093487947554e-11,-115.3717815917788
0.2518583136772605,19.03739270202541,6.409091468539962e-06,-73.81733269603659
0.1209409140186242,30.89148613399027,1.364331064790392e-08,-244.5899327510408
0.03352227352187385,50.77026582877687,5.191957974659545e-13,-101.3060259437387
9.555848176237971e-17,57.27797861100838,1.892930256985892e-14,-43.99447302802232
0.4743298846628334,10.10782352166598,0.0007382061029777565,-137.0820082785688
0.2636332467531881,17.48787572680519,1.445728779037037e-05,-104.5032408098016
0.07094002978420814,20.87081623861451,2.456617549051465e-06,-114.4544188939393
0.04311957410214338,38.01129589077561,3.516811286630173e-10,-97.66246377395872
1.074636591112424,0.1359721512490069,0.3561592675896409,-281.8686303680029
0.1978927302407823,29.12922018369599,3.385402891353806e-08,-114.5764553420539
0.3724702543405313,12.51509624029546,0.0002018384969396103,-145.6563777311436
9.555848176237971e-17,62.05240490986654,1.665334536937735e-15,-107.3923953073616
3.17603086687411e-16,50.43917777460203,6.145639552812554e-13,-83.2177430584954
0.07463988459423045,19.57621027330134,4.833269834525478e-06,-101.9140556798048
0.04312243146134869,38.00854226757721,3.521778424442346e-10,-62.44449900880511
3.17603086687411e-16,55.16211579951542,5.551115123125783e-14,-93.90652671744199
2.731941657024047e-16,49.57208738927079,9.560685576559536e-13,-45.94735308792688
3.17603086687411e-16,56.42124468980421,2.925437669887287e-14,-116.0898277713838
3.17603086687411e-16,62.07655674490945,1.665334536937735e-15,-67.35172409009604
0.09968980796162415,26.83789705814749,1.106278271212346e-07,-82.85668518439866
9.555848176237971e-17,44.67538766758065,1.16281428930165e-11,-81.5829455134415
0.1678372833297857,25.31059132931176,2.440108343160219e-07,-64.95362948836612
0.540553412026003,7.485469675106287,0.003109942164432056,-150.0907430393917
1.766415773700416,8.060723659000814,0.002261755636784546,-304.4755469983696
0.8696469629914082,0.5297537438647737,0.2333552045541196,-216.4520794129062
0.09657296426344128,42.01946756796713,4.518463381231186e-11,-163.0271324958338
0.6308765187489385,3.718407913686804,0.02690783072864472,-159.024558390632
0.1317942039441074,36.40519794129034,8.013760766090172e-10,-74.7567083549596
3.17603086687411e-16,37.43138319539776,4.734310166121247e-10,-43.93728333574455
0.4742188074865793,10.1143118560779,0.0007356117768544945,-129.7804212403101
0.161437284803801,40.35912731784953,1.056579823632831e-10,-57.28366810698218
0.4259854966061571,11.81848990137854,0.0002932270248227065,-209.4243315442972
9.555848176237971e-17,37.4171312027557,4.769031836104887e-10,-48.63457355869624
0.06989044829431199,42.49401941145815,3.544936566513002e-11,-38.15376565181485
0.2899621618524922,19.32688355356245,5.507230268098073e-06,-125.8318188348658
0.5261932099262107,6.703767855981368,0.004810469486560609,-181.6900860321967
0.04311468004862114,38.0111223034794,3.517124369523117e-10,-91.50935976786383
0.6170529668970423,5.221977352553779,0.01115158836787139,-226.6877400575868
0.8593761992214782,0.4868645245832113,0.2426646560351803,-179.5080275006001
2.731941657024047e-16,52.25367877603929,2.438604873589156e-13,-42.91064566724285
0.8735540957019637,0.4190080232084483,0.2587162184325479,-246.6804663535657
0.2768924684568301,15.89804757210783,3.342382062054838e-05,-129.6184664124059
0.8105566625568654,1.038314974897162,0.1541068441366378,-192.8062500753767
9.555848176237971e-17,52.25380108657841,2.438604873589156e-13,-32.08341909265619
0.08625189200827227,32.49613200935843,5.971499850154771e-09,-76.18327499860359
3.17603086687411e-16,48.32481269814397,1.805777749552817e-12,-99.52869213164171
9.555848176237971e-17,49.57205227196606,9.560685576559536e-13,-35.0449618601407
0.1187477947486164,31.65620956963025,9.201261974567387e-09,-65.72845555992271
2.731941657024047e-16,59.5454933968642,5.995204332975845e-15,-57.60088081018358
5.114956077737342e-17,60.61885514100493,3.441691376337985e-15,-25.96955059460532
0.1294286180040005,28.02133040629286,5.999278757107263e-08,-146.0132818166364
0.2823937143908387,17.84397835438392,1.19888415889835e-05,-118.5639572638259
0.277277305343513,18.47466540890812,8.608895687600704e-06,-89.51634808370704
0.4541665665708989,10.69307153384989,0.0005376875645664581,-139.4732927533382
0.2518909067584096,19.03263171701826,6.425101789442333e-06,-90.00137038263894
9.555848176237971e-17,49.57207178769933,9.560685576559536e-13,-56.20901348671901
5.114956077737342e-17,44.67513351825367,1.162964169409975e-11,-54.8729552812546
9.682324783204268e-17,32.60847999153404,5.636093092231675e-09,-43.67656856640196
0.03957760114881013,41.9718067888748,4.629946426248921e-11,-51.3510706071408
0.1953692393717587,24.7989948356215,3.181532113871732e-07,-141.6822138324301
0.0791589455776649,36.29204384416521,8.492793135417287e-10,-47.21489550564673
0.2735774274904819,21.68335141915753,1.607850322382642e-06,-162.9682474664903
0.302114750332414,15.52188779301645,4.077772195409946e-05,-160.2279267555201
0.1653374487583479,25.92583636137152,1.773943529848054e-07,-85.02755485169588
0.04982531266529799,32.07069892933285,7.433133442091844e-09,-126.4478274792863
4.730343101349462e-16,62.06470521499145,1.665334536937735e-15,-69.07938837918611
0.7640965429912115,1.661371901885218,0.0987090971289119,-337.2572746836813
3.17603086687411e-16,52.25319459373634,2.439159985101469e-13,-82.35958655279975
9.555848176237971e-17,49.57208607434023,9.560685576559536e-13,-42.55892669632897
0.1424940440403209,32.47081844108499,6.049790168827229e-09,-101.99087500792
2.731941657024047e-16,40.06882325606669,1.225854417974404e-10,-42.54491222099735
0.5875554407191885,5.090275907489456,0.01203018171015646,-238.5837442182603
0.2936451567535752,16.46499327108967,2.477834960962211e-05,-186.5247414125494
0.06121935348117515,25.03432662678298,2.815934421751543e-07,-74.47535554163581
1.029524955286672,0.0225437832125408,0.4403247643367886,-253.9731060697606
0.2068158493480071,22.53860488455609,1.029813089747922e-06,-173.1314061613583
0.1492717689234379,15.16568666408961,4.923837622639038e-05,-189.9798035162699
3.17603086687411e-16,47.57821788047252,2.642608354364029e-12,-57.40682184519568
0.2842833129023969,10.06105559375271,0.0007571821714011384,-139.5716833705657
0.03632513771787555,46.34588410383574,4.955758026170543e-12,-60.58656574729036
0.04144801653049308,39.80523426840173,1.402960525531682e-10,-72.43887141579268
0.03275856285757949,52.12359451542085,2.605693438795242e-13,-195.5838227472802
3.17603086687411e-16,73.97300746712966,0,-4.080526231066953
6.728744545674702e-16,40.1008376306097,1.205927580016919e-10,-181.6881816626862
3.17603086687411e-16,50.22536321449698,6.853406731011091e-13,-67.41399927640823
0.3925800597530336,12.2120335205567,0.0002374112521114635,-156.1999293094834
0.04048722865143306,40.93167604618785,7.88226151016147e-11,-54.48128298043
0.22118817268214,24.0819082938205,4.616181651928564e-07,-139.9966645802837
0.5485683230971858,5.762139996092003,0.008187557980227966,-162.2401427509647
0.1846534746501486,16.32212489431413,2.671819921828966e-05,-78.29378178751377
0.08302720065507906,34.14827773440493,2.55342097466027e-09,-85.89475854695563
0.07166834297952837,41.16950654240874,6.979161693010383e-11,-49.2382927018505
3.17603086687411e-16,46.34870621932438,4.948652598812942e-12,-75.89710655823265
0.1358744547162436,26.1069897211829,1.615062897308839e-07,-45.63883763878839
0.119962177408481,20.82503172321468,2.516047937772825e-06,-54.10191261197858
0.1733368140740384,24.07291426890129,4.63779321779878e-07,-256.3280538345612
0.09757546272987014,27.63357976103838,7.330567347585415e-08,-55.78445974125514
2.287852447174094e-16,38.71678907516673,2.449881963961786e-10,-149.1441310055515
9.682324783204268e-17,40.85215251868595,8.209616320087321e-11,-222.7537262272467
3.17603086687411e-16,45.97281358228071,5.995259844127077e-12,-95.15682077693036
9.555848176237971e-17,32.99154922418111,4.62801630352061e-09,-39.97924696572271
0.04578013688984765,35.4354373422693,1.31823096882755e-09,-16.45272162438103
0.4486942289341272,7.665897379116416,0.002813713253608296,-103.2787386368075
9.555848176237971e-17,36.96262387848336,6.020776655013549e-10,-22.67584041605341
3.17603086687411e-16,45.22559880834791,8.7797547010382e-12,-108.4806181924286
0.0987163185114255,13.61202720310905,0.000112370539265827,-14.69195939597518
0.05131389622543499,30.96396005534203,1.314322600753925e-08,-92.9986599659391
3.17603086687411e-16,41.67288176702741,5.394762414567822e-11,-67.35465643147016
3.17603086687411e-16,51.96447554502862,2.825517597671023e-13,-4.080526231066953
1.576558292247144,5.171117246229301,0.01148272062468314,-283.7882468914377
0.09993729603232004,26.75015938712188,1.157663161444056e-07,-46.21342763727753
9.555848176237971e-17,43.30592831169172,2.340816429580173e-11,-36.02797155735401
1.028145822447522e-15,19.74378010315853,4.427470423562507e-06,-4.521854039523146
9.555848176237971e-17,27.90129699792996,6.383208178695199e-08,-93.82642320719924
0.09245985745952541,29.67449227676386,2.555142575300096e-08,-108.1545460095056
0.2157340981637165,13.17006254350262,0.0001422286214849966,-56.6756033459747
0.1606801139162496,21.01325798192306,2.280580740254834e-06,-145.5124150696775
0.2787818810544179,13.06794891642627,0.0001501959476652992,-106.7863287675531
0.7120652211367717,1.033185547773257,0.1547058233877224,-139.8173355454237
2.731941657024047e-16,34.76289046550843,1.862023646381772e-09,-55.18452511680424
0.3349067170338612,8.903007175305873,0.001423507051595885,-83.54454334897527
0.05329529357352927,29.59446731484996,2.662836789957268e-08,-136.7648611643515
3.17603086687411e-16,41.41049957573583,6.16964257460495e-11,-67.31656110807366
0.744098007346459,1.347758233756394,0.1228352040453587,-178.3413092780897
9.555848176237971e-17,40.98568345086946,7.667422252666256e-11,-56.19200554772881
4.730343101349462e-16,22.41895834182529,1.095998053868286e-06,-35.24669634725255
3.17603086687411e-16,37.92498650070625,3.675881266040903e-10,-40.68090003139778
7.172833755534654e-16,37.92498649365356,3.675881266040903e-10,-74.86205771800334
9.555848176237971e-17,39.3529105376228,1.768626356479785e-10,-47.23247037889328
0.2557267589464292,12.35238083046553,0.0002202122226996339,-100.4603635059234
0.183311474487144,16.50280461134616,2.428908216545178e-05,-69.76240821814956
5.114956077737342e-17,41.64708196245083,5.466421759692253e-11,-24.75560172729443
9.555848176237971e-17,33.20195905693649,4.153340116275217e-09,-93.60885672893535
6.740639792367023e-18,22.40414128742975,1.10448596613022e-06,-9.021839050038464
0.2110702834909892,17.42145529569012,1.497135035494201e-05,-65.31569258657672
0.1054177846428269,24.89695776917728,3.023889378339639e-07,-56.23882958585298
0.3141002269993754,10.21941518879822,0.0006948495453240611,-147.0581671211348
0.4715392075692401,6.620029801523856,0.005041907321991723,-141.7760940619488
0.08926571242263312,15.54193989452662,4.034747548375961e-05,-29.50919548005785
0.06285065500790218,24.23281642536175,4.268264814366596e-07,-46.37509540938663
0.2316538443483575,14.79124064972146,6.004601529763232e-05,-70.39651542495504
0.2348258380404181,18.05353372191968,1.073898134396067e-05,-148.0755712625978
2.287852447174094e-16,32.65100877437402,5.514108225579406e-09,-86.92289446226674
5.840566125974614e-16,18.38870175270085,9.006142629497393e-06,-94.80793239803877
0.0576749696764751,26.90335962691199,1.06943380207003e-07,-69.54729410745763
0.4603163373762426,6.315620513549391,0.005983942762833816,-202.4265133561682
0.1043754855574613,12.61706064727289,0.0001911209613852383,-102.9316720091374
0.2596125124194201,11.99055958153488,0.0002673536571849988,-119.4125521768181
0.4665872865889372,6.943727834622052,0.004205681769349157,-151.7518569539494
0.1894777101816238,15.6382522041839,3.834374643874039e-05,-34.58255824719513
9.555848176237971e-17,32.10976780366349,7.285145542379468e-09,-63.10790711550088
5.840566125974614e-16,33.51451972272028,3.536698656159132e-09,-74.87650088999416
0.2762990078072714,13.29169202594429,0.000133292392337836,-110.928281809276
9.555848176237971e-17,31.618963363025,9.379439336321127e-09,-53.63611573789782
0.06737589723484882,22.25654369135214,1.192722282494785e-06,-63.55061333282957
9.555848176237971e-17,34.31954549706836,2.338306936966461e-09,-46.55696624815176
0.09224355472715452,14.88324199049563,5.718726907066873e-05,-91.56038891941331
0.06495518041958186,23.27023602603445,7.038078185805929e-07,-53.14542406079556
9.555848176237971e-17,36.12131979619885,9.270361700508545e-10,-41.71575700763939
0.06319985826359123,24.05779485034341,4.674352259703696e-07,-91.14583348524651
9.555848176237971e-17,36.12138761776251,9.270039180719891e-10,-27.73904131760563
0.06738699223521166,22.25191746809261,1.195599387437962e-06,-51.76491659050997
0.806156027465181,0.4981057891571936,0.2401668032537772,-127.7216677393759
0.05526913950696673,28.33010347385085,5.114639395342735e-08,-50.91624435129831
0.3534275145212701,9.448257888159503,0.001056748750440206,-163.602816280365
9.555848176237971e-17,36.12080998809979,9.272787537817351e-10,-57.86469713579111
0.0484933788457506,33.12518995802156,4.320597546403349e-09,-131.7743924475567
0.1072505967541643,24.30761289177067,4.105694323963682e-07,-59.99054499216501
0.5857563118630419,3.091744258040706,0.0393452076137582,-146.4270433902165
2.287852447174094e-16,21.64260000336267,1.642373961108223e-06,-71.74135530888901
0.2628525015649801,14.64196217113169,6.499390506953251e-05,-107.3760105160144
0.5341978876714405,3.911701779488794,0.0239755092250154,-140.8040567156104
0.05527465526624205,28.32734299474841,5.121938118080038e-08,-56.12951351588942
0.2530028017611848,12.58423558406776,0.0001945070550480321,-85.41908565956689
9.555848176237971e-17,26.5940456645671,1.255080896989114e-07,-25.46202966315606
0.1177207323234233,21.37519953172563,1.888122244164681e-06,-85.50261953330927
0.1104476117631477,23.34710997702129,6.762328109699567e-07,-71.0606212463078
9.555848176237971e-17,38.05903876980719,3.4318003994116e-10,-48.08744660224426
0.1866767251761194,16.03293894287407,3.112500654001149e-05,-142.2738098070562
9.555848176237971e-17,31.58853819286449,9.527548194832036e-09,-34.46743036437425
0.4589880762596563,7.17373731077231,0.003698924888696276,-83.24824995236754
9.555848176237971e-17,38.02126838585208,3.498882295005501e-10,-45.64648026690423
0.1322593581276646,18.12260741491124,1.035638027879759e-05,-86.95307488162699
0.1063500291608085,12.30836023272666,0.0002254669763705475,-15.60285393121689
9.555848176237971e-17,25.45788162828661,2.260733483749888e-07,-32.80338191514307
5.114956077737342e-17,26.59820003376118,1.252385011807355e-07,-21.40639252326779
0.05964060552330525,25.8284213737011,1.865765606456904e-07,-113.2810138184355
0.05459959436890045,28.76246884901389,4.09107168142242e-08,-200.7606880273007
0.2210905741779335,16.06750634689125,3.056195145717533e-05,-61.63067221320329
0.1987421972614959,14.47162281134396,7.114349355658023e-05,-83.60016972354408
0.3316571034364092,9.097881538264545,0.001279528611644765,-76.32417728471789
0.1178776117013189,21.33523331902289,1.927896558395759e-06,-44.93843352568074
0.1639177625081272,19.7135827080979,4.497984587625847e-06,-94.92326442504805
0.3383783482399547,5.22079336015338,0.01115918334896188,-196.1214386554057
6.728744545674702e-16,36.07756705640551,9.480860541088987e-10,-72.760367982171
9.555848176237971e-17,33.43697865082373,3.680548366080671e-09,-68.85391731127086
9.555848176237971e-17,21.61641494221597,1.664948863722149e-06,-27.30964086090763
0.05829127454833608,26.57689670290566,1.266271034694455e-07,-83.17254269280743
4.004733053112191e-17,32.03526416622358,7.569958271336219e-09,-27.72914447795136
0.06507520495130098,23.21865426880079,7.229399175967544e-07,-41.72086228873567
0.1578871677752678,20.87501797965388,2.451234584699424e-06,-94.68224866563121
1.028145822447522e-15,17.73294934938582,1.270927527979859e-05,-71.21629038502539
3.17603086687411e-16,32.03526563497731,7.569952553687642e-09,-53.28745821297262
0.1051843267149917,24.96092398210888,2.925205059289837e-07,-66.32482418522204
0.08057264025375425,17.75317147316811,1.257489422962221e-05,-40.95015832504438
0.0553361484337061,28.28753460294401,5.228359745146349e-08,-42.41239877829404
3.17603086687411e-16,49.2307438519356,1.13775655563586e-12,-4.080526231066953
0.3594234960454525,9.081241047526589,0.001291223690547794,-64.88933579633068
3.17603086687411e-16,31.54556781179967,9.740726336637806e-09,-46.28126664476896
0.1123857471597692,11.40729643071171,0.0003657810746098278,-165.7864260042434
0.06745958043021762,22.22218313641459,1.214258454507178e-06,-44.86953600764636
2.616954272330746e-17,36.07838263162576,9.476893159110489e-10,-14.51164514787674
0.6034833166656097,3.028794620987696,0.04089938214472533,-107.0715993895243
0.06232810912671764,24.48584429065993,3.742890054558856e-07,-56.13370892194349
0.6113892503590146,2.860460259624631,0.04539075981171714,-173.3326144343517
0.3173601415433973,10.00264958171917,0.0007815758282657681,-125.1550969136152
0.1849349427845968,10.85447009141794,0.0004927878060339008,-68.49744810872978
2.287852447174094e-16,17.75641198841967,1.25534933135274e-05,-122.0023061406939
0.1030813319664205,25.57797913013809,2.124302250217092e-07,-134.9737662984218
6.740639792367023e-18,36.07838288669042,9.476892048887464e-10,-22.12999351460985
6.740639792367023e-18,33.43816220990953,3.678309268284607e-09,-9.397560804917472
0.05461530137448654,28.75247192737859,4.112243889853318e-08,-38.51928146051303
4.004733053112191e-17,36.07876291015847,9.475044082662976e-10,-30.25141116184001
9.555848176237971e-17,37.96999729477555,3.592046660116921e-10,-39.12495250553363
0.2437097521397178,20.24889872321098,3.399629525557835e-06,-61.55893314587518
9.555848176237971e-17,41.15047465877592,7.047451511255076e-11,-78.72891674328118
9.555848176237971e-17,33.43798137523991,3.678651272487343e-09,-22.04813557769863
3.17603086687411e-16,41.15148538796871,7.043809979734306e-11,-73.08033974342031
3.17603086687411e-16,34.6392709065466,1.98409816354328e-09,-54.47535958269255
0.1349322970842032,17.60326359404293,1.360604759897965e-05,-59.95032670327618
0.3802530857065965,7.926793624302491,0.002435401785838009,-77.54272952249957
0.1023492175639351,25.87952222353194,1.817019638639117e-07,-45.40264610260524
6.728744545674702e-16,26.56226258367744,1.275899220720689e-07,-98.20323634273025
4.004733053112191e-17,34.26466794029089,2.405180721254396e-09,-21.53250432966975
0.2532755645547793,12.55908327762398,0.0001971425597422916,-61.56346078014376
4.004733053112191e-17,34.63986117290012,1.983496644708538e-09,-16.53379533335451
0.21050783897685,17.49295630558527,1.441870463508854e-05,-69.72834191691818
6.740639792367023e-18,33.43816220990953,3.678309268284607e-09,-9.397560804917472
0.8220041744625766,0.6139980217627112,0.2166432216204637,-197.6967756910318
9.555848176237971e-17,34.63967322871002,1.983688158180286e-09,-46.05233093776655
0.4083564090336783,8.82155071028933,0.001488467862456211,-73.89178902132231
0.3506142469150814,11.22750705349029,0.0004029691458852791,-131.6453942154896
0.161180262778057,13.4902207130491,0.0001199049931870366,-71.03635113599942
3.17603086687411e-16,30.97984068716657,1.303612284786482e-08,-59.35591578563321
0.05372395774832851,29.31169763293971,3.081128652215881e-08,-65.86795198516758
0.05969577438677184,25.80120881724868,1.892256868418762e-07,-32.95167561287331
0.1011985805871117,26.3060669283023,1.456859691217893e-07,-100.8237975377841
2.731941657024047e-16,32.03526563596282,7.569952553687642e-09,-64.88456487720805
5.114956077737342e-17,26.56226258116728,1.275899222386023e-07,-23.77400152836793
0.7454882043012838,1.330387395716173,0.1243681557236014,-194.7788467396257
0.1749898246091772,17.79353009303941,1.231095380987979e-05,-95.16162433938021
1.659146687679415,6.727154053095774,0.004747799252100837,-251.4194787271908
0.5911818180622711,3.308745319003322,0.03445604383886819,-204.1215554920636
3.17603086687411e-16,26.56226257973795,1.275899222941135e-07,-38.49820415781684
0.05327757191819088,29.60941428580863,2.642382029849344e-08,-62.28627866737578
0.2639018049812822,14.53098544167779,6.893655692974399e-05,-128.5095404690822
3.17603086687411e-16,36.0757830909281,9.489544150476092e-10,-47.1068479793133
0.05463229374106573,28.74175611070379,4.13506056062829e-08,-73.80029965775108
1.028145822447522e-15,17.22682276716645,1.658598224824059e-05,-108.6030713512542
0.2388815933027642,13.99261927919764,9.176482761341642e-05,-67.74738502982207
0.05972248056767175,25.78489479845314,1.908318917331897e-07,-85.20756323552766
1.028145822447522e-15,33.33186864179214,3.884943144960573e-09,-156.8711080589142
0.1349506322933821,17.59858374439682,1.363957132938243e-05,-147.3515834887432
0.5546111276137393,2.555719796814202,0.05494787641998577,-110.627521177537
0.1301076391506791,18.5383767904801,8.325876935666443e-06,-66.49159893463867
0.253271003495618,12.55871189867605,0.0001971817421962951,-187.0514180140187
0.3994869500096259,9.34593728325882,0.001117401645881644,-153.6969221754583
0.7128412769491419,1.53980562807584,0.1073233697060419,-117.7998584400936
0.1675895449153331,19.03877762662373,6.40444174737631e-06,-79.83976618122752
5.840566125974614e-16,17.94408068989799,1.137453964838997e-05,-117.4847034867185
0.3166806290701937,10.04499692186664,0.0007638112902389471,-120.5328399568643
0.2417133682594639,10.28150466017513,0.0006718516228308435,-79.76108659718928
0.2965529473219323,13.84314046174279,9.93604109781332e-05,-216.7255760876761
0.1503678264829532,14.98600579985023,5.415571331812696e-05,-35.29963162448153
4.004733053112191e-17,31.54587895970388,9.739165640620939e-09,-20.22107155716987
0.3686061543526373,9.979715128787802,0.0007913708466960045,-94.81436045768926
0.1064832974956421,12.28732996643677,0.0002280218508347032,-15.7058649595618
0.390992200526409,7.399638037119956,0.00326185012405833,-105.2199086823742
0.5635936870553011,2.004817489352916,0.07840008249109337,-119.7413065376241
1.028145822447522e-15,18.76600526990463,7.388894499527066e-06,-4.521854039523146
9.555848176237971e-17,30.69060462092679,1.513134256780901e-08,-10.88535409546617
4.730343101349462e-16,28.72116533193753,4.179260187919809e-08,-46.79283912432121
9.555848176237971e-17,29.61654419197329,2.632680362602002e-08,-16.43073390978719
0.109280753827796,23.70311005372409,5.620037481501861e-07,-33.30570910571084
1.336027281811353,1.977585586581199,0.07982249574773698,-183.7880929549353
0.0805814747590191,17.75066933152802,1.259144387849576e-05,-31.82746658195961
0.1153965995544214,21.98443302365072,1.374354345273776e-06,-81.10918060326783
0.4051918672689463,6.760501274065774,0.004659878828950803,-85.01354452006181
0.3209286513961384,5.86636029173107,0.007716464018416136,-96.61998316382228
0.1986319040150004,14.48503822706925,7.063860401507194e-05,-71.93404513268732
0.05766246132260841,26.93183499177459,1.053793209915277e-07,-34.84115137007515
0.7125524756857899,1.543213067776378,0.1070700897319591,-124.6128555386847
1.124022825255034,0.2613781237087665,0.3045874712164738,-176.6949701511496
0.321520626402209,5.841644775888625,0.007825594669681413,-93.32352073828233
0.107563307212661,12.11537515490917,0.0002500388814352661,-73.83830777394759
0.04855927653410367,33.07188491359969,4.440686096618407e-09,-90.46773407701478
0.2699835484910354,11.13447196277872,0.0004236902461612901,-63.83938587337136
0.3912592015348683,7.386698338400862,0.003285399742325279,-110.288373284244
0.2439847622423379,20.20704305214025,3.474829712135641e-06,-57.47507378393084
1.028145822447522e-15,18.75427161716495,7.434496476776964e-06,-4.521854039523146
0.2195962950505176,16.26929888043441,2.747352912929601e-05,-129.1976918765916
4.004733053112191e-17,34.6128903532185,2.01116939768653e-09,-16.60110839238231
4.004733053112191e-17,21.59649982843242,1.682326489615971e-06,-27.70615623632035
0.2535048330614372,12.53683350874826,0.000199503946555657,-219.4538506549833
0.05096127364625114,31.74706656284754,8.780715377021409e-09,-43.62293850644549
0.1795594608141532,17.06330526081263,1.807708550921605e-05,-50.01103047647193
0.1304933504728379,18.46227513732045,8.665048155109822e-06,-42.46589727062237
0.4145816483766252,8.47631829457157,0.001798997732203766,-157.1611365804635
4.004733053112191e-17,34.43410772162593,2.204641691427867e-09,-10.72914581742384
0.3604795144653134,9.015804131381401,0.001338275540593514,-74.757491832819
0.1966065022210889,14.72122763695873,6.231755861335619e-05,-71.31094527878039
0.05807115854550856,26.70229298509702,1.186698503352623e-07,-22.51166482063278
0.06554965008809205,23.0124290651368,8.047871089544856e-07,-33.04718906499778