Observed S Changes	Observed NS Changes	E[S Sites]	E[NS Sites]	Observed S. Prop.	P{S}	dS	dN	dN-dS	P{S leq. observed}	P{S geq. observed}	Scaled dN-dS
5	0	1	2	1	0.3333333333333333	4.999999999999999	0	-4.999999999999999	1	0.004115226337448097	-1.370630696588315
15	7	0.9996247095906512	2.000375290409349	0.6818181818181818	0.3332082365302171	15.00563146957676	3.499343364998049	-11.50628810457871	0.9998177359218987	0.0008748983118315179	-3.154174335984913
17	1	1.771389564328618	1.228198984617565	0.9444444444444444	0.5905441814514674	9.596985520485012	0.814200314871111	-8.782785205613902	0.9999236967376127	0.001028595543501765	-2.407591000871227
3	0	0.7722884362914353	2.086513362068812	1	0.2701440990887877	3.884559005448972	0	-3.884559005448972	0.9999999999999998	0.01971453129299361	-1.064859163115388
7	3	1.19231834920012	1.807681650799881	0.7	0.3974394497333732	5.870915267466971	1.659584251835787	-4.211331015631185	0.9882393734344291	0.05288318637679523	-1.15443591270371
12	0	0.9999999999999994	1.987528788232096	1	0.3347248079881303	12.00000000000001	0	-12.00000000000001	1	1.978129925861438e-06	-3.28951367181196
14	2	0.7731450725000159	2.226854927499983	0.875	0.2577150241666721	18.1078564657084	0.8981276576671002	-17.2097288080413	0.9999999821717008	3.947741031851137e-07	-4.71763651685233
0	1	0.7722884362914353	2.227626043772336	0	0.2574368174238814	0	0.4489083806483815	0.4489083806483815	0.7425631825761185	0.2574368174238815	0.1230575212944848
3	2	0.9999999999999999	1.999935881354479	0.6	0.33334045777955	3	1.000032060350593	-1.999967939649407	0.9547289919490232	0.2098870980578067	-0.548243490055193
11	0	1.000000000000001	2.000000000000002	1	0.3333333333333333	10.99999999999999	0	-10.99999999999999	1	5.645029269252255e-06	-3.015387532494291
3	3	0.9999300484994657	1.999780398386755	0.5	0.3333421895894718	3.000209869182267	1.500164719296245	-1.500045149886022	0.8998540786367141	0.3196334061639824	-0.4112015857404406
10	0	0.7722884362914352	2.227711563708566	1	0.2574294787638117	12.94853001816324	0	-12.94853001816324	1.000000000000001	1.27815279227228e-06	-3.54953054371796
9	0	1	1.9330515561208	1	0.3409418419233591	8.999999999999998	0	-8.999999999999998	0.9999999999999996	6.22476166505237e-05	-2.467135253858968
28	1	0.9999062279782277	2.000093772021774	0.9655172413793104	0.3333020759927424	28.00262586284209	0.499976558093654	-27.50264930474844	0.9999999999999861	8.567591081032333e-13	-7.539195074918302
6	13	0.578388740748361	2.417143264289059	0.3157894736842105	0.1930838127503618	10.37364591889664	5.378249685098256	-4.995396233798381	0.9425774440048196	0.1438649061816645	-1.369368683933145
6	0	1	2	1	0.3333333333333333	6	0	-6	1	0.001371742112482699	-1.644756835905979
2	5	0.8137815062814067	2.082895940236351	0.2857142857142857	0.2809361833709496	2.457662142187337	2.400503982658221	-0.05715815952911685	0.6898539385600329	0.628765177654271	-0.0156685456022199
2	0	1	2	1	0.3333333333333333	2	0	-2	1	0.1111111111111109	-0.5482522786353262
6	1	0.9123071495620376	2.087692850437963	0.8571428571428571	0.3041023831873458	6.576732411754485	0.4789976647140488	-6.097734747040437	0.9997594868837125	0.004093187727965075	-1.671548484789362
22	7	0.9992493450206806	2.000750654979321	0.7586206896551724	0.3330831150068934	22.01652681548136	3.49868684664874	-18.51783996883262	0.9999995032634446	3.367525522213199e-06	-5.076223979158401
1	10	0.7722884362914348	2.227711563708564	0.09090909090909091	0.2574294787638117	1.294853001816325	4.48891147440676	3.194058472590435	0.1822079880871075	0.9621457409849936	0.875574917846088
4	3	0.7723753859941024	2.227517182920445	0.5714285714285714	0.2574676820088832	5.178828938019191	1.346790957664699	-3.832037980354492	0.9853111483694579	0.07765469410357861	-1.050461777273232
6	17	0.8808268264121644	1.36137510919357	0.2608695652173913	0.3928400972387029	6.811781635261442	12.48737389511271	5.675592259851272	0.1387540841704715	0.9380776583016925	1.55582819453424
4	4	0.9133674809592204	2.08663251904078	0.5	0.3044558269864067	4.379398307239045	1.91696427784936	-2.462434029389685	0.9384958296795963	0.2022689705355132	-0.6750175338010315
5	0	0.8134709307948867	2.119184494621206	1	0.2773837402597236	6.146501135712652	0	-6.146501135712652	0.9999999999999998	0.001642120412192694	-1.684916626644541
14	0	1	2	1	0.3333333333333333	14	0	-14	1	2.090751577421557e-07	-3.837765950447284
6	0	1	2	1	0.3333333333333333	5.999999999999999	0	-5.999999999999999	1	0.001371742112482699	-1.644756835905979
5	1	0.7723097884415906	2.227690211558409	0.8333333333333334	0.2574365961471969	6.474086014226592	0.4488954500098275	-6.025190564216764	0.9997089137393916	0.005328831656408406	-1.651662228021954
8	0	1	2.000000000000001	1	0.3333333333333333	7.999999999999996	0	-7.999999999999996	1	0.000152415790275473	-2.193009114541304
6	1	0.9999787126799276	2.000021287320073	0.8571428571428571	0.3333262375599758	6.000127726639392	0.4999946782266249	-5.500133048412767	0.9995428207598192	0.006857892981599223	-1.507730238294881
22	0	0.8642637854731126	2.06839163994298	1	0.2947034888527651	25.45519130823795	0	-25.45519130823795	1	2.120525977034049e-12	-6.977933318919804
16	1	1.770232190891104	1.229304010098117	0.9411764705882353	0.5901686368403546	9.038362358525342	0.8134684274886448	-8.224893931036696	0.9998721813738448	0.001636759181297132	-2.254658419612368
6	1	0.9999837719831999	2.000016228016801	0.8571428571428571	0.3333279239943998	6.000097369680917	0.4999959430287179	-5.5001014266522	0.9995428045681699	0.006858087286858994	-1.507721569943739
9	0	0.864968348795799	1.362743214912766	1	0.3882766345908129	10.40500500686495	0	-10.40500500686495	1.000000000000001	0.0002005724642304418	-2.852283852112845
3	38	0.7747648809379524	2.225235119062049	0.07317073170731707	0.2582549603126507	3.872142470329985	17.07684714953503	13.20470467920505	0.002705101997596938	0.9994505564347507	3.619754714540362
10	3	0.9998507740425265	2.000085036698102	0.7692307692307693	0.3332907225757214	10.00149248229183	1.499936225188023	-8.501556257103811	0.9997876455825291	0.001645887689816328	-2.33049879495179
3	7	1	1.775090365086962	0.3	0.3603486259693975	2.999999999999999	3.943461210582972	0.9434612105829734	0.4858328217125888	0.7601774366950016	0.2586273792530793
4	14	0.8132723985125726	2.186669431436974	0.2222222222222222	0.2710960560612771	4.918401272827856	6.402430929305979	1.484029656478123	0.436481886009018	0.7610323602618492	0.4068113203632657
5	10	0.9964395623224012	2.003509908476578	0.3333333333333333	0.3321521152344671	5.017865798449936	4.991240601152688	-0.02662519729724799	0.622165569380684	0.5921313819332495	-0.007298662543665672
4	21	0.8530285666698895	2.07091279352314	0.16	0.2917392866639347	4.689174731410779	10.14045596979183	5.45128123838105	0.1055712461546483	0.9599114262082699	1.494338680212207
1	2	0.188714597693399	2.811285402306601	0.3333333333333333	0.06290486589779966	5.299007136822987	0.7114183420719368	-4.58758879475105	0.9886267654349957	0.1770924471804666	-1.257578005082077
11	0	0.7722884362914352	2.086513362068812	1	0.2701440990887877	14.24338301997957	0	-14.24338301997957	0.9999999999999992	5.591783398539718e-07	-3.904483598089757
0	30	0.7729765811821601	2.226835246407059	0	0.2576750228374685	0	13.47203393174426	13.47203393174426	0.0001311662818534748	0.9998688337181465	3.693036650465613
9	11	0.7732018418382285	2.226798158161772	0.45	0.2577339472794094	11.63991019292347	4.939828048483985	-6.70008214443949	0.9827861317539003	0.04897573929245291	-1.836667651366407
6	1	1	2	0.8571428571428571	0.3333333333333333	5.999999999999999	0.4999999999999999	-5.499999999999999	0.9995427526291726	0.00685871056241405	-1.507693766247147
12	5	0.7722884362914351	2.227412908726766	0.7058823529411765	0.2574551088474273	15.53823602179589	2.244756677314086	-13.29347934448181	0.9999825242709425	0.000135938543898817	-3.644090170801897
14	13	0.8951835493791385	1.34987074690724	0.5185185185185185	0.3987358126972217	15.63925075445121	9.630551687844916	-6.00869906660629	0.9275797009963836	0.1415614997529122	-1.647141477450428
7	8	0.9135611441321245	2.086438855867874	0.4666666666666667	0.304520381377375	7.662322379800798	3.834284420797141	-3.828037959003656	0.9456686424110431	0.1398652753647929	-1.049365266863139
4	7	0.9998444180522279	2.000155581947773	0.3636363636363636	0.3332814726840759	4.000622424629125	3.499727752769775	-0.5008946718593501	0.7111325590918999	0.5272949124294004	-0.1373083226015914
3	0	0.7722884362914352	2.227711563708565	1	0.2574294787638117	3.884559005448973	0	-3.884559005448973	0.9999999999999999	0.01705983522032994	-1.064859163115388
19	0	0.9999999999999999	1.934803127062934	1	0.3407383584877023	19	0	-19	0.9999999999999997	1.306169727932627e-09	-5.208396647035601
6	12	0.8145204376271195	2.111875438882552	0.3333333333333333	0.278335697560715	7.36629766771641	5.682153302729591	-1.684144364986819	0.7876711216647407	0.3845584400875026	-0.4616679928274341
12	2	0.7723000151094003	2.227670903972546	0.8571428571428571	0.2574358338599296	15.53800306257943	0.8977986813193339	-14.64020438126009	0.9999997676286768	4.483824007417425e-06	-4.013262705856367
4	1	0.7721433732688253	2.086359875266918	0.8	0.270121565775499	5.180385066398001	0.4793036962868475	-4.701081370111154	0.9985618761380246	0.02086744246498995	-1.288689286606761
2	2	0.9999824941325053	2.000007811255323	0.5	0.3333285752079226	2.000035012347911	0.9999960943875924	-1.000038917960319	0.8888931182884188	0.4073989485177888	-0.2741368077478755
15	1	1.771584305211461	1.228103330663127	0.9375	0.5905895947378996	8.46699756589318	0.8142637309354418	-7.652733834957739	0.9997809351705726	0.002648837961731654	-2.09781438140262
1	4	0.1876033166547109	2.812396683345289	0.2	0.06253443888490365	5.330396166931992	1.422274469205418	-3.908121697726574	0.9655597665854649	0.2759365723007948	-1.071318312981377
1	0	0.7722884362914353	2.227711563708565	1	0.2574294787638117	1.294853001816324	0	-1.294853001816324	1	0.2574294787638116	-0.354953054371796
9	3	0.9999569027456421	2.000043097254359	0.75	0.3333189675818806	9.000387892006302	1.499967677755731	-7.50042021425057	0.999456409567834	0.00385427062477639	-2.056061236592669
5	0	1.772147655887729	1.227680522035315	1	0.5907497199105217	2.821435326445938	0	-2.821435326445938	0.9999999999999999	0.07194781710223719	-0.7734291733730957
12	0	1.637643630301101	1.221138382976878	1	0.5728466258339585	7.327601547715027	0	-7.327601547715027	1	0.001248706327502069	-2.008687122733253
13	0	1	1.933443751624469	1	0.3408962586878391	13	0	-13	1	8.396321383719041e-07	-3.56363981112962
8	0	0.7722884362914351	2.227711563708565	1	0.2574294787638117	10.3588240145306	0	-10.3588240145306	1.000000000000001	1.928706831422211e-05	-2.839624434974369
8	0	1	2	1	0.3333333333333333	7.999999999999998	0	-7.999999999999998	1	0.000152415790275473	-2.193009114541305
12	7	0.8423531030742935	1.574982613213339	0.631578947368421	0.3484634332743479	14.24580731786255	4.444493508228852	-9.801313809633701	0.9970417197070097	0.01100808270795228	-2.686796314875783
2	0	0.7722884362914352	2.086513362068812	1	0.2701440990887877	2.589706003632648	0	-2.589706003632648	0.9999999999999998	0.07297783427249294	-0.7099061087435921
4	0	0.7722884362914352	2.227711563708565	1	0.2574294787638117	5.179412007265297	0	-5.179412007265297	1	0.00439170448856574	-1.419812217487184
7	14	0.9943141226710783	2.005559277718318	0.3333333333333333	0.3314520281229242	7.040028739806623	6.980596462811862	-0.0594322769947615	0.6079467871194332	0.5741514945467934	-0.01629194064343194
3	6	0.773169070983559	2.22683092901644	0.3333333333333333	0.2577230236611864	3.880134517258507	2.694412010277815	-1.185722506980692	0.8195486573678938	0.4209623070447506	-0.325037533140678
6	3	0.8136248096953519	1.415678857675707	0.6666666666666666	0.3649681385285799	7.37440639530965	2.119124675581768	-5.255281719727883	0.9855637844253691	0.06527504568965348	-1.440610088855694
10	6	0.7723156115511192	2.227616136102031	0.625	0.2574443942450699	12.94807440175396	2.693462263430643	-10.25461213832332	0.9996230332954129	0.00209381668323283	-2.811057235678617
3	3	0.8651969187727645	2.031503277181054	0.5	0.2986836262797554	3.467418728507886	1.476738941894717	-1.990679786613169	0.9305700289867915	0.2532556494609286	-0.5456973645219775
5	8	0.8161399848824207	2.090604339019844	0.3846153846153846	0.2807746034528292	6.126399995854067	3.826644693443384	-2.299755302410683	0.8716240030386737	0.2891766375363723	-0.6304230424251654
0	0	0	1.269378298335632	0	0	0	0	0	0	0	0
5	2	0.772309712964487	2.227690287035514	0.7142857142857143	0.2574365709881622	6.474086646932943	0.8977908696013073	-5.576295777331636	0.998412014599654	0.01468093868072007	-1.528608433133309
5	0	1.000579586201176	1.999420413798825	1	0.3335265287337252	4.997103747622034	0	-4.997103747622034	1	0.004127165811337541	-1.369836758105454
2	1	0.7722884362914353	2.227583042977664	0.6666666666666666	0.2574405075778775	2.589706003632648	0.4489170462813704	-2.140788957351278	0.982937972049307	0.1647027889244799	-0.5868462119725912
5	9	0.9994482748462885	2.000551725153712	0.3571428571428572	0.3331494249487628	5.002760148611975	4.498758960760431	-0.5040011878515438	0.6903394500451362	0.5239082572391305	-0.13815989983726
2	0	0.8134612943230902	2.119194131093002	1	0.2773804543394914	2.458629579498642	0	-2.458629579498642	1	0.07693991644958253	-0.6739746346401722
19	0	1.068908124858429	1.552335903881201	1	0.4077865750532167	17.77514788983052	0	-17.77514788983052	0.9999999999999994	3.964839057069014e-08	-4.872632666839747
6	8	0.772331142604061	2.22766885739594	0.4285714285714285	0.2574437142013536	7.768688414881034	3.5911980245357	-4.177490390345334	0.955577681605882	0.1252358557857268	-1.145159312742004
2	11	0.8246067222242872	2.07698342457863	0.1538461538461539	0.2841913159695798	2.425398612571599	5.296142410106925	2.870743797535326	0.239056446785853	0.9201947849747555	0.7869459141884863
8	4	0.9999999999999991	1.999999999999998	0.6666666666666666	0.3333333333333333	8.000000000000007	2.000000000000002	-6.000000000000005	0.9961444450089473	0.01875843226247131	-1.64475683590598
1	15	0.7725460043859064	2.029955850614464	0.0625	0.2756629769958901	1.294421295719335	7.389323268020596	6.094901972301261	0.04070483744275624	0.994258161916741	1.670771947186555
1	0	0.7722884362914353	2.227711563708565	1	0.2574294787638117	1.294853001816324	0	-1.294853001816324	1	0.2574294787638116	-0.354953054371796
5	11	0.7724247524263222	2.227332779795663	0.3125	0.2574957289478562	6.473122442405061	4.938642352764703	-1.534480089640358	0.7900545772682934	0.3969366778303064	-0.4206411028329329
3	0	0.7722884362914352	2.086513362068812	1	0.2701440990887877	3.884559005448973	0	-3.884559005448973	0.9999999999999998	0.01971453129299361	-1.064859163115388
2	1	0.7722884362914353	2.000042751822493	0.6666666666666666	0.2785700494957236	2.589706003632648	0.4999893122728366	-2.089716691359812	0.9783826096854157	0.189569036798981	-0.5728459688701458
7	1	1.000000000000001	2.000000000000001	0.875	0.3333333333333334	6.999999999999996	0.4999999999999997	-6.499999999999996	0.9998475842097242	0.002591068434689814	-1.781819905564809
1	1	0.7722884362914352	2.000150272206676	0.5	0.2785592460256048	1.294853001816324	0.4999624347708361	-0.7948905670454882	0.9224047464536467	0.4795232385048561	-0.2179002823242078
4	3	0.7722922688928318	2.223361104624153	0.5714285714285714	0.2578042826050124	5.179386303755768	1.349308483341096	-3.830077820414672	0.9852253331563616	0.07798438975998945	-1.049924446196484
8	1	0.9999062811167646	2.000093718883236	0.8888888888888888	0.3333020937055882	8.000749821338301	0.4999765713770433	-7.500773249961258	0.9999492375732268	0.000964614570475586	-2.056158012909081
14	4	0.9998738897834711	1.999336865786244	0.7777777777777778	0.3333790024347721	14.0017657657125	2.000663354160175	-12.00110241155232	0.9999814402504428	0.0001451419908858886	-3.289815871634735
2	3	0.7722884362914353	2.227711563708565	0.4	0.2574294787638117	2.589706003632648	1.346673442322027	-1.243032561310621	0.8884938899409351	0.3828560114984664	-0.340747717078227
1	3	0.7722884362914353	2.000429152802412	0.25	0.2785312284702703	1.294853001816324	1.499678204447923	0.2048252026315986	0.6893331556661781	0.729061856691948	0.05614794203235819
12	9	1.000000000000001	2.000000000000002	0.5714285714285714	0.3333333333333333	11.99999999999999	4.499999999999996	-7.499999999999993	0.9931925217420405	0.02119438824842124	-2.055946044882472
6	1	1	1.999957177810045	0.8571428571428571	0.3333380914223568	5.999999999999999	0.5000107057767111	-5.499989294223288	0.9995427069391184	0.006859258837194182	-1.507690831513909
8	0	1.001160616423228	1.998839383576773	1	0.3337202054744091	7.990725832365447	0	-7.990725832365447	1	0.000153836722437517	-2.19046682277226
14	2	0.9482955413004185	2.051054762905498	0.875	0.3161669845535037	14.76332998550377	0.9751080449781975	-13.78822194052558	0.9999996450317334	5.951418107885686e-06	-3.779712048611374
4	0	1	1.772371798834746	1	0.360701981033103	4	0	-4	1	0.01692755019037329	-1.096504557270653
7	1	1.770730516198895	1.227730978314004	0.875	0.5905463583371949	3.953170703256651	0.8145106848841284	-3.138660018372523	0.9852078273932131	0.09684105979670998	-0.8603887534671654
2	10	0.9990927753179638	2.000907224682037	0.1666666666666667	0.3330309251059879	2.00181609697207	4.997732966649213	2.995916869677143	0.1817001644728347	0.9458174087847707	0.8212591252012538
4	0	1	2.000000000000001	1	0.3333333333333333	3.999999999999998	0	-3.999999999999998	1	0.01234567901234551	-1.096504557270652
10	2	1	1.774594803926801	0.8333333333333334	0.3604129866403304	9.999999999999998	1.127017838423975	-8.872982161576024	0.9998928936216552	0.001105605122938114	-2.432316344187329
26	0	0.999999999999999	1.970891205823996	1	0.3365993335735911	26.00000000000002	0	-26.00000000000002	0.9999999999999998	5.071498776487715e-13	-7.127279622259248
3	0	1	1.999962064384827	1	0.333337548454987	3	0	-3	1	0.03703844209535545	-0.8223784179529893
6	2	0.9985949178555846	2.001362397487231	0.75	0.3328697087616633	6.008442355068857	0.9993192649722299	-5.009123090096627	0.9974325839391945	0.01951957471543331	-1.373131574055151
18	1	1.770416205764116	1.228523184684441	0.9473684210526315	0.5903474446341883	10.16710078759765	0.8139854521808314	-9.353115335416822	0.9999552239203621	0.0006351234701224007	-2.563933397490644
18	1	0.8634983969778821	2.069150314034563	0.9473684210526315	0.29444317477758	20.84543533954129	0.4832901666047332	-20.36214517293656	0.9999999999185257	3.790949332227456e-09	-5.58179624448289
3	0	0.7722884362914353	2.227711563708566	1	0.2574294787638117	3.884559005448972	0	-3.884559005448972	1	0.01705983522032972	-1.064859163115388
2	18	0.7975185620941574	2.2023630684721	0.1	0.2658500102031086	2.507778621162518	8.173039340188167	5.665260719025649	0.0685920253561236	0.9829490305100603	1.552996049134509
5	15	0.7738075049808886	2.210095634378679	0.25	0.2593272867251884	6.461555319398833	6.787036618085953	0.3254812986871194	0.5792501091706435	0.6221594229265914	0.08922293182919921
2	0	0.8134466616653477	2.119208763750745	1	0.2773754647803309	2.458673806473621	0	-2.458673806473621	1	0.07693714846210453	-0.6739867584100769
7	27	0.7810033063125873	2.218836876872523	0.2058823529411765	0.2603483047831399	8.962830174240432	12.16853761600394	3.20570744176351	0.3071325448393734	0.8197408303809848	0.8787682047925334
1	0	0.7722884362914353	2.227711563708566	1	0.2574294787638117	1.294853001816324	0	-1.294853001816324	1	0.2574294787638116	-0.354953054371796
2	2	0.7722971553297109	2.227693160194749	0.5	0.257433216145132	2.589676766511143	0.897789711678765	-1.691887054832378	0.94493356555493	0.2743224171671439	-0.4637904665027313
0	0	0	1.269378298335632	0	0	0	0	0	0	0	0
8	17	0.9977733321597873	2.002226667840211	0.32	0.3325911107199293	8.017853095635601	8.490547185817771	0.4726940901821699	0.5407456202378992	0.6267507944331512	0.1295778060199135
3	1	0.9999825141831441	1.933158758811153	0.75	0.3409254519685348	3.000052458367845	0.5172880889591172	-2.482764369408728	0.9864905490230371	0.1179749315726091	-0.680590611421467
8	1	1	2	0.8888888888888888	0.3333333333333333	8	0.5	-7.5	0.9999491947365755	0.0009653000050797722	-2.055946044882474
8.5	5.5	0.9996979851344854	2.000256627188788	0.6071428571428571	0.3332377033398792	8.502567901901422	2.749647182886649	-5.752920719014773	0.9892854402368655	0.03746165467057228	-1.577025946504114
6	0	0.8273475161600277	1.400364047548539	1	0.3713889758612677	7.25209163357114	0	-7.25209163357114	1	0.002624061740652106	-1.987987881488781
11	8	0.7723601053314162	2.227639894668587	0.5789473684210527	0.2574533684438052	14.24206134427405	3.591244715605251	-10.6508166286688	0.9993522597195839	0.002948613029738478	-2.919667242997348
13	0	0.9999999999999996	1.938860955369471	1	0.3402678844580725	13.00000000000001	0	-13.00000000000001	1.000000000000001	8.197331384796058e-07	-3.563639811129622
1	8	0.9863422988502029	2.001661400066821	0.1111111111111111	0.3301007623276016	1.01384681683602	3.996679957825503	2.982833140989483	0.1476635885685844	0.9728302681509082	0.8176725331682259
9	1	0.7723214935466631	2.227678506453337	0.9	0.2574404978488877	11.65317821037208	0.4488978086842922	-11.20428040168779	0.9999987212999969	3.816143000856531e-05	-3.071386130347231
5	6	0.9626017794247266	2.000694684179291	0.4545454545454545	0.3248415375402541	5.194255928955499	2.998958335544972	-2.195297593410527	0.8902653897286491	0.2680175310387899	-0.6017884539349847
4	48	1	2.000000000000001	0.07692307692307693	0.3333333333333333	3.999999999999998	23.99999999999999	19.99999999999999	1.396949443676207e-05	0.9999978245540487	5.482522786353261
3	0	0.7722884362914353	2.086513362068812	1	0.2701440990887878	3.884559005448972	0	-3.884559005448972	0.9999999999999999	0.0197145312929935	-1.064859163115388
0	20	0.4214958074997134	2.54039189924864	0	0.1423064779057555	0	7.872801045348675	7.872801045348675	0.04641331622869942	0.9535866837713006	2.158140556177495
8	2	0.9478549231361991	2.051824915926864	0.8	0.315985363102036	8.440110194849369	0.9747420379172783	-7.465368156932091	0.9997752596670048	0.002317305691199256	-2.046452551444812
6	34	0.9194660850788836	1.98703167994337	0.15	0.3163484576331143	6.525526169336896	17.11095013893739	10.58542396960049	0.01410093019928385	0.9952214202672595	2.901741405827235
14	1	0.9999144876242541	1.999807720394158	0.9333333333333333	0.3333356952025195	14.00119727564233	0.5000480745233358	-13.50114920111899	0.999999930300873	2.160650709459588e-06	-3.701017906854501
5	24	0.8126451621148368	2.184214926222763	0.1724137931034483	0.2711655326444093	6.152746897536367	10.98792967297592	4.83518277543955	0.1617226377893556	0.9261630185357514	1.325449987126507
6	29	0.7807037151137747	2.198582518494918	0.1714285714285714	0.2620438769215333	7.685373956656014	13.19031683188881	5.504942875232794	0.1515178739918731	0.9267333439331294	1.509048737551842
2	0	0.7722884362914351	2.227711563708565	1	0.2574294787638117	2.589706003632649	0	-2.589706003632649	1	0.06626993653660762	-0.7099061087435922
3	0	0.7722884362914352	2.227711563708565	1	0.2574294787638117	3.884559005448973	0	-3.884559005448973	1	0.01705983522032972	-1.064859163115388
6	0	0.7722884362914354	2.227711563708566	1	0.2574294787638117	7.769118010897944	0	-7.769118010897944	1	0.000291037977744435	-2.129718326230776
3	0	0.7722884362914353	2.227711563708565	1	0.2574294787638117	3.884559005448972	0	-3.884559005448972	1	0.01705983522032972	-1.064859163115388
9	10	0.8946396937038682	2.00269822601656	0.4736842105263158	0.3087798932994997	10.05991581117913	4.993263523227044	-5.066652287952089	0.9605052385385821	0.09818600317537596	-1.388901830961311
15	0	1.627214472980576	1.213511700867336	1	0.5728163763057913	9.218207095051481	0	-9.218207095051481	0.9999999999999989	0.0002345478106779986	-2.526951522397153
8	0	0.7722884362914353	2.227711563708565	1	0.2574294787638117	10.35882401453059	0	-10.35882401453059	1.000000000000001	1.928706831422211e-05	-2.839624434974368
0	0	0	1.269378298335632	0	0	0	0	0	0	0	0
17	0	1.638386527882084	1.22109639504774	1	0.5729660124017786	10.37606188203685	0	-10.37606188203685	0.9999999999999997	7.730198322342119e-05	-2.844349785043929
4	6	0.943911538486822	2.054640822091236	0.4	0.3147890798561395	4.237685245814848	2.92021843209225	-1.317466813722599	0.8232192145542913	0.3902049456347266	-0.3611520913249188
14	11	0.7817149045438351	2.124135284653928	0.5600000000000001	0.269014179550546	17.90934254754886	5.178577880359517	-12.73076466718934	0.9994890045806449	0.001986472594364241	-3.489835368778329
7	20	1.554103373398309	1.22048345820372	0.2592592592592592	0.5601206477654114	4.504204880974759	16.38694884847973	11.88274396750497	0.001501509355205815	0.9996284693293388	3.257370728312388
6	18	0.7928636262417321	2.161921470150477	0.25	0.2683320784343396	7.567505686243565	8.325926842637415	0.7584211563938501	0.5254699039162053	0.6559646436885602	0.2079030635790838
1	11	0.7726090777697716	2.162906794325263	0.08333333333333333	0.2631936298196105	1.29431562322128	5.085748506990817	3.791432883769537	0.1353346613281953	0.9743999706259817	1.039330858909778
6	4	0.814596329743014	2.082187913659084	0.6	0.2812071115059366	7.365611384344021	1.921056199471783	-5.444555184872238	0.9928117987112842	0.03490813441367857	-1.492494893130992
12	1	0.7722884362914351	2.000193272692393	0.9230769230769231	0.2785549256425914	15.53823602179589	0.4999516864957422	-15.03828433530015	0.9999999392087662	2.107597481870727e-06	-4.122386826797121
2	3	0.9998420994626535	1.998162553219037	0.4	0.3335025176056024	2.000315850947727	1.50137935232897	-0.498936498618757	0.7898727498325719	0.5394287989344292	-0.1367715361310324
10	3	0.9990484538743387	2.000421523171617	0.7692307692307693	0.3330749970894047	10.00952452428079	1.499683924237916	-8.509840600042875	0.999789033070748	0.001636631505997022	-2.332769749898459
21	3	1.66328665352623	1.222656135214405	0.875	0.5763408269961073	12.62560482613097	2.453674351761969	-10.171930474369	0.9996972798969989	0.001753252532777361	-2.788392030346461
16	3	0.7723000062676703	2.227670935020833	0.8421052631578947	0.2574358290070515	20.71733765395644	1.346698003209323	-19.37063965074712	0.9999999906125875	1.570361011227206e-07	-5.309998663572954
15	4	0.9992494746465924	2.000750525353408	0.7894736842105263	0.3330831582155308	15.0112663359719	1.999249756185094	-13.01201657978681	0.9999927878698394	6.005186336799362e-05	-3.566933869754381
11	7	0.9999513746109618	2.00004862538904	0.6111111111111112	0.3333171248703204	11.0005349052894	3.499914907638005	-7.500619997651392	0.9960825100417874	0.01442799925981542	-2.056116002445036
0	2	0.0001204953543397825	2.999879504645661	0	4.016511811326082e-05	0	0.6666934444876096	0.6666934444876096	0.9999196713770103	8.032862298967824e-05	0.1827581000457832
3	1	1.000026565555124	1.999828133224413	0.75	0.3333583343093168	2.999920305451759	0.5000429703864877	-2.499877335065271	0.9876506167226402	0.111133335450972	-0.685281722629171
1	0	0.7722884362914353	2.227711563708566	1	0.2574294787638117	1.294853001816324	0	-1.294853001816324	1	0.2574294787638116	-0.354953054371796
2	7	0.7723931016837675	2.227451454260867	0.2222222222222222	0.2574777083543068	2.58935507792616	3.142604965243923	0.5532498873177638	0.5797245155753186	0.7172698741553749	0.1516602556883508
8	5	0.8220080437306435	2.121970212254263	0.6153846153846154	0.2792167510271373	9.732264861658031	2.35630074876889	-7.375964112889141	0.997666123815719	0.0115837056692234	-2.021944566011932
3	16	0.8132758803052464	1.704936555272836	0.1578947368421053	0.3229576142246913	3.688785162144501	9.384513429849928	5.695728267705428	0.09324779849877976	0.9703751941800399	1.56134800062857
3	3	0.7724379257606161	2.227327233093698	0.5	0.2574994657433882	3.883807228970424	1.346905814029436	-2.536901414940987	0.9583078392752317	0.1814735343765168	-0.6954309907072899
3	3	0.7722961326180692	2.227691268417193	0.5	0.2574331253363126	3.884520293828297	1.346685711136061	-2.537834582692237	0.9583452954032947	0.1813655107721208	-0.6956867963802756
3	0	0.8136796594684976	2.082997787049261	1	0.2809010234973393	3.686954644976163	0	-3.686954644976163	1	0.02216460340647197	-1.010690642666641
8	0	1.637994037542755	1.221067846797232	1	0.5729131105956754	4.884022662256598	0	-4.884022662256598	1	0.01160673546644297	-1.338838276744376
5	0	0.7722884362914351	2	1	0.2785743453608839	6.474265009081623	0	-6.474265009081623	0.9999999999999999	0.001677666347599582	-1.774765271858981
4	2	0.9133751321104721	2.086624867889529	0.6666666666666666	0.3044583773701572	4.379361621941118	0.9584856534480279	-3.420875968493091	0.9882862642594989	0.0740655681582989	-0.9377515223275829
0	0	0	1.269378298335632	0	0	0	0	0	0	0	0
12	0	1	1.998691698368876	1	0.333478763603456	12	0	-12	1	1.891551594357388e-06	-3.289513671811957
16	3	0.9999268764642535	2.000073123535748	0.8421052631578947	0.3333089588214177	16.00117006213102	1.49994515935326	-14.50122490277776	0.9999993786680474	7.284019180042733e-06	-3.975164797975624
4	8	0.7727377771356201	2.227262222864381	0.3333333333333333	0.2575792590452066	5.176400220560171	3.591853674827548	-1.584546545732623	0.826316076066427	0.3748012689024602	-0.4343656271508228
5	1	0.7722884362914351	2.227647743107158	0.8333333333333334	0.2574349553150355	6.474265009081623	0.4489040078684902	-6.025361001213132	0.9997089248710517	0.005328671112053485	-1.651708949257765
20	0	1	2	1	0.3333333333333333	20	0	-20	1.000000000000001	2.867959203456394e-10	-5.482522786353262
10	20	0.9575198018043019	2.042461234575275	0.3333333333333333	0.319175284841084	10.44364824743729	9.792107512953093	-0.6515407344841986	0.6487804969476365	0.5021479948091806	-0.178604346152348
24	0	1	2.000000000000001	1	0.3333333333333333	23.99999999999999	0	-23.99999999999999	1	3.540279180924699e-12	-6.579027343623912
3	14	0.7724530777302114	2.227238422391181	0.1764705882352941	0.2575108399310234	3.883731046570813	6.285811100981945	2.402080054411132	0.3270172478791074	0.8526864876717385	0.6584729316476858
2	10	0.8228268842218143	2.122617054605589	0.1666666666666667	0.2793558123361825	2.430644936804044	4.711165388171318	2.280520451367274	0.3054419280537549	0.8891246501308472	0.6251502669682854
4	3	0.7730616102984045	2.225742259243762	0.5714285714285714	0.2577899869178271	5.17423184221499	1.347864959449216	-3.826366882765774	0.9852289853343423	0.07797037017329944	-1.048907181185543
3	0	0.8134515045096238	1.414260059198942	1	0.3651511792466691	3.687988753316649	0	-3.687988753316649	1	0.0486875725952729	-1.010974118793655
5.5	24.5	0.9288372489037128	2.071064595339256	0.1833333333333333	0.3096225467130598	5.921381820648919	11.82966482799959	5.908283007350671	0.09788450660959713	0.957299472160882	1.619614810801192
8	14	0.7729549743699373	2.226750607453702	0.3636363636363636	0.2576769463821938	10.34989134589771	6.28718813554476	-4.06270321035295	0.9122442586194243	0.1836391608557104	-1.11369314624753
20.5	17.5	1.761557509098136	1.237961441677578	0.5394736842105263	0.5872800065632441	11.63742874934317	14.13614302581631	2.498714276473141	0.3318160827963891	0.7753400490221704	0.6849628978675101
1	3	0.7722884362914353	2.000177515663419	0.25	0.2785565087812523	1.294853001816324	1.499866875068316	0.2050138732519919	0.6892891734490363	0.7290998294541422	0.05619966158112927
9	6	0.9993204878205041	2.000679512179493	0.6	0.3331068292735017	9.006119768072404	2.998981077915743	-6.007138690156661	0.9915411357514415	0.03069163201216063	-1.646713737478409
5	7	0.8377940634845827	1.390605817123443	0.4166666666666667	0.3759621739236442	5.968053747246457	5.033777303247548	-0.9342764439989093	0.7267184560835479	0.4925228341158141	-0.2561095946488559
2	14	1	1.935018635569797	0.125	0.340713339220711	1.999999999999999	7.235072439432853	5.235072439432854	0.05264068494109896	0.9881912126578482	1.435070196870029
3	11	1.000110027305958	1.789483689986408	0.2142857142857143	0.358514582645635	2.999669954396153	6.147024452669669	3.147354498273516	0.2013878701696929	0.9255749409343436	0.8627721376757995
6	0	1	1.949146437821716	1	0.3390811616457456	5.999999999999999	0	-5.999999999999999	0.9999999999999998	0.001519924354352442	-1.644756835905979
2	9	0.8962702424999408	2.000516715218183	0.1818181818181818	0.3094015043501704	2.231469823678914	4.498837691050451	2.267367867371537	0.2891410079659959	0.898980383857282	0.6215447998954827
4	8	0.9344586811527104	2.06554131884729	0.3333333333333333	0.3114862270509035	4.280553095259132	3.873076721827349	-0.4074763734317823	0.6927649393908603	0.5425565833898784	-0.1116999251120169
5	3	0.9946763311250842	2.005302323904602	0.625	0.3315611360958971	5.026760810066196	1.496033772183829	-3.530727037882367	0.9808771431928177	0.08614081613653735	-0.967864571879182
11	1	0.999910547847248	2.000089452152754	0.9166666666666666	0.3333035159490824	11.00098406170671	0.4999776379619776	-10.50100642374473	0.9999981203424229	4.699749297398803e-05	-2.878600349891124
7	1	1	1.999978785714521	0.875	0.333335690492833	6.999999999999998	0.5000053036276262	-6.499994696372372	0.9998475755870709	0.002591189151195383	-1.781818451701844
4	0	1	2	1	0.3333333333333333	3.999999999999999	0	-3.999999999999999	1	0.01234567901234551	-1.096504557270652
2	8	0.8139094200339166	2.082232729993285	0.2	0.2810322759973201	2.457275896765831	3.842029704348082	1.384753807582251	0.4349105281083537	0.8188359775720135	0.3795972151779567
8	4	0.8963504718754687	2.001255522440516	0.6666666666666666	0.3093417371560426	8.925080368688032	1.998745265233312	-6.92633510345472	0.9978460426804461	0.01159817975234156	-1.898689501530449
10	5	0.7724514875151712	2.227519374145187	0.6666666666666666	0.2574863300797701	12.94579680617625	2.244649388030016	-10.70114741814624	0.9998460005706179	0.001022198613690795	-2.933464228005607
1	0	0.8134564351512074	1.414255128557358	1	0.3651533925680271	1.229322133045905	0	-1.229322133045905	1	0.3651533925680271	-0.3369893303096285
4	1	0.8135826377272466	1.414317255051938	0.8	0.3651791718129427	4.916525764578815	0.707054938648314	-4.2094708259305	0.9935057351401553	0.06294182423632355	-1.153925986082663
5	7	1.000000000000001	2.000000000000002	0.4166666666666667	0.3333333333333333	4.999999999999995	3.499999999999996	-1.499999999999999	0.8222775435090631	0.3684792855650956	-0.4111892089764944
11	1	0.9999999999999997	1.999999999999999	0.9166666666666666	0.3333333333333333	11	0.5000000000000002	-10.5	0.9999981183235768	4.704191057902651e-05	-2.878324462835464
8	13	0.9146024421288323	2.085397557871168	0.3809523809523809	0.3048674807096107	8.74696986526645	6.233823354656059	-2.513146510610391	0.8403863310159461	0.2939862824960136	-0.6889191504932831
16	2	0.9999999999999988	1.999933815843136	0.8888888888888888	0.3333406872907786	16.00000000000002	1.000033093173554	-14.99996690682647	0.9999999044616752	1.675740137652149e-06	-4.111883018061048
8	4	0.7722884362914352	2.227711563708566	0.6666666666666666	0.2574294787638117	10.35882401453059	1.795564589762703	-8.563259424767891	0.9995032071119437	0.003399627118439663	-2.347413246087215
11	5	0.9137383662000258	2.086261633799975	0.6875	0.3045794554000085	12.03845696634785	2.39663133280789	-9.641825633539955	0.9996884880757779	0.001798224028757289	-2.643076436896389
13	4	0.9998971409394943	1.941772996301037	0.7647058823529411	0.3399079755004277	13.00133730534055	2.05997302857737	-10.94136427676318	0.99994034689152	0.0004249891443423026	-2.999313948057285
13	11	0.993634511131461	2.004018285486941	0.5416666666666666	0.3314708468747155	13.08328148264172	5.488971871994269	-7.594309610647449	0.9902032794376119	0.02715005295082906	-2.081798774349811
2	21	0.8978748769504139	1.999376517628372	0.08695652173913043	0.3099057536499868	2.227481858934396	10.5032743031862	8.275792444251808	0.01229531769323331	0.9977660341467922	2.268611032537035
6	25	0.9997005394859724	2.000299460514027	0.1935483870967742	0.3332335131619908	6.001797301304938	12.49812865198475	6.49633135067981	0.06786020562444288	0.972215363771001	1.780814232890156
13	3	0.6883193528119678	1.820521256545653	0.8125	0.2743575459694944	18.88658214663229	1.647879687871565	-17.23870245876072	0.9999990902643254	1.158739110229678e-05	-4.725578951865983
6	20	0.7470667929302228	2.252870198503324	0.2307692307692308	0.249027494598555	8.031410386300506	8.877564279241138	0.8461538929406327	0.5200186898112105	0.6586820898671788	0.2319528999404269
6	1	0.9481832558334714	2.051040069432209	0.8571428571428571	0.3161429320204018	6.327890693161296	0.4875575152838583	-5.840333177877438	0.9996843655942476	0.005094933836056303	-1.600987986380401
11	75	0.8269890493433265	2.172953961749506	0.1279069767441861	0.275668253125271	13.30126439852449	34.51522734499879	21.2139629464743	0.0008356419244313362	0.999699048285866	5.815301762144959
15.5	26.5	0.9866276638911757	2.011923431231275	0.3690476190476191	0.3290348013399068	15.71008047642747	13.17147540937096	-2.538605067056501	0.762750643655878	0.345531929406749	-0.6958980062844561
8	2	1.000000000000001	2.000000000000001	0.8	0.3333333333333334	7.999999999999995	0.9999999999999993	-6.999999999999996	0.9996443631560231	0.003403952649494335	-1.918882975223641
5	0	0.7722884362914347	2.227711563708563	1	0.2574294787638118	6.474265009081625	0	-6.474265009081625	0.9999999999999997	0.001130554197376621	-1.774765271858981
10	28	0.8875860598203608	1.9942662679659	0.2631578947368421	0.3079915133965846	11.26651313341256	14.04025151995339	2.773738386540828	0.3433979672464569	0.7776963850225873	0.7603541953796411
0	7	0.2941882913516782	2.705811708648323	0	0.09806276378389271	0	2.587024062918562	2.587024062918562	0.4855502914249428	0.5144497085750572	0.7091709186897607
1	0	0.7722884362914353	2.227711563708565	1	0.2574294787638117	1.294853001816324	0	-1.294853001816324	1	0.2574294787638116	-0.354953054371796
9	1	0.9098302270657593	2.090169772934242	0.9	0.3032767423552529	9.891955369547764	0.4784300361382465	-9.413525333409519	0.9999934174970148	0.0001578035589627769	-2.580493357016569
2	4	0.7722884362914353	2.000918970657544	0.3333333333333333	0.2784820328823115	2.589706003632648	1.999081451402061	-0.5906245522305875	0.7830759187861993	0.5321879649905996	-0.1619056282891944
0	0	0	1.269378298335632	0	0	0	0	0	0	0	0
2	0	1	2	1	0.3333333333333333	2	0	-2	1	0.1111111111111109	-0.5482522786353262
1	3	0.1885038042700884	2.811474904096601	0.25	0.06283504737695873	5.304932724684958	1.067055585532241	-4.237877139152717	0.9782484794318113	0.2286274939992466	-1.161712899058517
11	1	0.9998767545809041	2.000078759243445	0.9166666666666666	0.333297193899472	11.00135586671442	0.4999803109644856	-10.50137555574993	0.999998120770215	4.698808015257683e-05	-2.878701538622608
2	5	0.8135474089286608	2.083136765116106	0.2857142857142857	0.28085471527007	2.458369331707106	2.400226467954119	-0.05814286375298705	0.6900344207878293	0.6285803607163665	-0.01593847876947924
25	2	0.9999999999999999	1.99996024002873	0.9259259259259259	0.3333377511664699	25	1.000019880380857	-23.99998011961915	0.9999999999927838	1.913915692597357e-10	-6.579021893891864
6	1	0.9999709830497295	1.932958917314179	0.8571428571428571	0.3409460904352525	6.00017410675367	0.5173415694677498	-5.482832537285921	0.9994644500244096	0.00778213295621899	-1.502987715971457
3	0	0.7722884362914353	2.227711563708566	1	0.2574294787638117	3.884559005448972	0	-3.884559005448972	1	0.01705983522032972	-1.064859163115388
0	5	0.186756985587279	2.813194473787281	0	0.06225333580104484	0	1.777338910121176	1.777338910121176	0.7251496465965085	0.2748503534034915	0.487215053690581
2	4	0.9995515068282677	2.000448493171733	0.3333333333333333	0.3331838356094225	2.000897388816221	1.999551607378782	-0.001345781437439575	0.6806793588022693	0.6485386488473531	-0.0003689138698106859
8	1	1.637943525846005	1.221190831500919	0.8888888888888888	0.5728809216807501	4.884173278115902	0.8188728364189718	-4.06530044169693	0.9933537107984648	0.05124336216229852	-1.11440511524877
8	0	0.9134866379311888	2.086513362068812	1	0.3044955459770629	8.757654100029239	0	-8.757654100029239	1	7.390053029554533e-05	-2.400701907920519
6	19	0.7725339666175508	2.227398426928172	0.24	0.2575171254791067	7.766648793800349	8.530130833486803	0.7634820396864539	0.526324538159661	0.6540177752260109	0.2092903839776225
5	3	0.7724169480299412	2.227489492219791	0.625	0.2574803459422688	6.473187845958793	1.34680770009396	-5.126380145864833	0.9950368227764549	0.0309069007640409	-1.405274798060645
4	4	0.9996431643752191	2.000327753096773	0.5	0.3332176183953129	4.001427852007587	1.999672300605472	-2.001755551402114	0.9121745567718769	0.258412598882491	-0.5487335211635616
13	0	1	1.999436065807559	1	0.3333960044688479	12.99999999999999	0	-12.99999999999999	0.999999999999999	6.287602543064708e-07	-3.563639811129619
9	0	0.7722884362914353	2.227711563708565	1	0.2574294787638117	11.65367701634692	0	-11.65367701634692	1.000000000000001	4.96505994229679e-06	-3.194577489346164
6	0	1.772148578539174	1.227680725477299	1	0.5907498057194265	3.385720628992603	0	-3.385720628992603	1	0.04250318984391355	-0.9281145248339124
3	1	0.9134947418929852	2.086505258107016	0.75	0.3044982472976616	3.284091152821815	0.4792702995185601	-2.804820853303255	0.9914031531766253	0.0871407739091129	-0.7688747119936948
10	0	1	2	1	0.3333333333333333	9.999999999999998	0	-9.999999999999998	1.000000000000001	1.693508780764574e-05	-2.741261393176631
4	0	1	2	1	0.3333333333333333	3.999999999999999	0	-3.999999999999999	1	0.01234567901234551	-1.096504557270652
9	0	1.009735951158286	1.98803698467236	1	0.3368286967600167	8.913221312637175	0	-8.913221312637175	0.9999999999999998	5.580611176270178e-05	-2.443346947317143
5	0	1	2	1	0.3333333333333333	4.999999999999999	0	-4.999999999999999	1	0.004115226337448097	-1.370630696588315
4	0	0.7722884362914353	2	1	0.2785743453608839	5.179412007265297	0	-5.179412007265297	0.9999999999999998	0.0060223289600706	-1.419812217487184
7	0	0.7722884362914353	2.227711563708566	1	0.2574294787638117	9.063971012714269	0	-9.063971012714269	1	7.492175491097264e-05	-2.484671380602572
2	2	0.8134934102936457	2.083184036224112	0.5	0.2808367259777534	2.458532515067408	0.9600688010383914	-1.498463714029017	0.9300635371555785	0.3146815905891123	-0.4107680728343812
0	13	0.1884002621625848	2.811343144709614	0	0.06280545920393497	0	4.624124246256955	4.624124246256955	0.4303152643858069	0.5696847356141931	1.267593327351618
9	25	1.128036985256236	1.108088537269781	0.2647058823529412	0.504460493783891	7.978461803675373	22.56137407719918	14.58291227352381	0.003883545949837237	0.9987598208540566	3.997557441549248
0	15	0.7768326084167416	2.223167391583255	0	0.2589442028055808	0	6.747130268637833	6.747130268637833	0.01116255562095751	0.9888374443790425	1.849564772015037
11	1	0.9999951761841056	1.99950533125791	0.9166666666666666	0.3333872335420623	11.0000530622308	0.5001236977802352	-10.49992936445057	0.9999981146691086	4.712229912395838e-05	-2.878305099784998
2	9	0.8135476360229428	2.083228288248001	0.1818181818181818	0.2808458980919262	2.458368645476094	4.320217832472417	1.861849186996323	0.3641199846020372	0.859081211247875	0.510381529623032
3	2	0.7723737499671799	2.227626250032821	0.6	0.2574579166557265	3.884129930784776	0.897816678166067	-2.986313252618709	0.9825564881920266	0.1115372876073133	-0.8186265227335399
3	0	1	1.774055175736942	1	0.3604830966400461	3	0	-3	1	0.04684408013934849	-0.8223784179529893
0	10	0.1898141006430079	2.810185899356993	0	0.06327136688100261	0	3.558483444916626	3.558483444916626	0.5201612020223066	0.4798387979776934	0.9754733285808128
0	6	0.0002981052163981822	2.999701894783602	0	9.936840546606074e-05	0	2.000198756561055	2.000198756561055	0.9994039376587815	0.0005960623412184507	0.5483067630040723
15	7	0.9077161832328211	2.01165763188743	0.6818181818181818	0.3109283842074304	16.52498906274609	3.47971736792621	-13.04527169481988	0.9999280040794664	0.0003807356508011006	-3.576049966050963
4	0	1	1.773670044162574	1	0.3605331506912964	4	0	-4	0.9999999999999999	0.01689587996545772	-1.096504557270653
1	2	0.7722884362914354	2.227711563708566	0.3333333333333333	0.2574294787638117	1.294853001816324	0.8977822948813512	-0.3970707069349728	0.8353098608308365	0.5905384619019414	-0.1088474599282194
4	5	1	2	0.4444444444444444	0.3333333333333333	4	2.5	-1.5	0.8551541939744964	0.3496926281562764	-0.4111892089764947
5	9	0.9985521060945328	2.001447893905469	0.3571428571428572	0.3328507020315107	5.00724996670995	4.496744595452896	-0.5105053712570538	0.691202831984173	0.5229475038384342	-0.1399428665236265
5	2	0.9133227702755916	2.086677229724409	0.7142857142857143	0.3044409234251972	5.47451586966486	0.9584616017802349	-4.516054267884625	0.9958810130205733	0.03068965614857999	-1.237968521404268
8	12	0.9882216616211787	2.010820474963662	0.4	0.3295124298408545	8.095349768872696	5.967713254072	-2.127636514800696	0.8194818186534484	0.3250389676212461	-0.5832407836736029
0	12	0.813835627604358	2.097087850207223	0	0.279579876904286	0	5.722220935481659	5.722220935481659	0.01954474563518271	0.9804552543648173	1.568610333366294
5	0	0.7722884362914352	2.086513362068811	1	0.2701440990887878	6.474265009081622	0	-6.474265009081622	1	0.001438723797459796	-1.77476527185898
6	13	0.792649646601762	2.184157467486513	0.3157894736842105	0.2662751116289681	7.569548571330509	5.951951813694161	-1.617596757636348	0.777956879419976	0.3947849528750969	-0.4434255541436217
6	5	0.9996375293088435	2.00014937513152	0.5454545454545454	0.3332361801530481	6.002175612742794	2.499813295030139	-3.502362317712655	0.9614318394700301	0.1219391567003409	-0.9600890606462328
3	14	0.8386763515800827	2.102837736076569	0.1764705882352941	0.2851172309863767	3.577065210373395	6.657670137744869	3.080604927371474	0.2413486492875873	0.9021563122150248	0.8444743355033122
2	0	0.7722884362914352	2.086513362068812	1	0.2701440990887877	2.589706003632648	0	-2.589706003632648	0.9999999999999998	0.07297783427249294	-0.7099061087435921
5	1	0.913033341354279	2.086966658645719	0.8333333333333334	0.3043444471180932	5.476251275318848	0.4791643392371793	-4.997086936081669	0.9992053199805357	0.01169332279490909	-1.369832149622798
9	0	1	2	1	0.3333333333333333	8.999999999999998	0	-8.999999999999998	1.000000000000001	5.080526342449154e-05	-2.467135253858968
1	0	1	2	1	0.3333333333333333	0.9999999999999998	0	-0.9999999999999998	1	0.3333333333333333	-0.2741261393176631
3	2	0.7722884362914353	2.227711563708565	0.6	0.2574294787638117	3.884559005448972	0.8977822948813515	-2.986776710567621	0.9825636943466753	0.1115061100590649	-0.8187535686718113
4	0	1	1.932807146283776	1	0.3409702548178533	3.999999999999999	0	-3.999999999999999	1	0.01351655377570737	-1.096504557270652
2	0	0.7722884362914352	2.227711563708565	1	0.2574294787638117	2.589706003632648	0	-2.589706003632648	1	0.06626993653660762	-0.7099061087435921
10	3	0.9135271293737497	2.086472870626251	0.7692307692307693	0.3045090431245832	10.94658240402264	1.437833217117056	-9.508749186905581	0.9999153042121695	0.0007442377640481945	-2.606596704346396
5	6	0.9999999999999997	1.999999999999999	0.4545454545454545	0.3333333333333333	5.000000000000002	3.000000000000001	-2.000000000000001	0.8779149519890264	0.2889972734508626	-0.5482522786353266
1	5	0.7723362777969753	2.227663722203026	0.1666666666666667	0.257445425932325	1.294772793597649	2.244503939335736	0.9497311457380864	0.5163583233425145	0.8323628511206825	0.2603461323709225
1	6	0.7732726870990525	2.226678262332323	0.1428571428571428	0.2577617768202584	1.293204863799754	2.694596745968738	1.401391882168984	0.4258097725070064	0.8758910193193705	0.384158146330097
3	4	0.8136368408688438	2.083040605648915	0.4285714285714285	0.280886241527153	3.687148675318639	1.920269815745579	-1.76687885957306	0.8973842024610827	0.3100354189129563	-0.4843476804167585
2	0	0.999999999999999	1.999999999999998	1	0.3333333333333334	2.000000000000002	0	-2.000000000000002	1	0.111111111111111	-0.5482522786353269
6	0	0.7722884362914357	2.227711563708567	1	0.2574294787638117	7.76911801089794	0	-7.76911801089794	1	0.000291037977744435	-2.129718326230775
4	0	0.8134903081273041	1.414221255581261	1	0.3651685978471344	4.917083780885113	0	-4.917083780885113	1	0.01778171706805798	-1.347901193555534
3	1	0.7722884362914351	2.227711563708565	0.75	0.2574294787638117	3.884559005448974	0.4488911474406759	-3.435667858008298	0.9956082955114343	0.05506422741562089	-0.9418063658936
9	4	0.9989089303570438	2.001069727398026	0.6923076923076923	0.332972012242428	9.009830352385674	1.998930844454464	-7.01089950793121	0.9983677714567609	0.008753406604844027	-1.921870815253287
0	1	0.7722884362914353	2.227711563708565	0	0.2574294787638117	0	0.4488911474406758	0.4488911474406758	0.7425705212361884	0.2574294787638116	0.1230527972217884
12	4	0.9473049575087036	2.050552941912628	0.75	0.3159939494435541	12.66751525460031	1.950693356041346	-10.71682189855896	0.9999379617362973	0.0004569102870594088	-2.937761012806958
7	6	0.9125578391921069	2.087442160807894	0.5384615384615384	0.3041859463973688	7.670746663243991	2.874331137241112	-4.796415526002878	0.9801385301995428	0.06679146161023974	-1.314822870706468
3	2	0.9998474225850797	2.000152577414921	0.6	0.3332824741950265	3.000457802095021	0.9999237171120624	-2.000534084982958	0.9547576211221178	0.2098012020868643	-0.5483986852897722
14	1	0.772288436291436	2.000021259913611	0.9333333333333333	0.2785722090676249	18.12794202542852	0.4999946850780946	-17.62794734035043	0.9999999952786434	1.881271970427534e-07	-4.832281148505332
7	0	1	1.999464429951497	1	0.333392851741926	7	0	-7	1	0.0004578191844083479	-1.918882975223642
13	13	0.9999144280737851	2.000085571926215	0.5	0.3333048093579283	13.00111253024215	6.499721903138442	-6.501390627103707	0.9752646399518057	0.05823607895908023	-1.78220111280398
8	0	0.7722884362914352	2.086513362068812	1	0.2701440990887877	10.35882401453059	0	-10.35882401453059	0.9999999999999994	2.83637653275548e-05	-2.839624434974368
5	0	1	2	1	0.3333333333333333	4.999999999999999	0	-4.999999999999999	1	0.004115226337448097	-1.370630696588315
5	1	0.8968417420483383	1.999718212919514	0.8333333333333334	0.3096230549311354	5.575119628776721	0.5000704566970151	-5.075049172079706	0.9991189516381295	0.01266806745180404	-1.391203636389512
4	0	0.7722884362914352	2	1	0.2785743453608839	5.179412007265297	0	-5.179412007265297	0.9999999999999998	0.0060223289600706	-1.419812217487184
12	12	0.9994475035786097	2.000552496421392	0.5	0.3331491678595364	12.00663362210916	5.998342968487814	-6.008290653621346	0.9716886443172772	0.06739912668356529	-1.647029520775618
11	4	0.8651431947746769	2.031699390992032	0.7333333333333333	0.2986503992400053	12.71465818194976	1.968795195654852	-10.74586298629491	0.9999127221140064	0.000644033960347401	-2.945721934069597
4	1	0.8135696783438797	1.414940142821829	0.8	0.3650734094222257	4.916604080110861	0.7067436775139407	-4.209860402596921	0.9935151339681597	0.06287645432180033	-1.154032779230197
3	18	0.7725584197986978	2.227109970258748	0.1428571428571428	0.257547941752289	3.88320148110184	8.082223258112727	4.199021777010887	0.1713053943862358	0.9354666040203727	1.151061628642788
11	1	1	2	0.9166666666666666	0.3333333333333333	11	0.4999999999999999	-10.5	0.9999981183235768	4.704191057902651e-05	-2.878324462835463
14	0	1.771265096873719	1.227967667668093	1	0.5905727350722351	7.903955215235702	0	-7.903955215235702	1.000000000000001	0.0006278089500416639	-2.166680728492272
7	0	0.8146829420129856	2.081994504504773	1	0.2812473798186805	8.592299702144032	0	-8.592299702144032	0.9999999999999998	0.0001391936412269423	-2.355373945209051
8	0	1.638579913168267	1.221225789519566	1	0.5729689648594736	4.882276375847698	0	-4.882276375847698	0.9999999999999998	0.01161579103740984	-1.338359573992961
1	0	1	2	1	0.3333333333333333	1	0	-1	1	0.3333333333333333	-0.2741261393176632
5	0	1	2	1	0.3333333333333333	4.999999999999999	0	-4.999999999999999	1	0.004115226337448097	-1.370630696588315
18	0	1.000000000000001	1.967439267804774	1	0.3369908900409516	17.99999999999999	0	-17.99999999999999	1	3.141425897190686e-09	-4.934270507717934
0	0	0	3.000000000000001	0	0	0	0	0	0	0	0
12	0	1.108359350008201	1.406569848899785	1	0.440711949461426	10.82681352389116	0	-10.82681352389116	1.000000000000001	5.368561264618155e-05	-2.967912592416547
6	0	0.7722884362914351	2.227711563708565	1	0.2574294787638117	7.769118010897947	0	-7.769118010897947	1	0.000291037977744435	-2.129718326230777
7	5	0.9990650659612782	2.000913551056059	0.5833333333333334	0.3330240623363431	7.006550662708595	2.498858582551484	-4.507692080157112	0.9813519280933948	0.06613841554109978	-1.235676227166275
2	1	0.9999366681586154	1.999700196065023	0.6666666666666666	0.3333525734680613	2.000126671705122	0.5000749622207287	-1.500051709484393	0.9629565492145302	0.2592849131423985	-0.4112033838978175
4	6	0.8653014838934471	2.067410660786703	0.4	0.2950516249823827	4.622666289675008	2.902181029538101	-1.720485260136907	0.8580891758970152	0.3372346492475626	-0.4716299821142756
6	12	0.8140079107320939	2.082783036947928	0.3333333333333333	0.2810033328031543	7.370935737717565	5.761521861434296	-1.609413876283269	0.7799675507162132	0.3944792110365184	-0.4411824124698077
8	0	1	1.999791668463453	1	0.3333564828894329	7.999999999999996	0	-7.999999999999996	0.9999999999999998	0.000152500491451546	-2.193009114541304
1	3	0.1881998915673658	2.811650371007654	0.25	0.0627364285195416	5.313499341959248	1.066988993700822	-4.246510348258425	0.9783137443776301	0.2283027533716768	-1.164079487340587
3	0	0.7722884362914354	2.227711563708566	1	0.2574294787638117	3.884559005448972	0	-3.884559005448972	1	0.01705983522032972	-1.064859163115388
26	2	1	1.999879867135213	0.9285714285714286	0.3333466819639572	26	1.000060070040587	-24.99993992995941	0.999999999997505	6.865441548598028e-11	-6.853137016173264
3	0	1	2	1	0.3333333333333333	3	0	-3	1	0.03703703703703698	-0.8223784179529893
9	0	0.5682659914244539	2.431734008575549	1	0.1894219971414845	15.83765373226012	0	-15.83765373226012	1	3.139595518009131e-07	-4.341514873474446
23	0	1	2	1	0.3333333333333333	23	0	-23	1.000000000000001	1.062072652047164e-11	-6.304901204306252
11	0	1	2.000000000000001	1	0.3333333333333333	10.99999999999999	0	-10.99999999999999	1	5.645029269252255e-06	-3.015387532494293
3	0	0.7722884362914353	2.227711563708565	1	0.2574294787638117	3.884559005448972	0	-3.884559005448972	1	0.01705983522032972	-1.064859163115388
0	1	0.1866488704900758	2.813351129509924	0	0.06221629016335858	0	0.3554479885254125	0.3554479885254125	0.9377837098366414	0.06221629016335861	0.09743758482270037
4	0	0.8134660341510176	2.119189391265075	1	0.2773820705634386	4.917230507570783	0	-4.917230507570783	0.9999999999999997	0.005919888715882338	-1.347941415175412
2	0	0.7722884362914352	2.227711563708565	1	0.2574294787638117	2.589706003632648	0	-2.589706003632648	1	0.06626993653660762	-0.7099061087435921
6	0	1	1.999924062118449	1	0.3333417710893097	5.999999999999999	0	-5.999999999999999	1	0.001371950465321459	-1.644756835905979
0	1	0.0006605754944115104	1.269860929127437	0	0.0005199246860509621	0	0.7874878083595603	0.7874878083595603	0.999480075313949	0.0005199246860509987	0.215870992665334
11	1	0.8644923350293715	2.068169406792401	0.9166666666666666	0.2947807865807081	12.72423080492237	0.4835193851701617	-12.24071141975221	0.9999995694832228	1.278988550523774e-05	-3.355498963998304
7	0	1	1.933156809863266	1	0.340929607526376	6.999999999999997	0	-6.999999999999997	1	0.0005353687651560302	-1.918882975223641
0	0	0	3.000000000000001	0	0	0	0	0	0	0	0
12	27	0.9136363856061541	2.085722386470212	0.3076923076923077	0.3046105701365199	13.13432804237385	12.94515520145212	-0.1891728409217279	0.593720729815111	0.5434821573418476	-0.05185722054562772
3	2	0.7722884362914357	2.227711563708567	0.6	0.2574294787638117	3.88455900544897	0.8977822948813509	-2.986776710567619	0.9825636943466753	0.1115061100590649	-0.8187535686718108
3	0	1	2	1	0.3333333333333333	3	0	-3	1	0.03703703703703698	-0.8223784179529893
0	0	0	1.269378298335632	0	0	0	0	0	0	0	0
10	0	0.7722884362914355	2.000000000000001	1	0.2785743453608839	12.94853001816324	0	-12.94853001816324	0.9999999999999999	2.81456437400962e-06	-3.549530543717959
7	0	1	2	1	0.3333333333333333	6.999999999999998	0	-6.999999999999998	1	0.0004572473708274183	-1.918882975223642
1	1	0.7722884362914353	2.227690220306423	0.5	0.2574313102504713	1.294853001816324	0.4488954482470405	-0.8459575535692838	0.9337291205027256	0.4485917410036682	-0.231899078186563
16	1	0.9486524780231408	2.050559220770581	0.9411764705882353	0.3163006060574808	16.86602878362977	0.4876718457437231	-16.37835693788605	0.9999999968253168	1.198326763374169e-07	-4.489735755749365
6	1	0.7723039049961623	2.227405704615678	0.8571428571428571	0.2574595562588799	7.768962400921454	0.448952787508705	-7.32000961341275	0.9999250169477528	0.001588796125968961	-2.006605975093017
9	7	0.8156641220877364	1.413134547855018	0.5625	0.3659658151665561	11.03395350645559	4.953526902746256	-6.080426603709335	0.9684841685971961	0.08700132094349156	-1.66680387027925
7	0	0.7722884362914351	2.227711563708565	1	0.2574294787638117	9.063971012714271	0	-9.063971012714271	1	7.492175491097264e-05	-2.484671380602573
3	5	0.9998077759631634	2.000085350666697	0.375	0.3332811316136343	3.000576782982063	2.499893316219394	-0.5006834667626685	0.7414573290912601	0.5316503669735075	-0.1372504257638338
19	1	0.8631912347151712	2.069508543542455	0.95	0.2943333105947892	22.01134492088473	0.4832065096422665	-21.52813841124246	0.9999999999761896	1.165580076900596e-09	-5.901425469370187
7	0	1.000000000000001	1.952089446513301	1	0.3387431235124314	6.999999999999994	0	-6.999999999999994	1	0.0005117919075431354	-1.91888297522364
8	10	0.83696083141433	2.117248293281545	0.4444444444444444	0.2833113012947219	9.558392340154413	4.723111612243123	-4.835280727911289	0.9575999386883866	0.1073343694206086	-1.325476838459422
5	0	1	1.934860824853556	1	0.340731659754223	4.999999999999999	0	-4.999999999999999	1	0.004592640421260397	-1.370630696588315
3	0	0.8139088235842543	1.413802740124311	1	0.3653564657308264	3.685916546264651	0	-3.685916546264651	1	0.04876973462552303	-1.010406072674624
4	0	1	2	1	0.3333333333333333	3.999999999999999	0	-3.999999999999999	1	0.01234567901234551	-1.096504557270652
8	0	1	2	1	0.3333333333333333	8	0	-8	1	0.000152415790275473	-2.193009114541305
6	0	0.7722884362914354	2.227711563708566	1	0.2574294787638117	7.769118010897944	0	-7.769118010897944	1	0.000291037977744435	-2.129718326230776
7	3	1.000828789559331	1.99917121044067	0.7	0.333609596519777	6.994203277347895	1.500621849860834	-5.493581427487061	0.9965757857332709	0.0197561323689972	-1.505934267744245
5	1	0.8135294338727114	2.083151383920759	0.8333333333333334	0.2808488352860405	6.146059124373764	0.4800419248061902	-5.666017199567573	0.9995092777353684	0.008030083881736205	-1.553203420224936
3	0	0.7722884362914354	2.227711563708566	1	0.2574294787638117	3.884559005448972	0	-3.884559005448972	1	0.01705983522032972	-1.064859163115388
13	0	0.9999999999999998	2	1	0.3333333333333334	13	0	-13	0.9999999999999994	6.272254748918016e-07	-3.563639811129622
0	0	0.8134272007685346	1.414284362940031	0	0.3651402695124444	0	0	0	0	0	0
2	4	0.9999825896048803	1.99981825930605	0.3333333333333333	0.3333496588508272	2.000034821396494	2.000181757210291	0.0001469358137971	0.6803518394608892	0.6488662663504705	4.027894736369804e-05
3	2	1	2	0.6	0.3333333333333333	3	1	-2	0.9547325102880663	0.2098765432098761	-0.5482522786353263
13	5	0.9106497294063102	2.089350270593691	0.7222222222222222	0.3035499098021033	14.27552172938681	2.393088449730951	-11.88243327965586	0.9999542777080197	0.0003065302619450483	-3.257285560651779
10	8	0.7722884362914357	2.227711563708567	0.5555555555555556	0.2574294787638117	12.94853001816323	3.591129179525404	-9.35740083863783	0.9983848024358378	0.006785808654263925	-2.565108165943652
2	1	0.8135581545591053	1.41415340914946	0.6666666666666666	0.3651990535097554	2.458336861098599	0.7071368590777207	-1.751200002020878	0.9512932748941836	0.30269759584163	-0.4800496957270673
5	1	0.9133826770945647	2.086617322905436	0.8333333333333334	0.3044608923648548	5.474156807861529	0.4792445596145946	-4.994912248246935	0.9992034939192274	0.01171418666056168	-1.369236010842442
4	4	0.7766287887671032	2.223371211232897	0.5	0.2588762629223677	5.150465779603654	1.799069799856738	-3.351395979746917	0.9683841787860091	0.1264641876719164	-0.9187052412527594
14	4	0.9999320936025782	1.998330197360273	0.7777777777777778	0.3335038754336144	14.00095075412619	2.00167119792508	-11.99927955620111	0.9999813451813726	0.0001458071506125203	-3.289316179334774
10	0	0.8504206152377893	2.046256831279971	1	0.2935848505535617	11.75888709753804	0	-11.75888709753804	1	4.75703575086861e-06	-3.223418322720383
13	0	1.771719308810952	1.227912231111151	1	0.5906456460505686	7.337505402435696	0	-7.337505402435696	1.000000000000001	0.001064758436328139	-2.011402028192193
9	1	0.7722884362914352	2.227711563708565	0.9	0.2574294787638117	11.65367701634692	0.4488911474406759	-11.20478586890624	0.9999987218472071	3.814722429273942e-05	-3.071524692124376
17	8	0.9882688346313051	1.759609971952688	0.68	0.3596478972301784	17.20179712673244	4.54646207257065	-12.65533505416179	0.9997318030375683	0.001129835852311634	-3.469158140168861
11	1	1.611866639706303	1.226897262636435	0.9166666666666666	0.5678058109644422	6.824385919423396	0.81506417077754	-6.009321748645856	0.9988769528404491	0.01138094407426693	-1.647312170873957
10	4	0.9139588441718979	2.086041155828102	0.7142857142857143	0.3046529480572993	10.94141170991196	1.917507710154504	-9.023903999757451	0.9997131362267448	0.001898601600470062	-2.473687965026729
9.5	8.5	0.96718813880314	2.01536524672369	0.5277777777777778	0.324281920148195	9.822287535242008	4.217597784728182	-5.604689750513826	0.9762127467417441	0.06432850018783598	-1.536391963381632
0	3	0.813473909991732	2.083203536526026	0	0.2808299940228589	0	1.440089721143059	1.440089721143059	0.3719586807264436	0.6280413192735563	0.394766235527997
10	0	1.000000000000001	2.000000000000001	1	0.3333333333333334	9.999999999999993	0	-9.999999999999993	1	1.693508780831188e-05	-2.74126139317663
11	0	0.7722884362914352	2.227711563708565	1	0.2574294787638117	14.24338301997957	0	-14.24338301997957	1.000000000000001	3.290342067696628e-07	-3.904483598089757
8	5	0.8651139808007297	2.067549313927861	0.6153846153846154	0.2949926036022466	9.247336394442943	2.418322003890281	-6.829014390552662	0.9964507188302322	0.01640321113230647	-1.872011350226966
7	0	0.8136462775055214	2.083031169012237	1	0.2808894992722253	8.603247127806712	0	-8.603247127806712	1	0.0001379585202226918	-2.358374920741428
7	1	0.7722884362914351	2.227604324358584	0.875	0.2574386812827585	9.063971012714271	0.4489127575598237	-8.615058255154448	0.999980707415244	0.0004644759459043746	-2.361612659482252
5	0	0.7722884362914355	2.227711563708566	1	0.2574294787638117	6.474265009081619	0	-6.474265009081619	1	0.001130554197375733	-1.774765271858979
10	1	0.8524848499571813	1.375298950074857	0.9090909090909091	0.3826604942297011	11.7304137434258	0.7271146392902942	-11.00329910413551	0.9999742397597577	0.0004829042527960681	-3.016291903174168
5	1	0.9134947490326717	2.086505250967325	0.8333333333333334	0.3044982496775575	5.473485211923394	0.4792703011585471	-4.994214910764846	0.9992029073521571	0.01172088611459521	-1.369044852410675
5	0	0.8139134931403015	2.118741932275791	1	0.2775346486622517	6.143158999255103	0	-6.143158999255103	1	0.001646592187511731	-1.684000459680361
10	1	0.8149379730960604	2.081677114644252	0.9090909090909091	0.2813414790750828	12.27087254507068	0.4803818963878531	-11.79049064868283	0.9999991258792517	2.543550997802235e-05	-3.232081682184435
3	0	0.8135440072067437	2.11911141820935	1	0.27740865843157	3.687569416558456	0	-3.687569416558456	1	0.02134813970505856	-1.010859167627057
5	1	0.7723309893692102	2.227669010630791	0.8333333333333334	0.2574436631230699	6.473908296860748	0.4488997221884584	-6.02500857467229	0.9997088657918789	0.005329523155032434	-1.651612339930731
5	10	1.000439716157369	1.774093091242523	0.3333333333333333	0.3605795229701806	4.99780238553974	5.636682792669178	0.6388804071294381	0.5296808492350285	0.6794538196096479	0.1751338194920897
4	1	0.8134983181121317	2.119157107303961	0.8	0.2773930790033781	4.917035365583441	0.4718857306772419	-4.445149634906199	0.9983576031409225	0.02303455526578246	-1.218531708106156
14	6	0.9987258291134117	2.001274170886591	0.7	0.3329086097044703	14.01786115057029	2.998089960528457	-11.01977119004184	0.9998353336976005	0.0008661961611982072	-3.020807332490179
8	0	0.813928269598628	2.118727155817465	1	0.2775396872556705	9.828875957269595	0	-9.828875957269595	0.9999999999999997	3.520470881823723e-05	-2.694351819998515
17	1	0.9999873842378528	1.999034071474292	0.9444444444444444	0.3334378893266027	17.00021447066221	0.5002415988150206	-16.49997287184719	0.9999999974042125	9.600016870336958e-08	-4.523073862205646
5	2	0.8974939662553471	2.00126810173413	0.7142857142857143	0.3096128434155448	5.571068094041586	0.9993663508986971	-4.571701743142889	0.9954702612590424	0.03300708665116736	-1.253222948959591
10	8	0.9128471867458224	2.087152813254179	0.5555555555555556	0.3042823955819407	10.95473606666704	3.832972817896751	-7.121763248770284	0.9931611097320371	0.02318030583658615	-1.952261464519816
9	0	0.8649018117145053	1.36280975199406	1	0.3882467666840436	10.40580546612475	0	-10.40580546612475	0.9999999999999997	0.0002004336468900414	-2.852503278919415
8	4	0.7722884362914352	2.227711563708565	0.6666666666666666	0.2574294787638117	10.35882401453059	1.795564589762703	-8.563259424767891	0.9995032071119437	0.003399627118439663	-2.347413246087215
9	7	1.015451048695432	1.984548951304572	0.5625	0.3384836828984769	8.863056482695509	3.527249854632434	-5.335806628063075	0.9821277681482511	0.05485927307727623	-1.462684071096529
5	1	0.8652485058799581	2.067419537328639	0.8333333333333334	0.295037997186105	5.778686661718067	0.4836947614861584	-5.294991900231908	0.999340419651973	0.01011556407072356	-1.45149568732887
7	4	0.8135927949035746	2.083094750444885	0.6363636363636364	0.2808700566307378	8.603812673672492	1.920219903173259	-6.683592770499233	0.9972890042956517	0.01488074193910249	-1.832147482948399
3	0	0.7722884362914352	2	1	0.2785743453608839	3.884559005448973	0	-3.884559005448973	1	0.02161839042381553	-1.064859163115388
7	2	0.9999918889609829	2.000008111039018	0.7777777777777778	0.3333306296536609	7.000056777733646	0.9999959444969381	-6.000060833236708	0.9990347593333757	0.00828084256660333	-1.6447735118863
6	2	0.8577952569848643	2.074879107505893	0.75	0.2924959100032286	6.994676120138386	0.9639115805663003	-6.030764539572085	0.9989097149007679	0.009867055290496696	-1.65319020036676
6	0	0.7722884362914352	2.227711563708565	1	0.2574294787638117	7.769118010897946	0	-7.769118010897946	0.9999999999999998	0.0002910379777449901	-2.129718326230776
12	3	0.9999572564956949	2.000042743504306	0.8	0.3333190854985649	12.00051294397668	1.499967943056884	-10.5005450009198	0.99996858529536	0.0002849787334144871	-2.878473861833532
4	0	0.8134806953425271	2.083196751175231	1	0.2808323364827703	4.917141885359364	0	-4.917141885359364	1	0.006219972333786905	-1.347917121510738
1	8	0.1890013605716348	2.810998639428366	0.1111111111111111	0.06300045352387824	5.290967202434411	2.845963668494286	-2.445003533940124	0.89364273567854	0.443257434791161	-0.6702393793770492
6	0	0.7722884362914353	2.227711563708565	1	0.2574294787638117	7.769118010897945	0	-7.769118010897945	1	0.000291037977744435	-2.129718326230776
7	2	1.000601657773888	1.999398342226114	0.7777777777777778	0.3335338859246291	6.995790928003673	1.000300919412195	-5.995490008591478	0.9990302896756188	0.008312116239050704	-1.643520529372805
0	1	0.0002816668061378841	1.269584090216834	0	0.0002218083325580915	0	0.7876595238596668	0.7876595238596668	0.9997781916674419	0.0002218083325581377	0.2159180643724392
4	0	1	1.812030889088482	1	0.3556148703345679	3.999999999999999	0	-3.999999999999999	1	0.01599262125764467	-1.096504557270652
1	0	0.7722884362914352	2	1	0.2785743453608839	1.294853001816324	0	-1.294853001816324	1	0.278574345360884	-0.354953054371796
14	0	0.7722884362914352	2.227711563708565	1	0.2574294787638117	18.12794202542854	0	-18.12794202542854	1	5.613269293824885e-09	-4.969342761205145
26	0	1	2	1	0.3333333333333333	25.99999999999999	0	-25.99999999999999	1.000000000000001	3.920197499951428e-13	-7.127279622259239
2	4	0.8675474663357458	2.066264688309657	0.3333333333333333	0.2957065485471078	2.305349364280189	1.93586040676728	-0.3694889575129088	0.7522211319618859	0.5705002531778043	-0.1012865814435217
6	3	1.000201813651424	1.999798186348577	0.6666666666666666	0.3334006045504747	5.998789362414645	1.50015137551339	-4.498637986901255	0.9917084016246186	0.04246375044761974	-1.233194263537025
2	5	1.000021547183138	1.999978452816862	0.2857142857142857	0.3333405157277127	1.999956906562265	2.500026934269101	0.5000700277068355	0.5706281667729017	0.7366387558052778	0.1370822660837517
2	2	0.9998705190012713	2.000129480998729	0.5	0.3332901730004238	2.000258995532457	0.9999352636916966	-1.000323731840761	0.8889272499036242	0.4073306779270011	-0.2742148826773451
9	3	1	2	0.75	0.3333333333333333	8.999999999999998	1.5	-7.499999999999998	0.999456195513707	0.003855554991052723	-2.055946044882473
22	4	1.769298326690265	1.230177846805738	0.8461538461538461	0.5898691052538285	12.4343078089913	3.251562373998476	-9.182745434992825	0.9988495056625334	0.004978349017209505	-2.517230554431478
9	0	0.8643550939132382	2.068300331502855	1	0.2947346239255507	10.41238729704692	0	-10.41238729704692	0.9999999999999997	1.678341826905072e-05	-2.85430753081975
11	0	0.772288436291435	2.227711563708565	1	0.2574294787638117	14.24338301997957	0	-14.24338301997957	1.000000000000001	3.290342067696628e-07	-3.904483598089758
3	0	0.8136027030324224	1.414108860676143	1	0.3652190509250595	3.687303383848823	0	-3.687303383848823	0.9999999999999998	0.0487147267307062	-1.010786241107433
10	1	0.7722922922536988	2.227635320665539	0.9090909090909091	0.2574369757882854	12.94846536771468	0.4489065111883911	-12.49955885652629	0.9999996708603704	1.07723795277348e-05	-3.426455812513455
3	0	1	2	1	0.3333333333333333	3	0	-3	1	0.03703703703703698	-0.8223784179529893
3	1	0.9133745247232619	2.086625475276739	0.75	0.3044581749077538	3.284523400637819	0.4792426872231946	-2.805280713414625	0.9914076777110375	0.08710976762878986	-0.769000771670651
9	3	0.7723311357375822	2.227668864262419	0.75	0.2574437119125273	11.65303272592388	1.346699255049875	-10.306333470874	0.9999504416254237	0.0004970154900612034	-2.825235404891101
9	0	1.768188799394597	1.226807605589078	1	0.5903809421782044	5.089954196679379	0	-5.089954196679379	0.999999999999999	0.008713466543149528	-1.395289493239456
5	0	0.9999999999999999	2	1	0.3333333333333334	5.000000000000001	0	-5.000000000000001	1	0.004115226337448541	-1.370630696588316
5	2	0.7723641741680678	2.227616848824466	0.7142857142857143	0.2574563533064022	6.473630143948121	0.8978204672205718	-5.575809676727549	0.9984113168672574	0.01468596985937787	-1.528475180251391
3	1	1	1.772399094766901	0.75	0.360698429705727	3	0.5642070135064678	-2.435792986493531	0.9830731164473251	0.1369316558966205	-0.6677145275645125
4	1	0.8138105696963992	2.118841482176151	0.8	0.2774998722322912	4.915148744617857	0.4719560233325961	-4.443192721285262	0.998354439183695	0.02306751482416936	-1.21799526693027
0	0	0	3.000000000000001	0	0	0	0	0	0	0	0
1	5	0.7722884362914351	2.227711563708565	0.1666666666666667	0.2574294787638117	1.294853001816324	2.244455737203379	0.9496027353870542	0.5163957696269112	0.8323412488183721	0.2603109317371456
4	0	0.8134953033245019	2.083182143193256	1	0.2808373794957549	4.917053587959569	0	-4.917053587959569	1	0.006220419123449172	-1.34789291688542
19	1	1.767939395278158	1.22820013640564	0.95	0.5900724504257634	10.7469747270441	0.8141995513259965	-9.932775175718104	0.9999738117323161	0.0003900518031446643	-2.722833311629927
4	1	0.7723693437664764	2.2276174540531	0.8	0.257457580922637	5.178869451878955	0.448910111644404	-4.729959340234552	0.998868828585997	0.01744342672097332	-1.296605493068019
1	0	0.8134708135042132	2.119184611911879	1	0.2773837002650238	1.229300404389764	0	-1.229300404389764	1	0.2773837002650239	-0.3369833739170082
3	10	0.840190760330638	2.056273954038974	0.2307692307692308	0.2900745713083881	3.570617699746446	4.863165231635503	1.292547531889058	0.4519500238789214	0.7750481346435422	0.3543210648013214
5	1	0.9997708609320758	2.000229139067924	0.8333333333333334	0.3332569536440252	5.001145957923351	0.4999427217953561	-4.501203236127996	0.9986301427257578	0.01781379584081888	-1.233897465403939
14	10	0.8790348843002718	2.033852353607291	0.5833333333333334	0.3017744294597947	15.92655792169643	4.91677775049096	-11.00978017120547	0.9989473146071498	0.003858415588727127	-3.018068533068716
11	5	0.8655561589466648	2.031855602320994	0.6875	0.2987342601826023	12.70859191087775	2.460804790600516	-10.24778712027723	0.9997456986728797	0.001506955228174789	-2.809186319830871
6	2	0.8139796810918584	1.414094439740353	0.75	0.3653288162549222	7.37119136923873	1.41433269504067	-5.95685867419806	0.9952728240475198	0.03154102560448557	-1.632930670818847
16	0	1.77180255780797	1.228144501159324	1	0.5906112751262678	9.030351564564167	0	-9.030351564564167	1.000000000000001	0.0002191935338528017	-2.475455411075195
14	2	0.9515665627641416	2.047114413369008	0.875	0.3173283754883466	14.71258086174481	0.9769849632920762	-13.73559589845273	0.9999996255422605	6.245695492679282e-06	-3.765285874870376
2	0	0.8134369305577186	2.119218494858374	1	0.2773721465904253	2.458703219472388	0	-2.458703219472388	0.9999999999999999	0.07693530770418044	-0.6739948212818748
0	0	0.7722884362914353	2.227711563708565	0	0.2574294787638117	0	0	0	0	0	0
2	1	1	2	0.6666666666666666	0.3333333333333333	2	0.5	-1.5	0.962962962962963	0.2592592592592592	-0.4111892089764947
3	0	0.8651549665997017	2.067500458816391	1	0.2950073708291015	3.467586866883317	0	-3.467586866883317	1	0.02567429938728927	-0.950556200567355
4	0	0.7722884362914344	2.227711563708563	1	0.2574294787638117	5.179412007265302	0	-5.179412007265302	1	0.00439170448856574	-1.419812217487186
0	6	0.001667415808034792	2.998332584191965	0	0.0005558052693449306	0	2.001112228721273	2.001112228721273	0.9966697987438412	0.003330201256158793	0.5485571696007272
10	0	1	1.999974722962032	1	0.3333361419167718	9.999999999999998	0	-9.999999999999998	1	1.693651477030489e-05	-2.741261393176631
2	0	0.7722884362914353	2.227711563708565	1	0.2574294787638117	2.589706003632648	0	-2.589706003632648	1	0.06626993653660762	-0.7099061087435921
9	0	1	2	1	0.3333333333333333	8.999999999999998	0	-8.999999999999998	1.000000000000001	5.080526342449154e-05	-2.467135253858968
8	0	0.7722884362914344	2.08651336206881	1	0.2701440990887877	10.3588240145306	0	-10.3588240145306	0.9999999999999994	2.83637653275548e-05	-2.839624434974371
4	2	0.7723737558626577	2.227626244137343	0.6666666666666666	0.2574579186208858	5.178839868183291	0.8978166805421651	-4.281023187641126	0.9946690817434723	0.0416687004049987	-1.173540358757458
3	5	0.814424108863954	2.082729283739093	0.375	0.2811118358259266	3.683584470730761	2.400696066952866	-1.282888403777895	0.838748327075173	0.4001054361679981	-0.3516732453030338
1	2	0.1999309703646349	2.800069029635367	0.3333333333333333	0.06664365678821159	5.001726336726101	0.7142681051189819	-4.287458231607119	0.9872678482372763	0.1869028289981156	-1.175304372516195
14	0	0.7722884362914352	2	1	0.2785743453608839	18.12794202542854	0	-18.12794202542854	0.9999999999999992	1.695023332803913e-08	-4.969342761205145
1	0	0.7722884362914352	2.227711563708565	1	0.2574294787638117	1.294853001816324	0	-1.294853001816324	1	0.2574294787638116	-0.354953054371796
3	3	0.8134829920930888	2.083249647686889	0.5	0.280827778484547	3.687846001894902	1.440057845842438	-2.247788156052464	0.9437205192006598	0.2210383875107196	-0.6161774892226309
1	0	0.7722884362914352	2.086513362068812	1	0.2701440990887877	1.294853001816324	0	-1.294853001816324	1	0.2701440990887878	-0.354953054371796
3	4	0.7723097864133933	2.227690213586607	0.4285714285714285	0.2574365954711311	3.884451618737088	1.795581798404525	-2.088869820332563	0.9223757121741402	0.2591813151980125	-0.572613819384946
0	0	0.7722884362914353	2.227711563708565	0	0.2574294787638117	0	0	0	0	0	0
11	14	0.9999196347138107	2.00008036528619	0.44	0.3333065449046035	11.00088408919816	6.999718732800395	-4.001165356397768	0.9082557614349515	0.1779091708205998	-1.096824011920902
6	0	0.7722884362914353	2.086513362068812	1	0.2701440990887878	7.769118010897945	0	-7.769118010897945	0.9999999999999999	0.0003886627441025414	-2.129718326230776
0	7	0.1868618110762397	2.81311684655702	0	0.06228771348115472	0	2.488343137458835	2.488343137458835	0.6375103576910931	0.3624896423089069	0.6821198975691916
15	7	0.9991778616025597	1.953631413646914	0.6818181818181818	0.3383821196911346	15.01234222297702	3.583070967789594	-11.42927125518743	0.9997764098622142	0.001050005113999219	-3.133062004398872
6	2	1	1.772697078738105	0.75	0.3606596651571887	5.999999999999999	1.12822434469385	-4.871775655306149	0.99565392239247	0.02953488992878883	-1.335481052010853
7	0	0.8855283093412819	2.114471690658717	1	0.2951761031137607	7.904885621564252	0	-7.904885621564252	0.9999999999999999	0.0001952398046890513	-2.166935777187114
7	1	0.8967154287623144	1.999996760636744	0.875	0.3095631771923961	7.806266933158164	0.5000008098421257	-7.306266123316038	0.9999156676188309	0.001589063837721838	-2.002838525212055
2	1	0.7722884362914353	2.227711563708566	0.6666666666666666	0.2574294787638117	2.589706003632648	0.4488911474406757	-2.140814856191973	0.9829401647796703	0.1646901391691635	-0.5868533115218036
11	2	0.9997950600976792	1.933081781254284	0.8461538461538461	0.3408922754617972	11.00225480102423	1.034617375940658	-9.967637425083574	0.9999780593671108	0.0002667320402894857	-2.732389965456413
8	0	1	2	1	0.3333333333333333	7.999999999999998	0	-7.999999999999998	1	0.000152415790275473	-2.193009114541305
2	0	0.7722884362914352	2	1	0.2785743453608839	2.589706003632648	0	-2.589706003632648	1	0.07760366589324508	-0.7099061087435921
12	14	0.7723679468219194	2.227606783465369	0.4615384615384616	0.2574581509051427	15.53663645594911	6.28477166792469	-9.251864788024424	0.993187494156751	0.01950206552151101	-2.536177975830165
9	3	0.7725878607352924	2.22741213926471	0.75	0.2575292869117639	11.64916051286964	1.3468544716607	-10.30230604120894	0.9999502867117201	0.000498355663300809	-2.824131381145646
5	29	0.7725425662976454	2.226914396061729	0.1470588235294118	0.2575608105041663	6.472135281764654	13.0225032678787	6.550367986114049	0.09608810032598536	0.9598888461221472	1.79562708714346
20	9	0.9941029797346628	2.005832853492122	0.6896551724137931	0.3313747476609818	20.11864002795588	4.486914243293577	-15.6317257846623	0.9999824597381435	8.572455526778544e-05	-4.285064640221846
4	0	0.7722884362914352	2	1	0.2785743453608839	5.179412007265297	0	-5.179412007265297	0.9999999999999998	0.0060223289600706	-1.419812217487184
6	1	0.906403073833653	2.009719797025306	0.8571428571428571	0.310824719661647	6.619571549578776	0.4975818029359882	-6.121989746642788	0.9997197091927452	0.004630609118928541	-1.678197414189506
13	5	0.7723524547041355	2.227647545295864	0.7222222222222222	0.2574508182347119	16.83169376988631	2.244520238651993	-14.58717353123432	0.9999942558204491	4.796543772733752e-05	-3.998725563674068
7	0	0.8147326650996887	2.117922760316403	1	0.2778139763842499	8.591775314597822	0	-8.591775314597822	0.9999999999999993	0.0001277258008343107	-2.355230196875501
7	1	1	1.9999358314441	0.875	0.333340463325385	6.999999999999998	0.500016042653692	-6.499983957346307	0.9998475581264109	0.002591433595221848	-1.781815507854089
13	0	1.588926524002138	1.188205492620705	1	0.5721465578486854	8.181624388304636	0	-8.181624388304636	1	0.0007040358320685725	-2.242797106913187
3	3	0.7722884362914352	2.227711563708565	0.5	0.2574294787638117	3.884559005448973	1.346673442322027	-2.537885563126946	0.9583473536310918	0.1813595737492217	-0.6957007714500232
9	1	0.7725588562138802	2.226761967411852	0.9	0.2575779323533558	11.64959786249396	0.4490825757915617	-11.2005152867024	0.9999987144572401	3.833900091776421e-05	-3.070354013912198
17	0	1.140892677223187	1.75358480259688	1	0.3941618772912719	14.90061277400448	0	-14.90061277400448	1.000000000000001	1.33803815804967e-07	-4.084647453205305
18	2	0.7723098009609949	2.227647497092037	0.9	0.2574402647205088	23.30670927340605	0.8978081148883713	-22.40890115851768	0.9999999999040426	2.680554778144995e-09	-6.142865560935561
7	5	0.8650831058838789	1.364757173840305	0.5833333333333334	0.3879574307406823	8.091708128836835	3.663655407599321	-4.428052721237514	0.9521711062145022	0.1378038929493517	-1.213844997167912