137,138
137,139
137,140
137,141
137,142
137,143
137,144
137,145
137,146
137,147
137,148
137,149
137,150
137,151
138,139
138,140
138,141
138,142
138,143
138,144
138,145
138,146
138,147
138,148
138,149
138,150
138,151
139,140
139,141
139,142
139,143
139,144
139,145
139,146
139,147
139,148
139,149
139,150
139,151
140,141
140,142
140,143
140,144
140,145
140,146
140,147
140,148
140,149
140,150
140,151
141,142
141,143
141,144
141,145
141,146
141,147
141,148
141,149
141,150
141,151
142,143
142,144
142,145
142,146
142,147
142,148
142,149
142,150
142,151
143,144
143,145
143,146
143,147
143,148
143,149
143,150
143,151
144,145
144,146
144,147
144,148
144,149
144,150
144,151
145,146
145,147
145,148
145,149
145,150
145,151
146,147
146,148
146,149
146,150
146,151
147,148
147,149
147,150
147,151
148,149
148,150
148,151
149,150
149,151
150,151
182,183
182,184
182,185
182,186
182,187
182,188
182,189
182,190
182,191
182,192
182,193
182,194
182,195
182,196
182,197
182,198
183,184
183,185
183,186
183,187
183,188
183,189
183,190
183,191
183,192
183,193
183,194
183,195
183,196
183,197
183,198
184,185
184,186
184,187
184,188
184,189
184,190
184,191
184,192
184,193
184,194
184,195
184,196
184,197
184,198
185,186
185,187
185,188
185,189
185,190
185,191
185,192
185,193
185,194
185,195
185,196
185,197
185,198
186,187
186,188
186,189
186,190
186,191
186,192
186,193
186,194
186,195
186,196
186,197
186,198
187,188
187,189
187,190
187,191
187,192
187,193
187,194
187,195
187,196
187,197
187,198
188,189
188,190
188,191
188,192
188,193
188,194
188,195
188,196
188,197
188,198
189,190
189,191
189,192
189,193
189,194
189,195
189,196
189,197
189,198
190,191
190,192
190,193
190,194
190,195
190,196
190,197
190,198
191,192
191,193
191,194
191,195
191,196
191,197
191,198
192,193
192,194
192,195
192,196
192,197
192,198
193,194
193,195
193,196
193,197
193,198
194,195
194,196
194,197
194,198
195,196
195,197
195,198
196,197
196,198
197,198
172,173
172,174
172,175
172,176
172,177
172,178
172,179
172,180
173,174
173,175
173,176
173,177
173,178
173,179
173,180
174,175
174,176
174,177
174,178
174,179
174,180
175,176
175,177
175,178
175,179
175,180
176,177
176,178
176,179
176,180
177,178
177,179
177,180
178,179
178,180
179,180
321,322
321,323
321,324
321,325
321,326
321,327
321,328
321,329
321,330
321,331
321,332
321,333
321,334
321,335
321,336
321,337
321,338
321,339
322,323
322,324
322,325
322,326
322,327
322,328
322,329
322,330
322,331
322,332
322,333
322,334
322,335
322,336
322,337
322,338
322,339
323,324
323,325
323,326
323,327
323,328
323,329
323,330
323,331
323,332
323,333
323,334
323,335
323,336
323,337
323,338
323,339
324,325
324,326
324,327
324,328
324,329
324,330
324,331
324,332
324,333
324,334
324,335
324,336
324,337
324,338
324,339
325,326
325,327
325,328
325,329
325,330
325,331
325,332
325,333
325,334
325,335
325,336
325,337
325,338
325,339
326,327
326,328
326,329
326,330
326,331
326,332
326,333
326,334
326,335
326,336
326,337
326,338
326,339
327,328
327,329
327,330
327,331
327,332
327,333
327,334
327,335
327,336
327,337
327,338
327,339
328,329
328,330
328,331
328,332
328,333
328,334
328,335
328,336
328,337
328,338
328,339
329,330
329,331
329,332
329,333
329,334
329,335
329,336
329,337
329,338
329,339
330,331
330,332
330,333
330,334
330,335
330,336
330,337
330,338
330,339
331,332
331,333
331,334
331,335
331,336
331,337
331,338
331,339
332,333
332,334
332,335
332,336
332,337
332,338
332,339
333,334
333,335
333,336
333,337
333,338
333,339
334,335
334,336
334,337
334,338
334,339
335,336
335,337
335,338
335,339
336,337
336,338
336,339
337,338
337,339
338,339
200,201
200,202
200,203
200,204
200,205
200,206
200,207
200,208
200,209
200,210
200,211
200,212
200,213
200,214
200,215
200,216
200,217
201,202
201,203
201,204
201,205
201,206
201,207
201,208
201,209
201,210
201,211
201,212
201,213
201,214
201,215
201,216
201,217
202,203
202,204
202,205
202,206
202,207
202,208
202,209
202,210
202,211
202,212
202,213
202,214
202,215
202,216
202,217
203,204
203,205
203,206
203,207
203,208
203,209
203,210
203,211
203,212
203,213
203,214
203,215
203,216
203,217
204,205
204,206
204,207
204,208
204,209
204,210
204,211
204,212
204,213
204,214
204,215
204,216
204,217
205,206
205,207
205,208
205,209
205,210
205,211
205,212
205,213
205,214
205,215
205,216
205,217
206,207
206,208
206,209
206,210
206,211
206,212
206,213
206,214
206,215
206,216
206,217
207,208
207,209
207,210
207,211
207,212
207,213
207,214
207,215
207,216
207,217
208,209
208,210
208,211
208,212
208,213
208,214
208,215
208,216
208,217
209,210
209,211
209,212
209,213
209,214
209,215
209,216
209,217
210,211
210,212
210,213
210,214
210,215
210,216
210,217
211,212
211,213
211,214
211,215
211,216
211,217
212,213
212,214
212,215
212,216
212,217
213,214
213,215
213,216
213,217
214,215
214,216
214,217
215,216
215,217
216,217
