131
135
137
82
83
175
158
159
160
161
162
275
276
278
155
156
157
158
155
156
157
158
159
160
156
157
158
159
160
156
157
158
159
160
189
190
191
192
196
34
36
54
70
292
294
305
307
334
363
364
365
366
379
380
382
383
384
386
387
390
391
393
394
395
397
398
401
403
404
405
498
140
142
143
144
145
146
172
173
174
175
176
82
83
121
122
123
124
126
133
135
136
137
138
140
142
143
144
145
146
133
204
205
206
208
212
50
53
50
53
54
142
143
144
145
146
189
190
194
196
219
222
225
235
238
241
242
276
278
114
147
149
150
151
152
153
161
169
171
172
205
206
208
209
210
242
