45,53
45,128
45,142
45,157
45,173
45,192
45,194
45,223
45,225
45,261
45,353
45,354
45,355
45,375
53,128
53,142
53,157
53,173
53,192
53,194
53,223
53,225
53,261
53,353
53,354
53,355
53,375
128,142
128,157
128,173
128,192
128,194
128,223
128,225
128,261
128,353
128,354
128,355
128,375
142,157
142,173
142,192
142,194
142,223
142,225
142,261
142,353
142,354
142,355
142,375
157,173
157,192
157,194
157,223
157,225
157,261
157,353
157,354
157,355
157,375
173,192
173,194
173,223
173,225
173,261
173,353
173,354
173,355
173,375
192,194
192,223
192,225
192,261
192,353
192,354
192,355
192,375
194,223
194,225
194,261
194,353
194,354
194,355
194,375
223,225
223,261
223,353
223,354
223,355
223,375
225,261
225,353
225,354
225,355
225,375
261,353
261,354
261,355
261,375
353,354
353,355
353,375
354,355
354,375
355,375
