dN/dS,LRT,p-value,Log(L)
1.028145822447522e-15,0.9955048606626899,0.1592003251067625,-4.079503143659447
9.682324783204268e-17,0.6649074777976693,0.2074163732865054,-3.843180436036519
5.64667360488876e-15,0.6646110634227576,0.2074683844408811,-10.24560791926053
2.804502661847769e-15,0.6482354892681439,0.2103721227390919,-4.029234727632892
1.028145822447522e-15,0.6482343206741623,0.210372332109398,-3.978080639690835
2.804502661847769e-15,0.7287793264688265,0.196639571346433,-4.517768508651764
2.804502661847769e-15,0.4316753180983657,0.2555840191042927,-4.626249038494691
9.682324783204268e-17,0.8399375352397485,0.1797073182171761,-4.088070718270251
9.682324783204268e-17,0.5602359832570452,0.2270825885024841,-3.945091839175125
3.1423099055371,0.9187069148856182,0.1689073617233504,-11.73385023977214
4.936130869128893e-15,0.3870897675680567,0.2669165619699473,-4.114971834583895
4.936130869128893e-15,0.7231447813463561,0.1975571486670955,-11.42451791471992
2.804502661847769e-15,0.4041109165260668,0.262486904377263,-5.100037596357014
1.028145822447522e-15,0.6727556918610542,0.2060462470883349,-4.230847435776021
1.028145822447522e-15,0.6568645236682364,0.2088345358033817,-4.325414906444451
2.804502661847769e-15,0.7287793264688265,0.196639571346433,-4.517768508651764
1,0,1,0
1,0,1,0
1,0,1,0
1.994511769347581,0.3819328875462737,0.2682852993930476,-13.70384863774128
1.807382314869295,0.2883335878217324,0.2956451952955826,-10.5415668548372
1,0,1,0
1,0,1,0
1,0,1,0
1,0,1,0
1,0,1,0
1,0,1,0
1,0,1,0
1,0,1,0
2.804502661847769e-15,1.069402964086368,0.1505401705313242,-14.41072456583503
1,0,1,0
1,0,1,0
1,0,1,0
1,0,1,0
2.804502661847769e-15,1.078373859365279,0.1495308098977681,-16.82248174618332
1,0,1,0
1,0,1,0
1,0,1,0
1,0,1,0
1,0,1,0
1,0,1,0
2.804502661847769e-15,0.9954637759224951,0.1592053182811085,-12.44322923006045
1,0,1,0
1,0,1,0
1,0,1,0
1.028145822447522e-15,0.9834114124440312,0.1606790161064419,-10.21325621432078
1,0,1,0
1,0,1,0
1,0,1,0
1,0,1,0
1,0,1,0
1,0,1,0
2.804502661847769e-15,0.9834115170667985,0.1606790032359973,-11.42267735528051
1,0,1,0
1,0,1,0
1,0,1,0
1,0,1,0
1,0,1,0
1,0,1,0
1,0,1,0
1.633568755506017,0.2045340360272299,0.3255428636424,-11.27427871791175
4.493002920017128,2.879937703343053,0.04484474581897901,-24.8712020639008
2.247513136216209,0.5070562923412965,0.238207974394893,-9.364316954518259
1,0,1,0
1.693484701271763,0.2331776285023643,0.3145888048295935,-8.754152682925492
1.81343908483441,0.2913522010573608,0.2946776541876338,-8.098346426347955
1,0,1,0
2.804502661847769e-15,1.069248927091486,0.1505575785312864,-13.56150357076147
1.747421248068245,0.2589343850551025,0.3054265967033958,-9.088039853764794
2.804502661847769e-15,1.241345381628971,0.1326059617513354,-8.299551005235777
1,0,1,0
1,0,1,0
2.804502661847769e-15,0.7502154009581403,0.1932040210874429,-10.6008459011766
1,0,1,0
2.201688936784727,0.484460972782788,0.2432042987270061,-15.47586242581898
1,0,1,0
6.728744545674702e-16,1.115169957604788,0.1454804346582801,-10.86699449948629
1.028145822447522e-15,0.9825351573629622,0.1607868585814827,-7.957332124950139
1,0,1,0
1,0,1,0
1,0,1,0
1,0,1,0
1,0,1,0
1,0,1,0
1,0,1,0
1,0,1,0
1,0,1,0
1,0,1,0
1,0,1,0
1,0,1,0
1,0,1,0
2.804502661847769e-15,1.069516338946137,0.1505273594903974,-8.627078058517377
1,0,1,0
2.804502661847769e-15,1.186348999015514,0.1380336227327835,-8.614515032773589
1.028145822447522e-15,0.9718151383447484,0.1621139527762122,-10.70173761599025
2.693941043410621,0.7195246788202923,0.1981499337117864,-10.21055902146454
1,0,1,0
1,0,1,0
1,0,1,0
1,0,1,0
1,0,1,0
1,0,1,0
1,0,1,0
1.028145822447522e-15,0.9954638748604161,0.1592053062565848,-10.74427980559587
1.028145822447522e-15,1.078430805866962,0.1495244304274729,-9.630181863438157
1,0,1,0
1,0,1,0
1,0,1,0
1.028145822447522e-15,1.078374005528111,0.14953079352333,-9.568748766448518
1,0,1,0
1,0,1,0
2.804502661847769e-15,1.059677198707515,0.1516444100175363,-8.600456040663397
1,0,1,0
1,0,1,0
1,0,1,0
1,0,1,0
1,0,1,0
1,0,1,0
1,0,1,0
1,0,1,0
1,0,1,0
1,0,1,0
1,0,1,0
1,0,1,0
1,0,1,0
1,0,1,0
1,0,1,0
1,0,1,0
1,0,1,0
1,0,1,0
1,0,1,0
1,0,1,0
1.028145822447522e-15,0.9834115148224498,0.1606790035120916,-10.73799770025085
2.804502661847769e-15,0.5997030316331049,0.219345677722928,-13.08992310675257
4.0479524494288e-15,1.0785975891744,0.1495057484287867,-10.25090557275291
1,0,1,0
4.360267046978831,2.780376980723172,0.04771285243142281,-13.99976622099962
1.935963716377181,0.3501605570502164,0.2770111283651058,-17.09112233660793
2.804502661847769e-15,1.078001922816018,0.1495724849526281,-8.712933265752779
5.653409772347647,5.382778944644571,0.01016822992195765,-17.27419088366389
1,0,1,0
1.902982130613722,0.3351947510411257,0.2813080615441267,-12.42737607737887
1,0,1,0
1,0,1,0
1,0,1,0
1,0,1,0
1,0,1,0
1,0,1,0
1,0,1,0
1,0,1,0
1,0,1,0
1,0,1,0
2.287852447174094e-16,0.8267421077052051,0.1816081387148165,-3.947132549136102
8.025328209367878,9.531634411495361,0.001009800925339588,-30.26901772690666
1,0,1,0
1,0,1,0
4.0479524494288e-15,1.168453805509827,0.1398595848938762,-15.78511959063786
1,0,1,0
1,0,1,0
1,0,1,0
1.904523422877243,0.3359167892503976,0.2810978323795292,-11.17008284077974
1,0,1,0
1,0,1,0
1,0,1,0
1,0,1,0
1,0,1,0
1,0,1,0
1,0,1,0
1,0,1,0
1,0,1,0
1,0,1,0
4.25268582753177,2.696971488616242,0.05026953034066439,-17.13531830825814
7.152419164312442,4.384228125604437,0.0181364562361237,-13.7791828261622
3.802512868997349,2.367165199728401,0.06195594152774475,-15.50026006578487
1,0,1,0
1,0,1,0
1,0,1,0
1.028145822447522e-15,1.009491655572877,0.1575123267274695,-12.6764016577446
1.890665253195459,0.3297074307175158,0.282915707150763,-15.75163337111571
1,0,1,0
2.804502661847769e-15,1.059628101097584,0.1516500109199753,-8.532153532142226
2.804502661847769e-15,0.9954637758085632,0.1592053182949554,-10.15851187143335
1,0,1,0
1,0,1,0
1,0,1,0
1,0,1,0
1.894800700612399,0.3311999831961785,0.2824766737079587,-8.787662465136652
1.715831630255642,0.2436048884026718,0.3108072561933142,-15.41266611646294
1,0,1,0
1,0,1,0
1,0,1,0
1,0,1,0
1,0,1,0
1,0,1,0
1,0,1,0
1,0,1,0
1,0,1,0
1,0,1,0
1,0,1,0
1,0,1,0
1,0,1,0
1,0,1,0
5.64667360488876e-15,0.9834114104588494,0.1606790163506542,-16.43868379004259
1,0,1,0
1,0,1,0
6.771941737530898e-17,1.154803729929478,0.1412729069387197,-3.906210807058943
1,0,1,0
2.079086508767168,0.4229304175174669,0.2577392165005818,-11.74012722669184
1,0,1,0
1,0,1,0
1,0,1,0
2.028666562894974,0.3977277188504083,0.2641325483872902,-14.19970586147941
2.88340623833301,0.8059597681819071,0.1846587244921787,-8.883255207963121
1,0,1,0
1,0,1,0
1,0,1,0
1.929437928283892,0.3483206862731514,0.2775326458307839,-9.52758531368902
1,0,1,0
1,0,1,0
1,0,1,0
1,0,1,0
1,0,1,0
1,0,1,0
1,0,1,0
1.624958803989474,0.2005095261570915,0.3271549425969883,-10.39047433195161
1,0,1,0
1,0,1,0
1,0,1,0
1,0,1,0
1,0,1,0
2.804502661847769e-15,1.009492188432983,0.1575122628667999,-10.16886770251008
1.810782109997034,0.2898889566195813,0.2951458491471248,-8.27472823579582
1,0,1,0
4.936130869128893e-15,1.184551899801164,0.1382156318728217,-16.13069067215383
4.886439177732657,3.135659955305883,0.03829869003086633,-18.83295566307326
1,0,1,0
1.028145822447522e-15,1.009492161427772,0.1575122661032411,-10.69997715938829
1,0,1,0
2.804502661847769e-15,0.995463712240344,0.159205326020786,-9.590788754181174
2.804502661847769e-15,1.187304789176775,0.1379369435945502,-9.207440224648852
2.804502661847769e-15,1.186349869292318,0.1380335346646772,-9.726763342722169
5.413506878563729,2.68450956125956,0.05066420933270571,-24.77130771497339
1,0,1,0
2.804502661847769e-15,1.241940339546126,0.1325487152886664,-8.810711487548906
3.377186505828269,1.049586846196789,0.1528011295640939,-16.72721431234021
1,0,1,0
1,0,1,0
1,0,1,0
2.435373618161731,0.5966889390231991,0.2199220708990196,-10.81854410983919
1,0,1,0
1,0,1,0
1,0,1,0
1,0,1,0
1,0,1,0
1,0,1,0
1,0,1,0
1,0,1,0
1,0,1,0
1,0,1,0
1,0,1,0
1,0,1,0
5.995838559170927,5.642913957642264,0.008763027466830442,-30.27833422248823
1,0,1,0
4.160687010658038,2.638806741120266,0.05214092117865127,-15.7404044440913
1,0,1,0
1,0,1,0
4.936130869128893e-15,0.5976514967212161,0.2197377460190249,-11.07358537367264
1,0,1,0
1,0,1,0
1,0,1,0
4.936130869128893e-15,1.009580000356607,0.1575017395012136,-9.708113223215364
1,0,1,0
1,0,1,0
1,0,1,0
1,0,1,0
3.971633699687108,2.497618011435939,0.05700931659803937,-16.92641863462189
2.804502661847769e-15,0.6965568173853285,0.2019715389080798,-9.857023036812944
1.904559437425467,0.3359310895831307,0.2810936717334103,-10.65839993978543
1,0,1,0
2.058396522579609,0.4118976717128255,0.2605039451723931,-10.62583000666919
1,0,1,0
1.028145822447522e-15,0.7355158358859342,0.1955505565933815,-12.33384540791799
1,0,1,0
1,0,1,0
2.804502661847769e-15,1.186574735093338,0.1380107816213313,-8.893916811668014
1,0,1,0
1,0,1,0
1,0,1,0
1.028145822447522e-15,1.009493035441459,0.1575121613570591,-11.36511563651093
1,0,1,0
3.860753643159242,2.450609248224694,0.05873963132417553,-17.15974467454501
1,0,1,0
1,0,1,0
1.683640638508921,0.2282721110467243,0.3164040011801058,-8.853955928922733
1,0,1,0
1,0,1,0
1,0,1,0
1,0,1,0
1.028145822447522e-15,0.9834115170648978,0.1606790032362311,-9.082726304081383
2.449231293967717e-15,1.0094916616547,0.1575123259985925,-11.77035652577355
1,0,1,0
1,0,1,0
1,0,1,0
4.936130869128893e-15,0.959057177862924,0.163712267780035,-9.867080247874187
1,0,1,0
1,0,1,0
1,0,1,0
1,0,1,0
1,0,1,0
1,0,1,0
1,0,1,0
1,0,1,0
2.010689819018714,0.3890287723919599,0.2664051812241678,-13.19257994265251
1,0,1,0
1,0,1,0
2.804502661847769e-15,0.9588674417851024,0.1637361950528244,-11.73034313560319
2.804502661847769e-15,0.9834114179133486,0.1606790154336195,-11.316630268326
1,0,1,0
1.028145822447522e-15,1.186327860153035,0.1380357619124767,-10.40531276582528
1.868091998088691,0.3185613386408122,0.28623675656366,-16.82458512624249
4.936130869128893e-15,1.069731623610373,0.1505030367948751,-9.091665872599689
1,0,1,0
1,0,1,0
1,0,1,0
2.028113454698831,0.3975658949173493,0.2641745074877203,-9.341173256111315
1,0,1,0
1,0,1,0
1,0,1,0
1.028145822447522e-15,0.983411516915524,0.1606790032546067,-11.5863278429419
1,0,1,0
1.028145822447522e-15,0.9820557795239502,0.1608458969311333,-13.0048785581431
1,0,1,0
1,0,1,0
1,0,1,0
1,0,1,0
1,0,1,0
1,0,1,0
1,0,1,0
1,0,1,0
1,0,1,0
1,0,1,0
1,0,1,0
1,0,1,0
1,0,1,0
1,0,1,0
2.804502661847769e-15,0.8017639961133138,0.1852832432648634,-4.372184973122463
5.840566125974614e-16,0.7904708103744724,0.1869789004015941,-3.670728163564355
2.449231293967717e-15,0.6558973776699091,0.2090060353037671,-8.920133687925711
2.804502661847769e-15,0.8017639961133138,0.1852832432648634,-4.372184973122463
9.682324783204268e-17,0.7287792394809518,0.1966395854649269,-4.281534333372144
2.804502661847769e-15,0.6482354892681439,0.2103721227390919,-4.029234727632892
9.682324783204268e-17,0.7287792394809518,0.1966395854649269,-4.281534333372144
2.449231293967717e-15,0.8017639949366657,0.1852832434404141,-4.321030300883423
1.028145822447522e-15,0.6568645236682364,0.2088345358033817,-4.325414906444451
5.840566125974614e-16,0.7904708103744724,0.1869789004015941,-3.670728163564355
4.936130869128893e-15,0.7289537967719788,0.1966112570215454,-10.82180744224794
9.682324783204268e-17,0.7166379652591157,0.1986244683638266,-3.566411620629038
2.449231293967717e-15,0.8017639949366657,0.1852832434404141,-4.321030300883423
1.038263951005382e-15,0.4548870331094488,0.2500116351919456,-4.497213062048448
4.004808294513406e-15,0.7290670092799107,0.1965928871964484,-4.076123786192119
9.682324783204268e-17,0.7534466212065176,0.192693599647935,-4.084796125603802
1.028145822447522e-15,0.9955048606626899,0.1592003251067625,-4.079503143659447
2.449231293967717e-15,0.6727555932222335,0.2060462642244447,-3.994613260496402
1.827506400178574e-15,0.7808092559659139,0.1884468774166475,-3.850508136049125
2.449231293967717e-15,0.8017639949366657,0.1852832434404141,-4.321030300883423
1.038263951005382e-15,0.4548870331094488,0.2500116351919456,-4.497213062048448
9.682324783204268e-17,0.5602359832570452,0.2270825885024841,-3.945091839175125
2.449231293967717e-15,0.8017639949366657,0.1852832434404141,-4.321030300883423
1.028145822447522e-15,0.6568645236682364,0.2088345358033817,-4.325414906444451
9.682324783204268e-17,0.8037542052311952,0.1849866444680456,-4.330064877056022
2.804502661847769e-15,0.7342285000858109,0.1957579956950843,-4.282453727388157
4.936130869128893e-15,0.5082996364879087,0.237937929162531,-9.920623335905111
9.682324783204268e-17,0.7166379652591157,0.1986244683638266,-3.566411620629038
1.028145822447522e-15,0.6105463659727395,0.2172910839458412,-4.612352211777766
4.004808294513406e-15,0.7290670092799107,0.1965928871964484,-4.076123786192119
2.804502661847769e-15,0.8017639961133138,0.1852832432648634,-4.372184973122463
1.20578150638828e-15,0.664610963072823,0.2074684020523244,-4.048590983216545
9.682324783204268e-17,0.7534466212065176,0.192693599647935,-4.084796125603802
4.936130869128893e-15,0.5087106910396635,0.2378487606817455,-4.047945338959968
2.093959926088373e-15,0.7287792723368192,0.1966395801322827,-10.09755049752015
4.936130869128893e-15,0.7287792394958394,0.1966395854625106,-10.84598676343839
9.682324783204268e-17,0.7808062400961093,0.1884473381719628,-3.799354970784638
2.804502661847769e-15,0.6261784541950721,0.2143802784212003,-4.71394629143826
9.682324783204268e-17,0.6648773770428305,0.207421654116752,-3.331903232200848
9.682324783204268e-17,0.8399375352397485,0.1797073182171761,-4.088070718270251
1.028145822447522e-15,0.6646110634227753,0.207468384440878,-4.284825158496165
4.936130869128893e-15,0.5087106910396635,0.2378487606817455,-4.047945338959968
9.682324783204268e-17,0.7287792394809518,0.1966395854649269,-4.281534333372144
9.682324783204268e-17,0.7287792394809518,0.1966395854649269,-4.281534333372144
2.804502661847769e-15,0.6482354892681439,0.2103721227390919,-4.029234727632892
4.936130869128893e-15,0.7802030518630936,0.1885395232798145,-8.910843881403748
4.936130869128893e-15,0.5087106910396635,0.2378487606817455,-4.047945338959968
2.804502661847769e-15,0.6482354892681439,0.2103721227390919,-4.029234727632892
3.17603086687411e-16,0.7166409811276955,0.1986239717419627,-3.617564785893525
2.804502661847769e-15,0.8017627750959129,0.185283425435387,-4.596088109303119
2.804502661847769e-15,0.6647117694533371,0.2074507116181317,-9.899055212818034
2.804502661847769e-15,0.4041109165260668,0.262486904377263,-5.100037596357014
9.682324783204268e-17,0.7166379652591157,0.1986244683638266,-3.566411620629038
2.804502661847769e-15,0.8010360525844504,0.1853918936573623,-8.816887445583657
4.936130869128893e-15,0.3870897675680567,0.2669165619699473,-4.114971834583895
6.339875857003131,3.97279602119999,0.02312046501977605,-18.65982092508603
4.004808294513406e-15,0.7290670092799107,0.1965928871964484,-4.076123786192119
9.682324783204268e-17,0.6648773770428305,0.207421654116752,-3.331903232200848
2.744589317728e-16,0.6646110016759224,0.2074683952774688,-4.55988296691586
3.17603086687411e-16,0.7166409811276955,0.1986239717419627,-3.617564785893525
2.804502661847769e-15,0.7289001770738146,0.1966199581972079,-10.17728099330515
9.682324783204268e-17,0.6648773770428305,0.207421654116752,-3.331903232200848
1.028145822447522e-15,0.6568645236682364,0.2088345358033817,-4.325414906444451
2.804502661847769e-15,0.7342285000858109,0.1957579956950843,-4.282453727388157
4.936130869128893e-15,0.5087106910396635,0.2378487606817455,-4.047945338959968
2.804502661847769e-15,0.6390827648120787,0.212021568311781,-4.029234727632892
6.771941737530898e-17,0.7290369084381734,0.1965977711086559,-3.564846582356447
1.038263951005382e-15,0.6642099342086638,0.2075388004197253,-8.504408686850805
6.771941737530898e-17,0.7290369084381734,0.1965977711086559,-3.564846582356447
1.028145822447522e-15,0.6568645236682364,0.2088345358033817,-4.325414906444451
1.028145822447522e-15,0.4946448596102631,0.2409313114343288,-4.376118036498145
6.771941737530898e-17,0.7290369084381734,0.1965977711086559,-3.564846582356447
2.449231293967717e-15,0.6727555932222335,0.2060462642244447,-3.994613260496402
6.771941737530898e-17,0.7290369084381734,0.1965977711086559,-3.564846582356447
2.804502661847769e-15,0.8017627750959129,0.185283425435387,-4.596088109303119
6.728744545674702e-16,0.7554172942094404,0.1923832423676576,-3.818787673215469
1.028145822447522e-15,0.6482343206741623,0.210372332109398,-3.978080639690835
4.936130869128893e-15,0.5087427330361329,0.2378418122184858,-4.559222542795638
1.827506400178574e-15,0.7808092559659139,0.1884468774166475,-3.850508136049125
2.804502661847769e-15,0.6261768709624711,0.2143805702332738,-9.691944079231039
4.004808294513406e-15,0.7290670092799107,0.1965928871964484,-4.076123786192119
9.682324783204268e-17,0.6648773770428305,0.207421654116752,-3.331903232200848
9.682324783204268e-17,0.560235983224274,0.227082588509084,-3.893938673910639
1.028145822447522e-15,0.6727556918610542,0.2060462470883349,-4.230847435776021
6.771941737530898e-17,0.7290369084381734,0.1965977711086559,-3.564846582356447
1.827506400178574e-15,0.7808092559659139,0.1884468774166475,-3.850508136049125
1.028145822447522e-15,0.6646110634227753,0.207468384440878,-4.284825158496165
9.682324783204268e-17,0.6648773770428305,0.207421654116752,-3.331903232200848
5.840566125974614e-16,0.7904708103744724,0.1869789004015941,-3.670728163564355
9.682324783204268e-17,0.7808062400961093,0.1884473381719628,-3.799354970784638
2.804502661847769e-15,0.6261784630130673,0.2143802767959212,-4.765100959268344
1.038263951005382e-15,0.4548870331094488,0.2500116351919456,-4.497213062048448
1.028145822447522e-15,0.6105463659727395,0.2172910839458412,-4.612352211777766
9.682324783204268e-17,0.5602359832570452,0.2270825885024841,-3.945091839175125
2.271595610028619e-15,0.7153312591361018,0.1988398120502351,-7.904321560771923
9.682324783204268e-17,0.7287792729423757,0.1966395800339986,-4.79282631707146
7.394062990539511,4.948844742634193,0.01305405447381763,-14.82730448815982
2.804502661847769e-15,0.6261784541950721,0.2143802784212003,-4.71394629143826
2.804502661847769e-15,0.6261784541950721,0.2143802784212003,-4.71394629143826
1.028145822447522e-15,0.6727556918610542,0.2060462470883349,-4.230847435776021
2.804502661847769e-15,0.7287793264611651,0.1966395713476765,-8.855025712261346
2.804502661847769e-15,0.4041109165260668,0.262486904377263,-5.100037596357014
4.004808294513406e-15,0.7290670092799107,0.1965928871964484,-4.076123786192119
4.0479524494288e-15,0.7157767756981634,0.1987663535360971,-14.59229395924323
4.936130869128893e-15,0.5087106910396635,0.2378487606817455,-4.047945338959968
2.804502661847769e-15,0.7342285000858109,0.1957579956950843,-4.282453727388157
1.20578150638828e-15,0.664610963072823,0.2074684020523244,-4.048590983216545
1.028145822447522e-15,0.6482343206741623,0.210372332109398,-3.978080639690835
9.682324783204268e-17,0.7808062400961093,0.1884473381719628,-3.799354970784638
4.936130869128893e-15,0.4041106624297459,0.2624869695216018,-4.588745569420726
1.028145822447522e-15,0.6646110634227753,0.207468384440878,-4.284825158496165
1.827506400178574e-15,0.7808092559659139,0.1884468774166475,-3.850508136049125
1.028145822447522e-15,0.4946448596102631,0.2409313114343288,-4.376118036498145
6.771941737530898e-17,0.7290369084381734,0.1965977711086559,-3.564846582356447
1.028145822447522e-15,0.9955048606626899,0.1592003251067625,-4.079503143659447
3.17603086687411e-16,0.7166409811276955,0.1986239717419627,-3.617564785893525
9.682324783204268e-17,0.6648773770428305,0.207421654116752,-3.331903232200848
2.804502661847769e-15,0.4041115653679554,0.2624867380295466,-10.50008060678464
2.804502661847769e-15,0.6568615057956695,0.2088350706232978,-4.274261741179965
6.771941737530898e-17,0.7290369084381734,0.1965977711086559,-3.564846582356447
6.728744545674702e-16,0.7554172942094404,0.1923832423676576,-3.818787673215469
1.20578150638828e-15,0.664610963072823,0.2074684020523244,-4.048590983216545
2.562757682368074,0.6576872160907818,0.2086888161548762,-8.650688769214284
9.682324783204268e-17,0.6649074777976693,0.2074163732865054,-3.843180436036519
4.936130869128893e-15,0.5085448041267178,0.2378847393480927,-10.61275918423913
2.804502661847769e-15,0.4041109165260668,0.262486904377263,-5.100037596357014
2.804502661847769e-15,0.8029444100113921,0.1851072474387574,-10.02925865467962
6.771941737530898e-17,0.7290369084381734,0.1965977711086559,-3.564846582356447
9.682324783204268e-17,0.7166379652591157,0.1986244683638266,-3.566411620629038
2.804502661847769e-15,0.7287793264688265,0.196639571346433,-4.517768508651764
4.004808294513406e-15,0.7290670092799107,0.1965928871964484,-4.076123786192119
1.827506400178574e-15,0.7808092559659139,0.1884468774166475,-3.850508136049125
1.028145822447522e-15,0.9955048606626899,0.1592003251067625,-4.079503143659447
2.804502661847769e-15,0.8017639961133138,0.1852832432648634,-4.372184973122463
9.682324783204268e-17,0.7166379652591157,0.1986244683638266,-3.566411620629038
2.449231293967717e-15,0.8017639949366657,0.1852832434404141,-4.321030300883423
2.804502661847769e-15,0.7226695976043516,0.1976348132616617,-8.70235454643025
1.028145822447522e-15,0.6568645236682364,0.2088345358033817,-4.325414906444451
9.682324783204268e-17,0.6648773770428305,0.207421654116752,-3.331903232200848
5.840566125974614e-16,0.7904708103744724,0.1869789004015941,-3.670728163564355
9.682324783204268e-17,0.5602359832570452,0.2270825885024841,-3.945091839175125
2.271595610028619e-15,0.7342315228514753,0.1957575082424033,-4.333606892652644
9.682324783204268e-17,0.6648773770428305,0.207421654116752,-3.331903232200848
2.804502661847769e-15,0.7231780674349828,0.1975517099971777,-4.364444606287367
1.827506400178574e-15,0.7808092559659139,0.1884468774166475,-3.850508136049125
9.682324783204268e-17,0.7166379652591157,0.1986244683638266,-3.566411620629038
2.773242003519123,0.7561436828343595,0.192269024081261,-11.287248352005
2.271595610028619e-15,0.7231792391399967,0.1975515185542575,-4.415597771551853
5.840566125974614e-16,0.7904708103744724,0.1869789004015941,-3.670728163564355
2.804502661847769e-15,0.8017627750959129,0.185283425435387,-4.596088109303119
1.028145822447522e-15,0.4946448596102631,0.2409313114343288,-4.376118036498145
2.804502661847769e-15,0.6482354892681439,0.2103721227390919,-4.029234727632892
6.728744545674702e-16,0.7554172942094404,0.1923832423676576,-3.818787673215469
9.682324783204268e-17,0.7166379652591157,0.1986244683638266,-3.566411620629038
9.682324783204268e-17,0.7534466212065176,0.192693599647935,-4.084796125603802
2.093959926088373e-15,0.6646110634227718,0.2074683844408785,-10.65143385701778
9.682324783204268e-17,0.560235983224274,0.227082588509084,-3.893938673910639
2.604506526512609,0.677157392782,0.2052836438086999,-8.322342266359897
2.804502661847769e-15,0.7342285000858109,0.1957579956950843,-4.282453727388157
9.682324783204268e-17,0.7808062400961093,0.1884473381719628,-3.799354970784638
2.449231293967717e-15,0.6727555932222335,0.2060462642244447,-3.994613260496402
9.682324783204268e-17,0.5602359832570452,0.2270825885024841,-3.945091839175125
6.728744545674702e-16,0.7554172942094404,0.1923832423676576,-3.818787673215469
1.827506400178574e-15,0.7808092559659139,0.1884468774166475,-3.850508136049125
6.771941737530898e-17,0.7290369084381734,0.1965977711086559,-3.564846582356447
9.682324783204268e-17,0.7287792394809518,0.1966395854649269,-4.281534333372144
4.936130869128893e-15,0.3870897675680567,0.2669165619699473,-4.114971834583895
3.17603086687411e-16,0.7166409811276955,0.1986239717419627,-3.617564785893525
3.17603086687411e-16,0.7166409811276955,0.1986239717419627,-3.617564785893525
1.028145822447522e-15,0.6881179569560381,0.2034026359949185,-5.112717310397832
1.028145822447522e-15,0.6568645236682364,0.2088345358033817,-4.325414906444451
1.038263951005382e-15,0.5086597420862802,0.2378598098907283,-11.35871217085438
2.804502661847769e-15,0.6482354892681439,0.2103721227390919,-4.029234727632892
9.682324783204268e-17,0.6648773770428305,0.207421654116752,-3.331903232200848
2.449231293967717e-15,0.8017639949366657,0.1852832434404141,-4.321030300883423
1.028145822447522e-15,0.6727556918610542,0.2060462470883349,-4.230847435776021
4.004808294513406e-15,0.7290670092799107,0.1965928871964484,-4.076123786192119
2.804502661847769e-15,0.4041109165260668,0.262486904377263,-5.100037596357014
9.682324783204268e-17,0.6649074777976693,0.2074163732865054,-3.843180436036519
4.111120347764896,1.304068314241395,0.1267357171814876,-12.22928185220578
1.038263951005382e-15,0.7568256730372056,0.1921618747176601,-16.87049648785426
9.682324783204268e-17,0.5602359832570452,0.2270825885024841,-3.945091839175125
9.682324783204268e-17,0.6648773770428305,0.207421654116752,-3.331903232200848
9.682324783204268e-17,0.7808062400961093,0.1884473381719628,-3.799354970784638
1.038263951005382e-15,0.4548870331094488,0.2500116351919456,-4.497213062048448
2.804502661847769e-15,0.6482354892681439,0.2103721227390919,-4.029234727632892
5.64667360488876e-15,0.4041107576154843,0.262486945118207,-11.1531947969613
1.038263951005382e-15,0.4548870331094488,0.2500116351919456,-4.497213062048448
1.028145822447522e-15,0.6482343206741623,0.210372332109398,-3.978080639690835
2.804502661847769e-15,0.6105463698983922,0.217291083207335,-4.663506884016806
2.804502661847769e-15,0.6568615057956695,0.2088350706232978,-4.274261741179965
2.804502661847769e-15,0.7287793264688336,0.1966395713464318,-4.568923180890806
5.840566125974614e-16,0.7904708103744724,0.1869789004015941,-3.670728163564355
1.028145822447522e-15,0.4946448596102631,0.2409313114343288,-4.376118036498145
2.271595610028619e-15,0.7231792391399967,0.1975515185542575,-4.415597771551853
2.804502661847769e-15,0.6568615057956695,0.2088350706232978,-4.274261741179965
2.804502661847769e-15,0.4316753180983657,0.2555840191042927,-4.626249038494691
2.804502661847769e-15,0.6261784541950721,0.2143802784212003,-4.71394629143826
2.804502661847769e-15,0.7231780674349828,0.1975517099971777,-4.364444606287367
3.026891759636894,0.8690701182940543,0.1756064339590601,-20.11082645020577
1.028145822447522e-15,0.6727556918610542,0.2060462470883349,-4.230847435776021
2.804502661847769e-15,0.4316753180983657,0.2555840191042927,-4.626249038494691
8.48884454792928e-15,0.5047142220157248,0.2387180127260602,-10.83867238119182
2.804502661847769e-15,0.8017627750959129,0.185283425435387,-4.596088109303119
1.028145822447522e-15,0.6568645236682364,0.2088345358033817,-4.325414906444451
2.804502661847769e-15,0.6482354892681439,0.2103721227390919,-4.029234727632892
1.028145822447522e-15,0.9955048606626899,0.1592003251067625,-4.079503143659447
1.038263951005382e-15,0.4548870331094488,0.2500116351919456,-4.497213062048448
2.804502661847769e-15,0.7287793264688336,0.1966395713464318,-4.568923180890806
2.271595610028619e-15,0.7231792391399967,0.1975515185542575,-4.415597771551853
4.936130869128893e-15,0.5087106910396635,0.2378487606817455,-4.047945338959968
9.682324783204268e-17,0.6648773770428305,0.207421654116752,-3.331903232200848
2.804502661847769e-15,0.8017639961133138,0.1852832432648634,-4.372184973122463
3.17603086687411e-16,0.7166409811276955,0.1986239717419627,-3.617564785893525
1.028145822447522e-15,0.6482343206741623,0.210372332109398,-3.978080639690835
9.682324783204268e-17,0.8037542052311952,0.1849866444680456,-4.330064877056022
2.271595610028619e-15,0.7231792391399967,0.1975515185542575,-4.415597771551853
3.17603086687411e-16,0.7166409811276955,0.1986239717419627,-3.617564785893525
1.028145822447522e-15,0.6482343206741623,0.210372332109398,-3.978080639690835
2.271595610028619e-15,0.7231792391399967,0.1975515185542575,-4.415597771551853
1.028145822447522e-15,0.6482343206741623,0.210372332109398,-3.978080639690835