dN/dS,LRT,p-value,Log(L)
2.804502661847769e-15,1.083367688231224,0.1489727004897157,-4.043460340634452
9.682324783204268e-17,0.6964030252920219,0.2019974879355501,-3.846173608689655
2.800857013903358,0.7712411658124267,0.1899166807394871,-11.208618600054
1.028145822447522e-15,0.6653227215807096,0.2073435438575076,-4.061244854250239
2.804502661847769e-15,0.6653225511908429,0.2073435737343508,-3.983762629567042
4.0479524494288e-15,0.8167646946122904,0.1830638972060534,-4.559650143309748
8.48884454792928e-15,0.3656454863922036,0.2726937360047555,-16.80021490837133
6.728744545674702e-16,0.8979658509526853,0.1716638637356492,-4.149181953829379
1.738688558207614e-15,0.5751408166782719,0.2241116468749005,-3.990396644309243
2.804502661847769e-15,0.6653225511908429,0.2073435737343508,-3.983762629567042
5.64667360488876e-15,0.3417638900921709,0.2794064182118802,-4.138106576076754
2.804502661847769e-15,0.7679401655895362,0.1904275169392148,-16.43631234786789
5.64667360488876e-15,0.3523577553039949,0.2763907434788097,-10.77860267457711
1.028145822447522e-15,0.7433631786806352,0.1942928287341125,-4.273382139369922
3.313738231416782,0.9968339077721353,0.1590389121231861,-10.09702105851884
4.0479524494288e-15,0.8167646946122904,0.1830638972060534,-4.559650143309748
1,0,1,0
2.286488383555453,0.526130031127483,0.2341192172436458,-10.47482267718686
2.456526370766764,0.6099656538264604,0.2174003712108237,-11.20565828530243
1,0,1,0
1.741158480561438,0.2569022511733365,0.3061281909966944,-11.22234128000918
2.804502661847769e-15,0.9193170011474017,0.1688271847173513,-10.6648415783293
1,0,1,0
1,0,1,0
1,0,1,0
2.187387841548049,0.4779504124205118,0.2446760826221344,-18.451598188296
5.64667360488876e-15,1.032199681284276,0.1548212926290676,-17.34943654003837
4.936130869128893e-15,0.9052697321604164,0.1706863105705716,-10.24836253653602
4.936130869128893e-15,0.4562128095444571,0.2496996304987145,-13.63043812666946
1,0,1,0
4.42767278132261,1.421924760190791,0.1165434283576396,-11.73240001230551
1,0,1,0
1.038263951005382e-15,0.9242293833256383,0.1681834596720075,-22.90012039262382
1,0,1,0
1,0,1,0
1,0,1,0
1,0,1,0
1,0,1,0
1,0,1,0
1,0,1,0
1,0,1,0
1,0,1,0
1,0,1,0
1,0,1,0
1,0,1,0
1,0,1,0
1,0,1,0
1,0,1,0
4.936130869128893e-15,0.5469030275280922,0.2297929418960225,-10.19118733866673
1,0,1,0
1,0,1,0
1.028145822447522e-15,0.9394209668085054,0.1662133993629814,-10.60258075678647
4.0479524494288e-15,0.9052697344145386,0.1706863102700389,-11.37772681112433
1,0,1,0
1,0,1,0
1,0,1,0
4.936130869128893e-15,1.006894514454096,0.1578239842367044,-9.677000825721729
1,0,1,0
1,0,1,0
1,0,1,0
5.438887531992483,5.234766765871314,0.01106988838090545,-21.00205176517563
2.449231293967717e-15,0.7859566641173252,0.1876627743015832,-10.62820891752381
1,0,1,0
4.453228950585302,2.858539728746393,0.04544498784007572,-14.27561162648299
5.200849275950519,5.019450912925713,0.0125320579089685,-19.9172070924585
1,0,1,0
1,0,1,0
1,0,1,0
1.921344699597323,0.3456815138383185,0.2782839798917082,-9.896935929101492
1.771901923421169,0.2719028681131306,0.3010290796702966,-9.773363578036486
1,0,1,0
4.936130869128893e-15,0.9243434654432683,0.1681685493126513,-11.42010769227725
1,0,1,0
1,0,1,0
1,0,1,0
1,0,1,0
1,0,1,0
1,0,1,0
1.028145822447522e-15,0.9192850790931466,0.1688313786199631,-9.577338333315485
1,0,1,0
1,0,1,0
1,0,1,0
1,0,1,0
1,0,1,0
1,0,1,0
1,0,1,0
1.038263951005382e-15,0.4623065022794322,0.2482739973149952,-17.51992437026079
1,0,1,0
1,0,1,0
1,0,1,0
1,0,1,0
1,0,1,0
1,0,1,0
1,0,1,0
1,0,1,0
2.804502661847769e-15,0.546896327117409,0.229794316792195,-10.05297318929738
1,0,1,0
1,0,1,0
1,0,1,0
1,0,1,0
1.918373314659946,0.3442032043157894,0.2787065212410573,-10.7476006724904
1,0,1,0
1,0,1,0
1,0,1,0
1,0,1,0
1,0,1,0
1,0,1,0
2.286392275988796,0.5261059638872467,0.2341243049227644,-10.09562491980875
1,0,1,0
1.028145822447522e-15,0.7268093654642058,0.1969596782142001,-10.32125891189841
1,0,1,0
1,0,1,0
1,0,1,0
1,0,1,0
1,0,1,0
1,0,1,0
1,0,1,0
4.936130869128893e-15,0.9394209670393643,0.1662133993332782,-10.2401228417548
1,0,1,0
1,0,1,0
1,0,1,0
1.028145822447522e-15,0.9394209691983733,0.1662133990554913,-11.38279869273466
1,0,1,0
1,0,1,0
1,0,1,0
1,0,1,0
1,0,1,0
1,0,1,0
1,0,1,0
1.038263951005382e-15,0.704786181185181,0.2005900631259998,-10.49711464135038
1,0,1,0
1,0,1,0
1.028145822447522e-15,0.9052697318337977,0.1706863106141182,-8.848964417620536
1,0,1,0
1.028145822447522e-15,1.006916453271494,0.1578213481955713,-10.22197010921484
1,0,1,0
1,0,1,0
2.184994614090349,0.476377417398016,0.2450338979988284,-9.714800974576956
1,0,1,0
1,0,1,0
1,0,1,0
1,0,1,0
1,0,1,0
1,0,1,0
1,0,1,0
1,0,1,0
1,0,1,0
1,0,1,0
1,0,1,0
1.028145822447522e-15,1.155019552088824,0.1412504207501276,-9.747048499171017
1,0,1,0
1,0,1,0
2.555707932880162,0.6573356629589675,0.208751066619304,-10.64071306171522
1,0,1,0
1,0,1,0
1,0,1,0
1,0,1,0
1,0,1,0
1,0,1,0
1.973730285584774,0.3718436150586477,0.2710005255504272,-10.19450277148566
1,0,1,0
1,0,1,0
1,0,1,0
1,0,1,0
1,0,1,0
1,0,1,0
1,0,1,0
1,0,1,0
1,0,1,0
1,0,1,0
1,0,1,0
1,0,1,0
1,0,1,0
1,0,1,0
1,0,1,0
1,0,1,0
1,0,1,0
1,0,1,0
5.64667360488876e-15,1.032199681292163,0.1548212926281434,-21.83470312921552
1.038263951005382e-15,0.4455176117159603,0.2522356456456339,-11.97345431994701
1,0,1,0
1,0,1,0
1,0,1,0
1,0,1,0
1,0,1,0
1,0,1,0
1,0,1,0
1,0,1,0
1,0,1,0
1,0,1,0
1,0,1,0
1,0,1,0
1,0,1,0
1,0,1,0
1,0,1,0
1,0,1,0
1,0,1,0
1,0,1,0
6.776701022539693,6.33476868702266,0.005919677804647194,-26.33090586667185
1,0,1,0
1,0,1,0
5.127208589280569,4.954147015972246,0.01301408112836216,-23.59025925447355
4.936130869128893e-15,0.9052697311948563,0.1706863106993057,-16.5518774898735
1.919816165976719,0.344917133119754,0.2785023087878113,-13.44792217034111
1.776005206795398,0.2739151496730408,0.300358733189789,-9.548059063850921
1.926013616476762,0.3480113749799791,0.2776205034376401,-15.34764385832703
1,0,1,0
1,0,1,0
2.804502661847769e-15,1.134773372159778,0.1433797277693042,-11.17206070441614
1.038263951005382e-15,0.444950072935292,0.2523714457984501,-11.70919522782491
1,0,1,0
1,0,1,0
2.804502661847769e-15,0.5469030339383458,0.2297929405806715,-10.19087599428258
1.959449659961119,0.3649049251787382,0.2728973522872759,-12.96270163658194
1,0,1,0
1,0,1,0
1,0,1,0
2.139285015858411,0.4542212851972351,0.2501685601147764,-16.36627631585363
2.214666287940283,0.4914465279518048,0.241641375075302,-9.885822809447259
1,0,1,0
1,0,1,0
1,0,1,0
4.936130869128893e-15,0.8799838079806364,0.174103057183602,-9.859497529092701
2.804502661847769e-15,1.072725869996773,0.1501652735793903,-11.05515600843555
2.804502661847769e-15,1.134724541799052,0.1433849123364263,-9.785308496022175
1,0,1,0
1,0,1,0
1,0,1,0
1,0,1,0
1,0,1,0
2.804502661847769e-15,0.9102955980410457,0.1700180000415993,-10.00455760956326
1,0,1,0
2.804502661847769e-15,0.8407469547104682,0.17959161441206,-9.478895635846817
4.936130869128893e-15,1.154688376937216,0.1412849272516007,-17.17232359425219
1.038263951005382e-15,0.7859566684911385,0.1876627736372704,-18.22283914551447
23.48362048216881,52.02965803665552,2.733369086627135e-13,-55.73479615746595
1,0,1,0
1,0,1,0
4.376230112360252,2.805932165859119,0.04695812173604108,-19.61788716574339
1,0,1,0
1,0,1,0
1,0,1,0
1,0,1,0
1,0,1,0
22.51498336318855,46.80931733829493,3.912037360720433e-12,-62.56384770960578
1,0,1,0
1,0,1,0
1,0,1,0
1,0,1,0
1,0,1,0
1,0,1,0
1,0,1,0
2.804502661847769e-15,0.939420965734687,0.1662133995011433,-10.54714111861297
1,0,1,0
1,0,1,0
1,0,1,0
1,0,1,0
1,0,1,0
2.456531679018291,0.6099674394418493,0.2174000350381339,-11.20572620123527
8.48884454792928e-15,0.4596728409114874,0.2488884555669554,-9.4023800120228
1,0,1,0
1,0,1,0
1,0,1,0
1,0,1,0
2.449231293967717e-15,1.188342187483876,0.1378321059920063,-10.75277206791646
1,0,1,0
5.64667360488876e-15,0.4451935116885117,0.2523131806786471,-10.80274434247015
1,0,1,0
1,0,1,0
1,0,1,0
1,0,1,0
1,0,1,0
2.449231293967717e-15,0.7268093630579706,0.1969596786056562,-14.80788440888228
1,0,1,0
1,0,1,0
1.789506318130445,0.2803687282078791,0.2982298205308576,-9.851625654233688
3.180070495153887,0.9393115002947674,0.1662274845656111,-10.41588179198287
1,0,1,0
1,0,1,0
1,0,1,0
1,0,1,0
1,0,1,0
1,0,1,0
1,0,1,0
1,0,1,0
2.804502661847769e-15,0.7100746088289647,0.1997095223677017,-13.13869990023934
1,0,1,0
1,0,1,0
1,0,1,0
1,0,1,0
1.693871664813476,0.2340238004793136,0.3142780799104658,-10.50068961114383
1,0,1,0
1,0,1,0
1,0,1,0
4.936130869128893e-15,0.7857598639242589,0.1876926684733564,-13.7902540482441
1.997180071867419,0.383356235333185,0.2679062434046429,-9.508636363976954
1,0,1,0
1,0,1,0
1,0,1,0
1,0,1,0
2.186806018606342,0.4772480907947347,0.244835734846529,-10.9525349869817
1,0,1,0
1,0,1,0
4.936130869128893e-15,0.8407655962223295,0.1795889508781066,-10.38404004539876
1,0,1,0
1,0,1,0
1.912695501987121,0.3413850778544862,0.2795154089075585,-10.34547483881658
1,0,1,0
1,0,1,0
1,0,1,0
1,0,1,0
1,0,1,0
1,0,1,0
1,0,1,0
2.804502661847769e-15,1.106698592525415,0.1464003644233869,-10.45181333822323
1,0,1,0
1,0,1,0
2.768898526113655,0.7557928418724273,0.1923241787352298,-11.35455293302152
1,0,1,0
6.294678616426903,5.9635927879619,0.007302125743160193,-32.49155920209606
1,0,1,0
2.804502661847769e-15,0.910295692451669,0.1700179875205274,-11.44032895827172
1,0,1,0
1,0,1,0
1,0,1,0
1,0,1,0
1,0,1,0
2.195324159703939,0.4814564295543526,0.2438816767704941,-13.05177427510433
1,0,1,0
1,0,1,0
1,0,1,0
1,0,1,0
1,0,1,0
1,0,1,0
1.028145822447522e-15,1.188342136699287,0.1378321111217544,-10.75246516626385
1,0,1,0
1.028145822447522e-15,1.007602846008851,0.1577389043216901,-10.95045873956974
1,0,1,0
4.004808294513406e-15,0.9394209668589539,0.1662133993564905,-10.61591805935635
1,0,1,0
1,0,1,0
1,0,1,0
1,0,1,0
2.215884783729381,0.4920423340439832,0.2415088389205812,-11.48708740443866
1,0,1,0
5.840566125974614e-16,0.9404638470426026,0.1660792903345504,-4.456572779405101
5.840566125974614e-16,0.8861793080390559,0.1732573918283626,-3.607846376752625
4.936130869128893e-15,0.6064198312884042,0.2180695000970762,-4.380945703748561
2.13588415083256,0.4527983136271736,0.2505045333930521,-9.782744142176446
4.936130869128893e-15,0.8167646931986816,0.1830638974134505,-4.294162269854899
1.028145822447522e-15,0.6653227215807096,0.2073435438575076,-4.061244854250239
1.028145822447522e-15,0.8167646937191222,0.1830638973370943,-10.05360924004305
5.840566125974614e-16,0.9404638470426026,0.1660792903345504,-4.456572779405101
4.936130869128893e-15,0.6064198312884042,0.2180695000970762,-4.380945703748561
5.840566125974614e-16,0.8861793080390559,0.1732573918283626,-3.607846376752625
2.449231293967717e-15,0.7968193688955223,0.1860230152854966,-3.59039655890333
6.728744545674702e-16,0.7275080317603742,0.196846063448493,-3.575442474820413
9.682324783204268e-17,0.9404638470138309,0.1660792903382484,-4.379090469526968
8.48884454792928e-15,0.3642542839555052,0.2730764780536649,-4.486640750867726
4.936130869128893e-15,0.7968223866223632,0.1860225625420339,-4.12460322919758
2.804502661847769e-15,0.9141239519041626,0.1695112877983173,-11.31521334578162
2.804502661847769e-15,1.083367688231224,0.1489727004897157,-4.043460340634452
2.804502661847769e-15,1.083367688231224,0.1489727004897157,-4.043460340634452
3.17603086687411e-16,0.8279288790556718,0.1814360498675377,-3.931354184740939
1.028145822447522e-15,0.9404638413297306,0.1660792910688013,-9.916562838004685
8.48884454792928e-15,0.3642542839555052,0.2730764780536649,-4.486640750867726
1.738688558207614e-15,0.5751408166782719,0.2241116468749005,-3.990396644309243
9.682324783204268e-17,0.9404638470138309,0.1660792903382484,-4.379090469526968
4.936130869128893e-15,0.6064198312884042,0.2180695000970762,-4.380945703748561
9.682324783204268e-17,0.8758958787777722,0.1746641172823497,-4.351454856987993
2.449231293967717e-15,0.731432913335512,0.196209559763878,-4.318815244887281
8.48884454792928e-15,0.432743205654738,0.2553229799675514,-17.07735983891757
6.728744545674702e-16,0.7275080317603742,0.196846063448493,-3.575442474820413
5.840566125974614e-16,0.6218989373419106,0.2151712515987105,-4.61869260287805
4.936130869128893e-15,0.7745866206989227,0.1894009369494065,-8.772454241652204
9.682324783204268e-17,0.9143602421449035,0.1694800794991706,-4.451564629416595
2.874542646206004,0.8047300842000595,0.1848414521338974,-10.27597478208202
9.682324783204268e-17,0.9143601445021652,0.1694800923938508,-4.641697772711726
4.936130869128893e-15,0.420791161891211,0.2582712668510893,-4.051965155761023
2.804502661847769e-15,0.7940932099458688,0.1864326457265192,-4.290039282632035
2.804502661847769e-15,0.7940932099458688,0.1864326457265192,-4.290039282632035
5.840566125974614e-16,0.8049506827681547,0.184808653253989,-3.849943503596829
1.028145822447522e-15,0.6289099867796235,0.2138777100060946,-4.73359236231725
2.804502661847769e-15,0.6770754480998882,0.2052978028943822,-3.308592385694155
1.028145822447522e-15,0.8730427660739561,0.1750571587504159,-4.144978152380663
1.028145822447522e-15,0.6964620222902624,0.2019875329172611,-12.70836181129328
4.936130869128893e-15,0.420791161891211,0.2582712668510893,-4.051965155761023
2.804502661847769e-15,0.7940932099458688,0.1864326457265192,-4.290039282632035
4.936130869128893e-15,0.7940932099471034,0.1864326457263334,-10.8007843116987
9.682324783204268e-17,0.6468576601804585,0.2106191967459631,-4.056547486892859
4.936130869128893e-15,0.7073036543089515,0.2001701945967426,-10.63269049123096
4.936130869128893e-15,0.420791161891211,0.2582712668510893,-4.051965155761023
9.682324783204268e-17,0.6468576601804585,0.2106191967459631,-4.056547486892859
1.028145822447522e-15,0.7073199146212055,0.200167486820946,-3.6487207627843
2.19759721302538,0.4833692849865585,0.2434500598525028,-10.78553276178952
4.936130869128893e-15,0.6770149511998049,0.2053082569754397,-9.125546510527016
4.936130869128893e-15,0.3424840782608527,0.2791994312028108,-9.797300055938349
6.728744545674702e-16,0.707319493554321,0.2001675569391456,-3.571513883088906
1.028145822447522e-15,0.8513898415220957,0.1780797277710662,-10.39223422319576
5.64667360488876e-15,0.3323950114270033,0.2821261051255173,-10.64201655789936
4.936130869128893e-15,0.6468261869399612,0.2106248456280764,-9.429277631853344
2.600641185153103,0.6778909126186505,0.2051569640967039,-21.83231553783116
2.804502661847769e-15,0.6770754480998882,0.2052978028943822,-3.308592385694155
1.028145822447522e-15,0.696462021307596,0.201987533083068,-4.543827825986582
1.028145822447522e-15,0.7073199146212055,0.200167486820946,-3.6487207627843
4.936130869128893e-15,0.77467821593347,0.1893868441969644,-10.16471348638542
2.804502661847769e-15,0.6770754480998882,0.2052978028943822,-3.308592385694155
4.936130869128893e-15,0.5895857076696025,0.2212896838810509,-4.376741902299844
1.028145822447522e-15,0.7111301532794734,0.1995344417902042,-4.314886653155773
4.936130869128893e-15,0.420791161891211,0.2582712668510893,-4.051965155761023
5.840566125974614e-16,0.6468574974840946,0.21061922594646,-3.979340478034386
2.449231293967717e-15,0.7747056395089622,0.189382625120293,-3.587022006202078
2.093959926088373e-15,0.6770454572738487,0.2053029853186578,-17.72428709146567
2.449231293967717e-15,0.7747056395089622,0.189382625120293,-3.587022006202078
4.936130869128893e-15,0.5895857076696025,0.2212896838810509,-4.376741902299844
3.741313592009083,1.169755689866314,0.1397257227014095,-11.98591409787078
2.449231293967717e-15,0.7747056395089622,0.189382625120293,-3.587022006202078
2.093959926088373e-15,0.7227304639319385,0.197624862740789,-4.00377127869221
2.449231293967717e-15,0.7747056395089622,0.189382625120293,-3.587022006202078
1.028145822447522e-15,0.9141117408997133,0.169512900790258,-10.28239046032096
2.287852447174094e-16,0.8252518503117701,0.1818245546518052,-3.813623019274839
5.840566125974614e-16,0.6468574974840946,0.21061922594646,-3.979340478034386
4.936130869128893e-15,0.420794519601067,0.2582704302564834,-4.584181903267352
1.028145822447522e-15,0.804951103835049,0.1848085906569762,-3.927150383292223
2.287852447174094e-16,0.628909987261796,0.2138777099175376,-4.810799452282823
4.936130869128893e-15,0.7747085205332098,0.1893821818866514,-4.119238753708408
2.804502661847769e-15,0.6770754480998882,0.2052978028943822,-3.308592385694155
2.804502661847769e-15,0.5591790195440298,0.2272956086670495,-3.908985963165133
4.936130869128893e-15,0.72273046545196,0.1976248624923027,-10.22150931949131
4.936130869128893e-15,0.7747085205332098,0.1893821818866514,-4.119238753708408
1.028145822447522e-15,0.804951103835049,0.1848085906569762,-3.927150383292223
1.028145822447522e-15,0.6964620222941473,0.2019875329166056,-4.276487592484792
2.804502661847769e-15,0.6770451941986337,0.2053030307789902,-9.818600080134225
2.337630427064972,0.551760457443109,0.2287996315703891,-9.328176065678369
5.840566125974614e-16,0.8049506827681547,0.184808653253989,-3.849943503596829
2.287852447174094e-16,0.628909987261796,0.2138777099175376,-4.810799452282823
8.48884454792928e-15,0.3541415314442933,0.2758890103115967,-4.486640750867726
4.0479524494288e-15,0.565719370987118,0.225982478037235,-4.881299906062809
1.028145822447522e-15,0.5591790195446977,0.2272956086669147,-3.986192842860527
6.728744545674702e-16,0.707319493554321,0.2001675569391456,-3.571513883088906
9.682324783204268e-17,0.7940932104519796,0.1864326456503543,-4.822257446494504
4.936130869128893e-15,0.7747085205332098,0.1893821818866514,-4.119238753708408
3.196052670166188,0.9471597278105541,0.1652216597241339,-10.48711852442561
1.028145822447522e-15,0.6289099867796235,0.2138777100060946,-4.73359236231725
4.936130869128893e-15,0.7227304654519564,0.1976248624923033,-4.268649209052892
1.340273035413137e-15,0.7940932112831831,0.186432645525266,-4.632124303199373
2.449231293967717e-15,0.3424837886359775,0.2791995143842417,-5.144145674367794
4.936130869128893e-15,0.7747085205332098,0.1893821818866514,-4.119238753708408
4.936130869128893e-15,0.7072384600081136,0.2001810517208106,-9.021475892807814
4.936130869128893e-15,0.420791161891211,0.2582712668510893,-4.051965155761023
2.804502661847769e-15,0.7110966805881525,0.1995399904097813,-10.66504160372958
5.64667360488876e-15,0.6964620207068748,0.2019875331844287,-4.011609662124113
5.840566125974614e-16,0.6468574974840946,0.21061922594646,-3.979340478034386
5.840566125974614e-16,0.8049506827681547,0.184808653253989,-3.849943503596829
1.028145822447522e-15,0.3424837668858043,0.279199520630981,-4.611927508883342
1.028145822447522e-15,0.6964620222941473,0.2019875329166056,-4.276487592484792
1.028145822447522e-15,0.804951103835049,0.1848085906569762,-3.927150383292223
4.936130869128893e-15,0.5420275991508792,0.2307968181758089,-4.349081742200339
2.449231293967717e-15,0.7747056395089622,0.189382625120293,-3.587022006202078
2.804502661847769e-15,1.053298238187439,0.1523743470408687,-4.043460340634452
1.028145822447522e-15,0.7073199146212055,0.200167486820946,-3.6487207627843
2.804502661847769e-15,0.6770754480998882,0.2052978028943822,-3.308592385694155
2.449231293967717e-15,0.3424837886359775,0.2791995143842417,-5.144145674367794
2.804502661847769e-15,0.5895852865570053,0.2212897653473604,-4.29953502260445
2.449231293967717e-15,0.7747056395089622,0.189382625120293,-3.587022006202078
2.287852447174094e-16,0.8252518503117701,0.1818245546518052,-3.813623019274839
5.64667360488876e-15,0.6964620207068748,0.2019875331844287,-4.011609662124113
9.682324783204268e-17,0.6770783291224429,0.2052973050629023,-3.840809133200483
9.682324783204268e-17,0.6770783291224429,0.2052973050629023,-3.840809133200483
4.936130869128893e-15,0.420791161891211,0.2582712668510893,-4.051965155761023
1.985752832009056e-14,0.3424838790922635,0.2791994884048269,-16.54295370496551
1.028145822447522e-15,0.8515857231678101,0.1780520655923717,-4.345839766781183
2.449231293967717e-15,0.7747056395089622,0.189382625120293,-3.587022006202078
6.728744545674702e-16,0.707319493554321,0.2001675569391456,-3.571513883088906
4.936130869128893e-15,0.7940932112831849,0.1864326455252658,-4.554917212992717
4.936130869128893e-15,0.7747085205332098,0.1893821818866514,-4.119238753708408
5.840566125974614e-16,0.8049506827681547,0.184808653253989,-3.849943503596829
2.804502661847769e-15,1.053298238187439,0.1523743470408687,-4.043460340634452
9.682324783204268e-17,0.9143602421449035,0.1694800794991706,-4.451564629416595
4.0479524494288e-15,0.7072380636369218,0.2001811177330463,-9.012145834298021
1.028145822447522e-15,0.9143602421176844,0.1694800795027651,-4.374357539209938
2.804502661847769e-15,0.7466599856076837,0.1937678819139895,-4.405243352761497
4.936130869128893e-15,0.5895857076696025,0.2212896838810509,-4.376741902299844
2.804502661847769e-15,0.6770754480998882,0.2052978028943822,-3.308592385694155
1.177629422548942e-16,0.8615867078019592,0.176647521701285,-3.607097941629802
1.028145822447522e-15,0.5591790195446977,0.2272956086669147,-3.986192842860527
4.936130869128893e-15,0.7111305747841481,0.1995343719206684,-4.392093532851169
2.804502661847769e-15,0.6770754480998882,0.2052978028943822,-3.308592385694155
2.804502661847769e-15,0.7466599856076837,0.1937678819139895,-4.405243352761497
1.028145822447522e-15,0.804951103835049,0.1848085906569762,-3.927150383292223
6.728744545674702e-16,0.707319493554321,0.2001675569391456,-3.571513883088906
2.530322585391862,0.6452611525354399,0.2109060270004094,-11.02546644955915
2.804502661847769e-15,0.7466601485344011,0.1937678560213847,-4.48245023245689
1.177629422548942e-16,0.8615867078019592,0.176647521701285,-3.607097941629802
9.682324783204268e-17,0.9143601445021652,0.1694800923938508,-4.641697772711726
4.936130869128893e-15,0.5420275991508792,0.2307968181758089,-4.349081742200339
9.682324783204268e-17,0.6468576601804585,0.2106191967459631,-4.056547486892859
2.287852447174094e-16,0.8252518503117701,0.1818245546518052,-3.813623019274839
2.804502661847769e-15,0.7072544146460729,0.200178394638384,-9.236262793514463
2.804502661847769e-15,0.8880281035892299,0.1730061165587352,-4.109479608849258
2.449231293967717e-15,0.6964620222941456,0.2019875329166059,-9.941203967047278
2.804502661847769e-15,0.5591790195440298,0.2272956086670495,-3.908985963165133
1.028145822447522e-15,0.804951103835049,0.1848085906569762,-3.927150383292223
1.028145822447522e-15,0.7111301532794734,0.1995344417902042,-4.314886653155773
5.840566125974614e-16,0.8049506827681547,0.184808653253989,-3.849943503596829
2.093959926088373e-15,0.7227304639366885,0.1976248627400126,-10.10850519788938
1.028145822447522e-15,0.5591790195446977,0.2272956086669147,-3.986192842860527
2.287852447174094e-16,0.8252518503117701,0.1818245546518052,-3.813623019274839
2.49906042807863,0.6297102724205885,0.2137308039128921,-16.28603461442988
2.449231293967717e-15,0.7747056395089622,0.189382625120293,-3.587022006202078
2.804502661847769e-15,0.7940932099458688,0.1864326457265192,-4.290039282632035
2.804502661847769e-15,0.3559702842350507,0.2753763995139248,-4.664225610969569
1.028145822447522e-15,0.7073199146212055,0.200167486820946,-3.6487207627843
1.028145822447522e-15,0.7073199146212055,0.200167486820946,-3.6487207627843
8.48884454792928e-15,0.7746280827325194,0.1893945574586442,-16.99327234275649
4.936130869128893e-15,0.5895857076696025,0.2212896838810509,-4.376741902299844
4.936130869128893e-15,0.420794519601067,0.2582704302564834,-4.584181903267352
9.682324783204268e-17,0.6468576601804585,0.2106191967459631,-4.056547486892859
4.936130869128893e-15,0.6770603271681352,0.2053004157721371,-10.51218462587743
1.028145822447522e-15,0.9143602421176844,0.1694800795027651,-4.374357539209938
4.936130869128893e-15,0.7227304654519564,0.1976248624923033,-4.268649209052892
4.936130869128893e-15,0.7747085205332098,0.1893821818866514,-4.119238753708408
2.449231293967717e-15,0.3424837886359775,0.2791995143842417,-5.144145674367794
9.682324783204268e-17,0.6770783291224429,0.2052973050629023,-3.840809133200483
4.936130869128893e-15,0.5420275991508792,0.2307968181758089,-4.349081742200339
2.804502661847769e-15,0.8881108407275384,0.1729948830543384,-11.31285181480905
1.028145822447522e-15,0.5591790195446977,0.2272956086669147,-3.986192842860527
2.804502661847769e-15,0.6770754480998882,0.2052978028943822,-3.308592385694155
5.840566125974614e-16,0.8049506827681547,0.184808653253989,-3.849943503596829
8.48884454792928e-15,0.3541415314442933,0.2758890103115967,-4.486640750867726
9.682324783204268e-17,0.6468576601804585,0.2106191967459631,-4.056547486892859
1.028145822447522e-15,0.3424837668858043,0.279199520630981,-4.611927508883342
8.48884454792928e-15,0.3541415314442933,0.2758890103115967,-4.486640750867726
5.840566125974614e-16,0.6468574974840946,0.21061922594646,-3.979340478034386
4.0479524494288e-15,0.6046347407784296,0.2184075532982525,-4.691166762767677
2.804502661847769e-15,0.5895852865570053,0.2212897653473604,-4.29953502260445
1.340273035413137e-15,0.7940932112831831,0.186432645525266,-4.632124303199373
1.177629422548942e-16,0.8615867078019592,0.176647521701285,-3.607097941629802
4.936130869128893e-15,0.5420275991508792,0.2307968181758089,-4.349081742200339
2.804502661847769e-15,0.7466599856076837,0.1937678819139895,-4.405243352761497
2.804502661847769e-15,0.5895852865570053,0.2212897653473604,-4.29953502260445
5.665101093284941,1.815752446832526,0.08890985384627326,-13.2743149747755
1.028145822447522e-15,0.6289099867796235,0.2138777100060946,-4.73359236231725
2.449231293967717e-15,0.7466537069261676,0.193768879737022,-11.45743188266999
5.840566125974614e-16,0.6468574974840946,0.21061922594646,-3.979340478034386
2.786614974650582,0.764850993396923,0.1909073336642925,-13.75238216894139
4.936130869128893e-15,0.3551057616031912,0.2756185076657279,-10.3032571478157
2.449231293967717e-15,0.3424837886359775,0.2791995143842417,-5.144145674367794
9.682324783204268e-17,0.9143601445021652,0.1694800923938508,-4.641697772711726
4.936130869128893e-15,0.5895857076696025,0.2212896838810509,-4.376741902299844
9.682324783204268e-17,0.6468576601804585,0.2106191967459631,-4.056547486892859
2.804502661847769e-15,1.053298238187439,0.1523743470408687,-4.043460340634452
8.48884454792928e-15,0.3541415314442933,0.2758890103115967,-4.486640750867726
1.340273035413137e-15,0.7940932112831831,0.186432645525266,-4.632124303199373
2.804502661847769e-15,0.7466601485344011,0.1937678560213847,-4.48245023245689
4.936130869128893e-15,0.420791161891211,0.2582712668510893,-4.051965155761023
2.804502661847769e-15,0.6770754480998882,0.2052978028943822,-3.308592385694155
9.682324783204268e-17,0.9143602421449035,0.1694800794991706,-4.451564629416595
1.028145822447522e-15,0.7073199146212055,0.200167486820946,-3.6487207627843
5.840566125974614e-16,0.6468574974840946,0.21061922594646,-3.979340478034386
1.028145822447522e-15,0.8515857231678101,0.1780520655923717,-4.345839766781183
2.804502661847769e-15,0.7466601485344011,0.1937678560213847,-4.48245023245689
1.028145822447522e-15,0.7073199146212055,0.200167486820946,-3.6487207627843
5.840566125974614e-16,0.6468574974840946,0.21061922594646,-3.979340478034386
2.804502661847769e-15,0.7466601485344011,0.1937678560213847,-4.48245023245689
3.107100614970749,0.9075596172587552,0.1703813771581251,-9.415060555935733