dN/dS,LRT,p-value,Log(L)
1.738688558207614e-15,1.791443537964076,0.09037519058831361,-4.139571541239678
1.107442391759267e-15,1.155177502785529,0.1412339669717549,-4.054326964296087
9.393279804784869e-16,1.136020698294654,0.1432473735116499,-11.86944940031277
2.33104963910438e-17,1.139087132170872,0.1429226518943989,-4.213448276506291
2.744589317728e-16,1.139084595319016,0.1429229201492552,-4.146593317300701
7.172833755534654e-16,1.283164358548015,0.1286557522434957,-4.601091798376151
4.936130869128893e-15,0.7336222257442113,0.1958557989837869,-4.864815953787414
4.730343101349462e-16,1.43254871511315,0.1156744684490952,-4.195210341827157
4.110695711119735,2.585047668393656,0.05393858034582688,-23.39668212202456
5.53574965657089,5.250869443965193,0.01096790390974173,-25.0248055755399
1.028145822447522e-15,0.6851900381801492,0.2039026308043687,-13.1642299224115
1.611826134012537,0.1937854172919806,0.3298922731193545,-11.96192887041329
9.682324783204268e-17,0.6907750973543294,0.2029504332509678,-5.349708562380243
4.162828811893032e-17,1.229805866198404,0.1337223979261337,-4.463335436166905
2.731941657034225e-16,1.149386440427682,0.1418388130024376,-4.453572906186135
3.186847885037996,1.867071226786393,0.08590544643345721,-17.25148444698366
0.8786695388828838,0.01739841409154153,0.4475304888448117,-12.89691979404095
2.287852447174094e-16,3.156572145673767,0.03781090817662108,-10.54608947810889
1.300547508124381,0.1262231287967168,0.3611903136853815,-18.13886004676063
0.6194318491315723,0.2700123766518701,0.3016617350420933,-18.87395871254455
1,0,1,0
1,0,1,0
2.139409616395653,1.810330234064558,0.08923431017391259,-31.81180017906683
2.397025202652367,2.311651121209266,0.06420379336206039,-29.61856373592889
1,0,1,0
2.608833295834091,2.716525753058079,0.04965698489753995,-47.03485731701917
0.5709509312764275,0.3805158386962688,0.2686636487445638,-26.27940030439644
1.028145822447522e-15,3.103346763758431,0.03906575978188065,-23.21862934619655
2.804502661847769e-15,1.885984343611803,0.08482777203406078,-18.50085034136141
1,0,1,0
1.038263951005382e-15,3.033569035871068,0.04077921612809926,-54.98755071156166
1,0,1,0
2.287852447174094e-16,3.503687888939375,0.03061616594776584,-9.755439638418023
1,0,1,0
1,0,1,0
2.415617173513743,2.341184606480567,0.06299685465794497,-62.44495678338859
1.244459742561566,0.08868143118965577,0.3829300915497189,-58.68747658272731
1,0,1,0
9.682324783204268e-17,3.710711444226874,0.02703217106427247,-11.41962973514049
2.804502661847769e-15,3.103346763076374,0.03906575979824511,-16.04111398084606
1.06077307263134,0.006792503548389561,0.4671576997208128,-26.55517604575581
1,0,1,0
0.6338895001619174,0.2420131537792258,0.311377937575409,-11.99859313771249
9.682324783204268e-17,3.103346487507313,0.0390657664099312,-11.77482667928993
0.644306202019522,0.2237637153320762,0.3180934996687016,-21.90473805165236
5.840566125974614e-16,3.103346761652663,0.03906575983240396,-15.1440996695123
0.5959102787237132,0.3192392100920003,0.2860326054613562,-12.17690981213796
6.728744545674702e-16,3.777963859115218,0.02596590980716507,-11.02270815671797
1,0,1,0
1.29329663520637,0.1209199065126612,0.3640194552813595,-23.59617027502844
1,0,1,0
6.728744545674702e-16,3.359116295449724,0.0334169620474612,-27.4844621098846
1.028145822447522e-15,3.103347174851752,0.03906574991858403,-15.82093900278214
1,0,1,0
1,0,1,0
0.644717647490053,0.2232162086377443,0.3183000901746527,-11.77874805245866
9.555848176237971e-17,3.557899806300004,0.02963133760041814,-10.9785518068041
5.840566125974614e-16,1.887102090345184,0.08476456979531571,-12.20466567154604
0.5957974310230642,0.3197978182391097,0.285864587074964,-35.10324404024505
1.028145822447522e-15,2.280819008290663,0.0654913447458263,-17.08191858175331
1.050578173218945,0.004763911475357929,0.4724864143107281,-21.63759652003613
0.6957239006875711,0.1485553045526409,0.3499599007737688,-11.77075882621776
1,0,1,0
9.682324783204268e-17,3.103346487302446,0.0390657664148466,-12.6533688290337
0.5119835117279027,0.5650885739677705,0.2261086068730979,-12.37109984917935
3.840568507539752,8.419079726129567,0.001856518415776387,-38.2990080486426
1,0,1,0
1.028145822447522e-15,3.432012119183149,0.03197207533024071,-17.27780654113075
0.529533201273634,0.5031412966732098,0.2390615530365458,-12.37841570965975
1,0,1,0
3.17603086687411e-16,3.230667941247351,0.03613560300567853,-11.35524919812394
1.14788333089439,0.03612609451268867,0.4246276650810885,-22.73590636939092
5.840566125974614e-16,2.278747963691721,0.06557885804837021,-8.044665685621574
1,0,1,0
0.6493146837048517,0.2157743670475014,0.3211393375342264,-19.19148249968643
1,0,1,0
1,0,1,0
9.682324783204268e-17,3.557660554832282,0.02963560912564361,-9.729778495869626
1,0,1,0
1,0,1,0
1,0,1,0
1,0,1,0
0.5134616006365496,0.559137202378782,0.227304042941012,-11.36749961937515
1,0,1,0
1,0,1,0
1,0,1,0
1.028145822447522e-15,2.002142558944918,0.07853851878966756,-11.43390762189209
1.028145822447522e-15,3.715142279012618,0.0269605145362159,-10.58399358923822
2.804502661847769e-15,3.777794084018751,0.02596854476724864,-16.73495281696206
9.682324783204268e-17,3.230667941247347,0.03613560300567864,-17.54917806512919
1.728835612267698,0.5007257999501462,0.2395906927666176,-24.24188210798574
1,0,1,0
0.5294960672029452,0.5032629375161264,0.2390349568536388,-14.12994044212108
1.544720300808267,0.4902785942847459,0.2419015281425055,-45.69885274287029
0.6380988915464376,0.2349830269015882,0.313926677192661,-14.370145527887
9.682324783204268e-17,2.280824332062792,0.06549111995440671,-11.17874635424423
9.682324783204268e-17,3.374181071301265,0.03311274238495487,-13.19137589481292
0.6347369897301198,0.2404660034503578,0.3119348725008829,-17.06675408006112
0.6309595359027448,0.2475911062681639,0.3093881921499846,-15.13716950888005
1,0,1,0
1,0,1,0
1,0,1,0
1,0,1,0
2.804502661847769e-15,3.359116573204481,0.03341695641100439,-19.67408852095941
3.17603086687411e-16,3.557736527427469,0.02963425266237862,-10.1520997936401
1,0,1,0
0.5113319134320844,0.5674337695961995,0.225640236895774,-18.06335198082891
0.633605526854096,0.2425288144770512,0.3111928040815616,-12.39240239110291
1,0,1,0
0.7297653404859853,0.1099864550108975,0.3700797785636065,-11.5923949820864
1,0,1,0
3.17603086687411e-16,3.376692586993471,0.03306231293487405,-10.73328449914906
1,0,1,0
1,0,1,0
1,0,1,0
1,0,1,0
1,0,1,0
6.728744545674702e-16,3.359116203553143,0.03341696391231197,-12.96670450446444
5.840566125974614e-16,3.230662041085942,0.03613573319279589,-9.973900178517853
0.5295468681642099,0.5030933038903527,0.2390720477562592,-12.14255948585593
1,0,1,0
1.724841345126835,0.7455350423611833,0.1939467776221909,-21.91831854411141
5.840566125974614e-16,2.876090225526333,0.04495203528706476,-11.73078901726615
1,0,1,0
1,0,1,0
1,0,1,0
1.056558418334129,0.00296182243350529,0.478299225535208,-14.41123800390409
1.196019507037749,0.06011240932018325,0.4031591805877628,-16.94070589881693
1,0,1,0
1.028145822447522e-15,2.432804924267071,0.05941005933258514,-11.28947836130934
5.840566125974614e-16,2.859973567819104,0.04540449537296526,-9.818503389188626
1,0,1,0
0.6469011681992332,0.2194453966657477,0.3197314117895742,-29.69986472398848
2.804502661847769e-15,1.885897716565964,0.08483267255928245,-18.08966898004659
3.17603086687411e-16,3.55794450765119,0.02963053958823819,-11.68171058869286
1,0,1,0
0.594701375299758,0.3219794626975911,0.2852102408911958,-12.88196262639657
2.287852447174094e-16,3.376714634311391,0.03306187060375809,-11.24699957144865
1,0,1,0
1.025504160629293,0.001251094626589122,0.4858920277907251,-30.16997011764595
1,0,1,0
1.698069399966962,0.7053698944384479,0.2004925966429774,-32.17730756965337
0.9850475377904947,0.0002279163109228932,0.4939774381013865,-12.4558785182995
1.947694002057295,1.073182793756715,0.1501138166193422,-25.1717725463068
1,0,1,0
1,0,1,0
1.288250676842386,0.1175679689193529,0.3658436700857857,-17.49676160191332
2.804502661847769e-15,2.280652411372827,0.06549837958356752,-23.44319492297026
1,0,1,0
1.028145822447522e-15,3.712332713180629,0.02700592813233782,-18.22367391153088
1,0,1,0
1,0,1,0
1,0,1,0
1.729302246076894,0.7514904317235676,0.1930023806062534,-34.87083916326758
5.840566125974614e-16,3.432041795327802,0.03197150087391032,-10.72390478740261
1.91950820435438,1.029851084484314,0.1550968231306403,-25.79867445504689
6.728744545674702e-16,3.749523612358693,0.02641128212308769,-17.46630326335817
2.305898373381227,2.136196055693077,0.07192910913079953,-34.84268381783106
1.028145822447522e-15,2.876079124145832,0.04495234525899855,-21.34167125966818
4.169883721216174,9.263021707822404,0.001169134562150898,-42.68794771558073
3.914967933412356,7.361712176920307,0.003331365817376086,-45.94643960605347
5.840566125974614e-16,3.913127561474369,0.02395517906867028,-10.48775369802308
1,0,1,0
9.682324783204268e-17,3.138337267320377,0.03823586519487987,-11.20808969815677
0.5120840219511696,0.5646325328547377,0.2261998616370208,-17.76988260947644
5.840566125974614e-16,3.555149731884772,0.02968047612559394,-10.31433364235666
1,0,1,0
1,0,1,0
1,0,1,0
0.9988693509877271,1.276014486961685e-06,0.4995493516596676,-11.99415248001238
1.357761831187442,0.1688032718012664,0.3405887875784047,-16.2019733994365
1.160435460347716,0.04197821308063254,0.418830653913631,-28.37951021619597
1.099055735981848,0.008614229956453556,0.4630261107914665,-13.02897317911162
1,0,1,0
2.128451573609266,1.342267354261644,0.123317255639188,-28.18601723176781
3.17603086687411e-16,3.156558962150708,0.03781121357353623,-10.3941071257456
5.840566125974614e-16,2.741678015227279,0.04888103011467865,-13.45043944955161
1.028145822447522e-15,3.230658142996891,0.03613581920444364,-11.18399264186516
1,0,1,0
1.038263951005382e-15,0.6136665940176584,0.2167053016728409,-33.65362047827812
5.840566125974614e-16,3.376692653995619,0.03306231159061318,-10.73367624138652
1.028145822447522e-15,3.359116200882148,0.03341696396651422,-10.99791014000282
1,0,1,0
1,0,1,0
1,0,1,0
1,0,1,0
1,0,1,0
1,0,1,0
1.915697821214275,1.024138502196067,0.1557696761218605,-22.93122071388144
0.6385546698829416,0.2341759145683362,0.3142222952486131,-13.20758841242762
1,0,1,0
0.6340763304282834,0.2416739902579472,0.3114998383031765,-13.61663572110587
2.804502661847769e-15,2.002141026155783,0.07853859819606634,-18.74544965369627
5.840566125974614e-16,2.74167851555525,0.04888101481160273,-4.466220739939391
1,0,1,0
1,0,1,0
1,0,1,0
1,0,1,0
1.149931148385849,0.03709924291985089,0.4236315650807098,-28.27464604252987
1,0,1,0
1,0,1,0
0.5135416664779398,0.559333070022376,0.2272645418419615,-22.09025575380608
1.028145822447522e-15,3.10334663947954,0.03906576276368479,-36.73065016541346
2.701391289515968,3.608617035383091,0.02874045045260282,-45.22907284143724
2.190951377043783,1.907346135334627,0.08362917625726374,-31.73179867006474
0.5294330481816824,0.5034776993930059,0.2389880120002796,-12.06064254359304
1,0,1,0
1,0,1,0
2.089177586481059,1.711533430324963,0.0953932683217672,-30.24080966517393
4.936130869128893e-15,1.885895618954585,0.08483279122599069,-17.89620885568126
0.7313463408447268,0.1083965548272481,0.3709885359798642,-13.57204868276236
9.682324783204268e-17,3.50461824738144,0.03059897413490686,-9.612763359140734
6.728744545674702e-16,2.280812508651096,0.06549161918834256,-11.03017038856433
0.5730738971024202,0.3749831692728236,0.270150232426187,-11.16663317510226
1.655757563971732,0.4303684944656254,0.2559040945277671,-20.85783703388368
2.287852447174094e-16,3.717793904865186,0.02691772807443371,-14.80457398227192
1.702115618303327,0.7113392476207423,0.1994997862055339,-23.6758919559551
0.6413114131132174,0.2292837369021505,0.31602771804926,-9.256671865179099
9.682324783204268e-17,3.103346487319225,0.03906576641444404,-10.54745676538506
0.5982351915684422,0.3143041704820355,0.2875254532640845,-12.13040468441379
1,0,1,0
9.682324783204268e-17,3.103347174852402,0.03906574991856848,-10.75115148632567
1,0,1,0
0.5629812755563806,0.4015946434342013,0.2631334318615643,-11.33959789309189
1,0,1,0
1,0,1,0
1,0,1,0
1,0,1,0
2.449231293967717e-15,3.359115950746691,0.03341696904249575,-18.59216805231561
0.6463942934952908,0.2202082736440474,0.3194406350752322,-19.94592279502125
9.682324783204268e-17,3.230662085500114,0.03613573221279492,-12.18199102129742
5.840566125974614e-16,3.376603086142488,0.03306410863820841,-10.00920078733521
0.6431879101901553,0.2256711310307935,0.3173761821755632,-32.79810097752724
1.081705532739848,0.01195449624653833,0.4564677514798197,-17.17435531484115
1,0,1,0
1.12588772550396,0.02697803137833432,0.4347672079135783,-15.1175288383852
1.028145822447522e-15,3.230667919600748,0.03613560348331019,-21.44648127034718
1.102158995035277,0.01824692284337459,0.4462738484236671,-33.12524848655447
0.5955542613046354,0.3203541525005171,0.2856974450093661,-12.23275464793084
1,0,1,0
1.597518401835975,0.5634422880599459,0.2264383039511441,-25.41170661059795
14.10528280405932,74.29628224133069,0,-102.8560678149803
0.6763253065171196,0.1743923618513321,0.3381186593823031,-20.61346433200891
1,0,1,0
4.391685700764625,8.359730253349611,0.001918137554166588,-48.97533066603354
1,0,1,0
3.17603086687411e-16,3.913237862079644,0.02395360705588606,-11.67665341428028
5.840566125974614e-16,3.111650856718146,0.03886706676518814,-9.837096550355701
1,0,1,0
1,0,1,0
1,0,1,0
0.5151342783282966,0.5530197679051199,0.2285432185655744,-11.91556873853414
1,0,1,0
1,0,1,0
9.682324783204268e-17,3.230662085666744,0.0361357322091182,-12.72835073787434
1,0,1,0
1,0,1,0
0.5131216366018447,0.5603869391049727,0.2270521904911468,-12.30160049070777
1,0,1,0
1,0,1,0
2.449231293967717e-15,3.111592037548441,0.03886847030769386,-16.68733986958964
0.5937402194300367,0.324167946966071,0.2845567810420254,-20.47747763351654
1.032208486325717,0.001978223764005804,0.4822620019269342,-27.38277545688685
1,0,1,0
5.840566125974614e-16,3.906421585382674,0.02405095795830775,-11.57726088205285
1,0,1,0
1,0,1,0
1,0,1,0
1,0,1,0
1.028145822447522e-15,3.230667941242235,0.03613560300579144,-10.25366602599643
1.028145822447522e-15,3.343863107193364,0.03372803122142309,-22.98540539899635
2.731941657024047e-16,3.906703453279825,0.02404692402211861,-11.44395951310773
1,0,1,0
1,0,1,0
0.6340470675694628,0.2417272420156635,0.3114806917537321,-11.846511895463
1.031810883747852,0.001928806384512427,0.4824848125509048,-19.13065968141722
1.851244557888435,0.6206276241259729,0.2154070762871471,-17.81499299266303
1.025321239380742,0.001233557033820887,0.485991217183864,-23.66710310192453
9.682324783204268e-17,3.905994927829376,0.02405706540194452,-10.62485803706889
1.272726190289482,0.1067436711918432,0.3719411597871303,-17.28804438279761
1,0,1,0
1,0,1,0
1,0,1,0
1,0,1,0
1.703773517081893,0.7126523855443736,0.1992823440012901,-26.97858165421432
1,0,1,0
1,0,1,0
1,0,1,0
1,0,1,0
1,0,1,0
1.55051303138542,0.4981885727356996,0.2401485653826708,-32.89316497232956
1,0,1,0
1,0,1,0
1.193865007526327,0.05886620074763016,0.4041485070317209,-21.29835273810319
2.804502661847769e-15,2.876090110839577,0.04495203848932811,-24.0250417185021
3.17603086687411e-16,3.557797042100301,0.02963317224196699,-10.68248817653352
1,0,1,0
1,0,1,0
1,0,1,0
1,0,1,0
1,0,1,0
2.287852447174094e-16,3.710882850186003,0.02702939529721243,-10.86547086485158
1,0,1,0
1,0,1,0
1,0,1,0
1,0,1,0
1.060126876415167,0.006656940542441703,0.4674863464971601,-14.8449223659947
0.6351188381304732,0.2397916692733588,0.3121783113551043,-13.22138353661699
1,0,1,0
1,0,1,0
1,0,1,0
1,0,1,0
1,0,1,0
0.5932206004017365,0.3253300642559438,0.2842109706941663,-19.52769460226566
1,0,1,0
9.682324783204268e-17,3.111752991900701,0.0388646297459479,-11.77531645977604
1,0,1,0
1,0,1,0
9.682324783204268e-17,3.906421597913607,0.02405095777895616,-11.57730760108746
0.5712105463653241,0.3798350705292108,0.2688457585282666,-14.88397948633271
9.682324783204268e-17,3.431977593378857,0.0319727436777692,-9.994082039207164
1,0,1,0
1,0,1,0
1,0,1,0
0.5976920098738632,0.3155097836904801,0.2871593395543756,-18.64655889824716
0.6339640543445089,0.2418873438564901,0.311423143265624,-19.35152219893678
1.028145822447522e-15,2.280688171026462,0.06549686950042383,-17.36946810810157
0.5927753513866986,0.3263302261191399,0.2839140080832575,-18.20079530873284
0.6466891771641153,0.2198774873684144,0.3195666413646868,-20.46590795127317
1.05694182753091,0.003000415899521158,0.4781584396477855,-29.2962952518608
1,0,1,0
1,0,1,0
9.682324783204268e-17,3.504617662065762,0.03059898494754743,-12.39520983179796
1,0,1,0
1.028145822447522e-15,3.903762540450408,0.02408904789012728,-19.7814827631164
1,0,1,0
1.028145822447522e-15,2.233402797115652,0.06752805963154945,-27.49862423537428
1.028145822447522e-15,3.376340988390922,0.03306936784442727,-22.32597324135824
0.5953461344692199,0.3206658069020563,0.285603896964583,-14.66328201087446
1,0,1,0
1,0,1,0
2.579913305581552,2.658597946024024,0.05149574074349633,-30.11308677300532
0.879077458560514,0.0172685049408301,0.4477256143528182,-20.04346257358335
0.645237775559955,0.222329703905352,0.3186352528218743,-14.85146360523841
1,0,1,0
4.936130869128893e-15,1.623085521351182,0.101331045961135,-13.25551224955612
9.555848176237971e-17,1.620279631241195,0.1015264007339453,-3.71891212544522
5.840566125974614e-16,1.303289871359935,0.1268065820792643,-7.597253930066249
4.936130869128893e-15,1.624826765533879,0.1012100376915432,-7.722235417150966
4.936130869128893e-15,1.45776455852609,0.113643069042928,-13.25057771086516
5.840566125974614e-16,1.294132184508419,0.1276439179889063,-4.249784717408386
2.271595610028619e-15,1.45776477374141,0.1136430518891428,-10.01864392566983
4.936130869128893e-15,1.624826760326698,0.1012100380531631,-14.1735806146926
4.936130869128893e-15,1.305724270797359,0.1265851305446359,-4.48358777317013
9.555848176237971e-17,1.620279631241195,0.1015264007339453,-3.71891212544522
2.731941657034225e-16,1.479519113877085,0.1119248883078522,-3.75339767349776
3.17603086687411e-16,1.388645148463397,0.119317017478128,-3.756609209061441
4.936130869128893e-15,1.606987536783546,0.1024578895761338,-10.98790577656893
2.804502661847769e-15,0.8361303595914453,0.1802529201761013,-4.454541473229099
2.731941657034225e-16,1.46333521502409,0.1132000989521278,-4.377963484511118
8.005405863007662e-18,1.526186474019564,0.1083428452844744,-4.227843414494591
1.738688558207614e-15,2.012893062353108,0.07798382456134134,-4.139571541239678
1.400375101260102,0.1009293041913892,0.3753586350135819,-8.303228144566846
7.172833755534654e-16,1.553942356326736,0.1062771923927233,-4.113454965856262
2.142163145282438e-15,1.606987541854986,0.102457889218818,-4.52666345871983
2.804502661847769e-15,0.8361303595914453,0.1802529201761013,-4.454541473229099
9.682324783204268e-17,1.115475808672873,0.1454473596104741,-15.7628888127005
1.038263951005382e-15,1.589686027209922,0.1036854987839764,-11.66665863672017
8.005405863007662e-18,1.277500654504992,0.1291821320273612,-4.478167906877259
9.555848176237971e-17,1.493347983615244,0.1108488635439011,-4.5043076351005
7.172833755534654e-16,1.395354274973243,0.1187514839034207,-4.385263391080242
1.340273035413137e-15,0.9060451503551405,0.1705829694702138,-7.477900125651049
4.936130869128893e-15,1.277540850745275,0.1291783868584017,-16.25157722550625
1.864074716170789,0.315732987520466,0.2870916592665613,-12.29965293106047
5.840566125974614e-16,1.346616803396907,0.1229352218772853,-4.352520643247862
4.936130869128893e-15,1.473849628883922,0.1123696449537329,-11.6080294590261
4.936130869128893e-15,1.174674435823732,0.1392214237298446,-4.027063922182983
1.038263951005382e-15,1.412095056346459,0.117354456594852,-20.89946656014445
1.340273035413137e-15,0.8635530482582041,0.1763731513999695,-4.083490913429433
4.936130869128893e-15,1.326819500016075,0.1246859105837166,-13.2806777863615
8.005405863007662e-18,1.326819500014418,0.1246859105838645,-4.315594846388811
2.731941657034225e-16,1.430005667272994,0.1158817568231715,-4.026438144650492
9.682324783204268e-17,1.165025771761815,0.1402128364551905,-15.97677819390521
4.0479524494288e-15,1.194296964768171,0.1372322590299094,-17.45007925346466
3.17603086687411e-16,1.481292137822333,0.1117862324048989,-4.202712503404155
7.172833755534654e-16,1.174675062632495,0.1392213596119975,-4.322201283523395
1.340273035413137e-15,0.8635530482582041,0.1763731513999695,-4.083490913429433
8.005405863007662e-18,1.326819500014418,0.1246859105838645,-4.315594846388811
1.827506400178574e-15,1.326819501288675,0.1246859104702022,-11.06566403349035
4.0479524494288e-15,1.17685256109354,0.1389988421391316,-17.06989719973755
2.731941657034225e-16,1.235810971467449,0.1331399559021539,-3.797660835447383
1.340273035413137e-15,0.8351409106616359,0.180395090528112,-4.077644704673205
2.33104963910438e-17,1.139087132170872,0.1429226518943989,-4.213448276506291
7.172833755534654e-16,1.233382307065485,0.1333751334732317,-6.91293624623517
4.936130869128893e-15,1.430172015434657,0.1158681837959158,-4.810797011695541
4.936130869128893e-15,1.154898135442341,0.1412630704121863,-9.180665100902367
1.028145822447522e-15,0.6907751442170991,0.2029504252886453,-11.50282564264379
1.621718632409118e-16,1.235804253611021,0.1331406057072929,-3.730807959963389
2.287852447174094e-16,1.37275078124031,0.1206699116123862,-10.630438192116
2.804502661847769e-15,0.6719703675528166,0.2061827448251285,-18.25192855944397
2.33104963910438e-17,1.139087132170872,0.1429226518943989,-4.213448276506291
1.419801374889872,0.108881007704916,0.3707108532651435,-8.280511711956125
2.731941657034225e-16,1.155112238748544,0.1412407652550083,-3.441463756997695
1.827506400178574e-15,1.136020198515798,0.1432474265122965,-7.402899733423271
2.731941657034225e-16,1.235810971467449,0.1331399559021539,-3.797660835447383
5.840566125974614e-16,1.302301162995541,0.1268966586237804,-4.34285788850192
2.731941657034225e-16,1.155112238748544,0.1412407652550083,-3.441463756997695
2.731941657034225e-16,1.149386440427682,0.1418388130024376,-4.453572906186135
4.936130869128893e-15,1.2830452114013,0.1286667983694432,-4.366988907638905
2.459735079266998,0.602222026179728,0.218865738097602,-14.86374377451933
2.744589317728e-16,1.139084595319016,0.1429229201492552,-4.146593317300701
4.936130869128893e-15,1.302150174960264,0.126910421359409,-10.38473546783572
2.731941657034225e-16,1.155112238748544,0.1412407652550083,-3.441463756997695
2.731941657034225e-16,1.302235895655373,0.1269026075926135,-3.729994681203528
2.731941657034225e-16,1.149386440427682,0.1418388130024376,-4.453572906186135
2.804502661847769e-15,0.9066313699784097,0.170504899066817,-11.68088692551178
2.731941657034225e-16,1.302235895655373,0.1269026075926135,-3.729994681203528
4.936130869128893e-15,1.229805301233471,0.1337224528719264,-4.169600242418502
4.936130869128893e-15,1.302064746835722,0.1269182090463726,-9.697349905728972
1.42596550659466,0.1111525903965074,0.3694178622469251,-24.31645173952815
9.555848176237971e-17,1.301152231042474,0.1270014313240563,-3.864364270424041
2.744589317728e-16,1.139084595319016,0.1429229201492552,-4.146593317300701
4.936130869128893e-15,0.8351910392394046,0.1803878840168477,-11.53748584147929
6.417811044515268e-16,1.382954715941739,0.1197992461569863,-4.086191759653216
3.17603086687411e-16,1.129909422198327,0.1438973300870108,-4.877842447175135
1.554766021540606,0.1671472711796547,0.341329831590187,-13.19334448703512
1.758215612646541,0.2625778358772166,0.3041773263455044,-17.73592286332073
3.17603086687411e-16,1.003532764112174,0.1582285948567816,-4.017474208137589
1.038263951005382e-15,1.229805865969942,0.1337223979483528,-7.644255597548923
5.840566125974614e-16,1.302301162995541,0.1268966586237804,-4.34285788850192
6.417811044515268e-16,1.382954715941739,0.1197992461569863,-4.086191759653216
7.172833755534654e-16,1.136020698348087,0.1432473735059834,-4.312560874170319
2.731941657034225e-16,1.155112238748544,0.1412407652550083,-3.441463756997695
9.555848176237971e-17,1.426092644993433,0.1162015904672375,-3.709353770085785
2.731941657034225e-16,1.382947998052886,0.1197998168536851,-4.019338884169222
3.17603086687411e-16,1.129909422198327,0.1438973300870108,-4.877842447175135
2.093959926088373e-15,0.7442223060303537,0.1941558354947333,-4.454541473229099
2.449231293967717e-15,0.896066578373885,0.1719193001086107,-7.689565981597471
3.17603086687411e-16,1.003532765286916,0.1582285947151558,-4.084327083621583
8.005405863007662e-18,1.233383321902977,0.133375035094334,-6.922443295188221
4.936130869128893e-15,1.283164040849094,0.1286557816957896,-11.76706641595481
5.840566125974614e-16,1.302301162995541,0.1268966586237804,-4.34285788850192
3.17603086687411e-16,1.129909339992347,0.1438973388551004,-4.810986260642607
3.17603086687411e-16,1.129909339992347,0.1438973388551004,-4.810986260642607
1.648563972072974,0.2108663199519043,0.3230446185744136,-11.78913850282656
7.451792833592164e-16,1.283164358548522,0.1286557522434488,-4.66794802600736
1.028145822447522e-15,0.6907751091026277,0.2029504312548471,-12.19556774830242
5.840566125974614e-16,1.302301162995541,0.1268966586237804,-4.34285788850192
2.731941657034225e-16,1.235810971467449,0.1331399559021539,-3.797660835447383
1.340273035413137e-15,0.8351409106616359,0.180395090528112,-4.077644704673205
1.572428271286827,0.1755827134281525,0.3375985982365896,-13.57760268433494
8.005405863007662e-18,1.136020074548222,0.1432474396588383,-4.01882568042191
2.744589317728e-16,1.139084595319016,0.1429229201492552,-4.146593317300701
2.731941657034225e-16,1.382947998052886,0.1197998168536851,-4.019338884169222
9.682324783204268e-17,0.6907721761554626,0.2029509295846257,-4.736815111581674
7.172833755534654e-16,1.136020698348087,0.1432473735059834,-4.312560874170319
6.417811044515268e-16,1.382954715941739,0.1197992461569863,-4.086191759653216
2.804502661847769e-15,0.8900689557497614,0.1727293111454282,-10.26670948566758
1.340273035413137e-15,1.302193115549223,0.1269065070876927,-11.07897289451008
1.738688558207614e-15,1.791443537964076,0.09037519058831361,-4.139571541239678
2.731941657034225e-16,1.235810971467449,0.1331399559021539,-3.797660835447383
2.731941657034225e-16,1.155112238748544,0.1412407652550083,-3.441463756997695
9.682324783204268e-17,0.6907750973543294,0.2029504332509678,-5.349708562380243
5.840566125974614e-16,1.149379709836303,0.1418395178829963,-4.386720030702143
2.731941657034225e-16,1.302235895655373,0.1269026075926135,-3.729994681203528
9.682324783204268e-17,1.301334845064311,0.1269847713832074,-10.51860351255685
4.936130869128893e-15,1.136020074564016,0.1432474396571635,-12.23535268477846
1.107442391759267e-15,1.155177502785529,0.1412339669717549,-4.054326964296087
3.565991550872269,2.169306451745612,0.07039485852672855,-17.16508857282485
1.340273035413137e-15,0.8351409106616359,0.180395090528112,-4.077644704673205
1.028145822447522e-15,0.6907751442018473,0.2029504252912367,-11.50298862562399
1.028145822447522e-15,1.372750806828741,0.120669909419385,-10.6305104788143
2.731941657034225e-16,1.302235895655373,0.1269026075926135,-3.729994681203528
1.621718632409118e-16,1.235804253611021,0.1331406057072929,-3.730807959963389
7.172833755534654e-16,1.283164358548015,0.1286557522434957,-4.601091798376151
5.840566125974614e-16,1.302301162995541,0.1268966586237804,-4.34285788850192
2.731941657034225e-16,1.382947998052886,0.1197998168536851,-4.019338884169222
1.738688558207614e-15,1.791443537964076,0.09037519058831361,-4.139571541239678
4.936130869128893e-15,1.43018426457507,0.1158671844142492,-4.558495347613341
1.621718632409118e-16,1.235804253611021,0.1331406057072929,-3.730807959963389
1.038263951005382e-15,1.430184256106831,0.1158671851051515,-4.491639119982128
3.17603086687411e-16,1.256680070347038,0.1311402223966582,-4.415023714517363
2.731941657034225e-16,1.149386440427682,0.1418388130024376,-4.453572906186135
2.731941657034225e-16,1.155112238748544,0.1412407652550083,-3.441463756997695
9.555848176237971e-17,1.426092644993433,0.1162015904672375,-3.709353770085785
3.17603086687411e-16,1.003532765286916,0.1582285947151558,-4.084327083621583
2.731941657034225e-16,1.283051997681325,0.1286661691823178,-4.433841783122892
2.731941657034225e-16,1.155112238748544,0.1412407652550083,-3.441463756997695
3.17603086687411e-16,1.256680070347038,0.1311402223966582,-4.415023714517363
6.417811044515268e-16,1.382954715941739,0.1197992461569863,-4.086191759653216
1.621718632409118e-16,1.235804253611021,0.1331406057072929,-3.730807959963389
7.451792833592164e-16,1.283164358548522,0.1286557522434488,-4.66794802600736
5.840566125974614e-16,1.256682636089833,0.1311399788424071,-4.481876590001358
9.555848176237971e-17,1.426092644993433,0.1162015904672375,-3.709353770085785
4.936130869128893e-15,1.430172015434657,0.1158681837959158,-4.810797011695541
2.449231293967717e-15,0.8895781084738417,0.1727958310771158,-4.305491928596111
2.33104963910438e-17,1.139087132170872,0.1429226518943989,-4.213448276506291
9.555848176237971e-17,1.301152231042474,0.1270014313240563,-3.864364270424041
1.621718632409118e-16,1.235804253611021,0.1331406057072929,-3.730807959963389
4.936130869128893e-15,1.35825842743437,0.1219197697636702,-4.197903926233724
7.172833755534654e-16,1.136020698348087,0.1432473735059834,-4.312560874170319
3.17603086687411e-16,1.003532764112174,0.1582285948567816,-4.017474208137589
4.936130869128893e-15,1.382680411059937,0.1198225515347083,-9.389792000071372
4.936130869128893e-15,1.2830452114013,0.1286667983694432,-4.366988907638905
1.459418264719919,0.1251615683745264,0.3617512036576029,-10.77256392415581
1.038263951005382e-15,1.229805305100193,0.1337224524958672,-17.8260366336015
1.028145822447522e-15,1.00353276486786,0.1582285947656768,-9.571901975256692
9.555848176237971e-17,1.301152231042474,0.1270014313240563,-3.864364270424041
2.731941657034225e-16,1.380526037748504,0.1200057821827263,-7.201467170441003
2.731941657034225e-16,1.302235895655373,0.1269026075926135,-3.729994681203528
8.005405863007662e-18,1.283163827122049,0.1286558015093706,-4.307356604627743
6.728744545674702e-16,0.6720377477191466,0.2061710282043335,-7.637152108188348
2.731941657034225e-16,1.235810971467449,0.1331399559021539,-3.797660835447383
4.936130869128893e-15,1.23576543913472,0.1331443602331406,-10.89741550949253
5.840566125974614e-16,1.234334485877595,0.133282868471264,-5.206365983633035
1.759975749289623,0.2647628254632437,0.3034333748139257,-19.90778814582309
2.411522697779925,0.5839569619813822,0.2223827422583246,-13.7270098531913
2.33104963910438e-17,1.139087132170872,0.1429226518943989,-4.213448276506291
2.731941657034225e-16,1.155112238748544,0.1412407652550083,-3.441463756997695
1.410956164445581,0.1049811393930824,0.3729660148832641,-11.97098050703213
4.162828811893032e-17,1.229805866198404,0.1337223979261337,-4.463335436166905
5.840566125974614e-16,1.302301162995541,0.1268966586237804,-4.34285788850192
9.682324783204268e-17,0.6907750973543294,0.2029504332509678,-5.349708562380243
1.754544121040508,0.2608133034870193,0.3047809771552501,-16.05211809516984
2.449231293967717e-15,0.8895781084738417,0.1727958310771158,-4.305491928596111
4.936130869128893e-15,1.358526697666051,0.1218964905283114,-10.85255985269696
3.17603086687411e-16,1.003532765286916,0.1582285947151558,-4.084327083621583
2.731941657034225e-16,1.155112238748544,0.1412407652550083,-3.441463756997695
1.460391290997999,0.125578542444952,0.3615305716015221,-9.854096542425431
2.093959926088373e-15,0.7442223060303537,0.1941558354947333,-4.454541473229099
2.33104963910438e-17,1.139087132170872,0.1429226518943989,-4.213448276506291
6.728744545674702e-16,0.6902082354025012,0.2030467806093448,-10.0465582928052
2.093959926088373e-15,0.7442223060303537,0.1941558354947333,-4.454541473229099
2.744589317728e-16,1.139084595319016,0.1429229201492552,-4.146593317300701
2.804502661847769e-15,1.053236828859186,0.1523813960963585,-4.666083349975726
5.840566125974614e-16,1.149379709836303,0.1418395178829963,-4.386720030702143
7.451792833592164e-16,1.283164358548522,0.1286557522434488,-4.66794802600736
2.881857573247944,1.596079189414354,0.1032298665086802,-16.62050283036602
2.449231293967717e-15,0.8895781084738417,0.1727958310771158,-4.305491928596111
3.17603086687411e-16,1.256680070347038,0.1311402223966582,-4.415023714517363
5.840566125974614e-16,1.149379709836303,0.1418395178829963,-4.386720030702143
4.936130869128893e-15,0.7336222257442113,0.1958557989837869,-4.864815953787414
3.17603086687411e-16,1.129909339992347,0.1438973388551004,-4.810986260642607
3.17603086687411e-16,1.256680070347038,0.1311402223966582,-4.415023714517363
1.649111021799667,0.2118382588725627,0.3226651976039102,-7.808819720190861
1.577931749618868,0.178368753844321,0.3363894358616486,-8.341884683570994
2.832506770434162,0.7746576804929717,0.1893900036309973,-13.90586774043016
4.936130869128893e-15,0.7264382722257992,0.1970200625014971,-15.1199921660918
8.48884454792928e-15,1.42990245439578,0.1158901793486505,-18.77016916974848
2.731941657034225e-16,1.149386440427682,0.1418388130024376,-4.453572906186135
2.33104963910438e-17,1.139087132170872,0.1429226518943989,-4.213448276506291
1.738688558207614e-15,1.791443537964076,0.09037519058831361,-4.139571541239678
2.093959926088373e-15,0.7442223060303537,0.1941558354947333,-4.454541473229099
7.451792833592164e-16,1.283164358548522,0.1286557522434488,-4.66794802600736
5.840566125974614e-16,1.256682636089833,0.1311399788424071,-4.481876590001358
2.271595610028619e-15,0.8350554791449198,0.1804073731235022,-10.73628182392119
2.731941657034225e-16,1.155112238748544,0.1412407652550083,-3.441463756997695
4.936130869128893e-15,1.43018426457507,0.1158671844142492,-4.558495347613341
2.731941657034225e-16,1.235810971467449,0.1331399559021539,-3.797660835447383
2.744589317728e-16,1.139084595319016,0.1429229201492552,-4.146593317300701
9.555848176237971e-17,1.373104919730189,0.1206395655845959,-4.477227477822582
5.840566125974614e-16,1.256682636089833,0.1311399788424071,-4.481876590001358
3.399843574319321,2.040898027596633,0.07655961371592851,-16.21359095489769
2.744589317728e-16,1.139049986567805,0.1429265798534942,-10.60403636324908
5.840566125974614e-16,1.256682636089833,0.1311399788424071,-4.481876590001358
2.744589317728e-16,1.139084595319016,0.1429229201492552,-4.146593317300701