dN/dS,LRT,p-value,Log(L)
2.449231293967717e-15,0.9417934499904028,0.16590851934099,-4.072637067518652
5.840566125974614e-16,0.612095640203977,0.2169999269877344,-3.833974357622677
1.028145822447522e-15,0.6252117558890085,0.2145585662652953,-4.265018903940149
2.804502661847769e-15,0.5868134753589223,0.2218269901007144,-3.994131703437001
4.936130869128893e-15,0.5867884671931947,0.2218318462752238,-10.31182945838868
2.804502661847769e-15,0.7063518145435452,0.2003287939717754,-4.537528666955095
1.038263951005382e-15,0.3479196146623522,0.2776465774064829,-16.58709235657641
1.028145822447522e-15,0.78814029969333,0.1873315255401282,-4.082145347638574
1.028145822447522e-15,0.5006266863577054,0.23961244552477,-3.942288150998132
9.682324783204268e-17,0.5868130498506305,0.2218270727260537,-3.943935111041004
5.833751704286525,1.856879527658112,0.08649268999369369,-10.67827905866112
3.029002039259337,0.870894285479153,0.175353925809305,-11.79837193189265
1.038263951005382e-15,0.3354172774782889,0.2812432383771849,-12.82222225593379
1.028145822447522e-15,0.642752001455678,0.2113580055269583,-4.229045427580696
3.676700836370123,1.140706622469981,0.1427515321049309,-10.29642293132623
2.804502661847769e-15,0.7063518145435452,0.2003287939717754,-4.537528666955095
1,0,1,0
1,0,1,0
3.333150998936768,1.002546310987061,0.1583475793198552,-13.27849990768904
1,0,1,0
1,0,1,0
2.938318686330841,0.8290504421735214,0.1812736236827685,-9.22878800338354
1,0,1,0
2.940283877630917,0.8299458454517392,0.1811440944372628,-9.567159194576448
2.409513354150089,0.5850215334637845,0.2221753719968215,-10.16954850560264
3.026281931314823,0.8693027732630512,0.1755742014218093,-16.08972670561336
1,0,1,0
1,0,1,0
5.71826061067156,1.825445267460804,0.08833323826848993,-11.13108158699073
2.804502661847769e-15,0.7097812035402811,0.1997582283158022,-10.7686992148542
1,0,1,0
1,0,1,0
1,0,1,0
1,0,1,0
1,0,1,0
1,0,1,0
1,0,1,0
1,0,1,0
1,0,1,0
4.936130869128893e-15,0.6651559784643908,0.2073727843128072,-11.34609795063971
1,0,1,0
1,0,1,0
1,0,1,0
1,0,1,0
1,0,1,0
4.936130869128893e-15,0.6651559784623622,0.2073727843131629,-11.34517424980264
1,0,1,0
1,0,1,0
1,0,1,0
1,0,1,0
1,0,1,0
1,0,1,0
1,0,1,0
1,0,1,0
1,0,1,0
1,0,1,0
1,0,1,0
1,0,1,0
1,0,1,0
1,0,1,0
7.540988369406117,6.832717276134915,0.004475150085797852,-21.04527050763083
4.936130869128893e-15,0.5814811567167979,0.2228661698927594,-11.01387597111341
1,0,1,0
1,0,1,0
2.383046520986671,0.572364918791255,0.2246603440744542,-11.13183194007559
2.649412761428819,0.6975232622372225,0.2018085837900538,-8.60633252096946
2.530031061552404,0.641820039778473,0.2115262509649312,-10.95049142284847
1,0,1,0
1,0,1,0
1,0,1,0
1,0,1,0
1,0,1,0
4.440861809369316,1.409242700852033,0.1175910749704451,-17.33404853877158
1,0,1,0
1.028145822447522e-15,0.6036800536814297,0.2185886768868058,-11.83629378218987
1,0,1,0
1.028145822447522e-15,0.8196762900956003,0.1826374140213595,-10.64682066337008
2.876500425792489,0.8025615246789304,0.1851643088164999,-7.172065401908047
1,0,1,0
1,0,1,0
1,0,1,0
1,0,1,0
2.804502661847769e-15,0.7923539613854409,0.18669464356813,-11.92417127166746
1,0,1,0
1,0,1,0
1,0,1,0
1,0,1,0
1,0,1,0
1,0,1,0
1,0,1,0
1,0,1,0
1,0,1,0
1.028145822447522e-15,0.7743512280893405,0.189437161007988,-10.17322144139409
2.366811300352969,0.564533613391621,0.2262196632349544,-10.08953424909597
1,0,1,0
4.536425336136566,1.453116638707623,0.1140142595962553,-10.42161241391317
1,0,1,0
1,0,1,0
2.093959926088373e-15,0.7372581236048532,0.1952703085294089,-8.641408201841468
1,0,1,0
1,0,1,0
1,0,1,0
1,0,1,0
2.804502661847769e-15,0.6838124552830003,0.2041385010841499,-9.912635385889171
1,0,1,0
1,0,1,0
1,0,1,0
3.277275137622263,0.9712269280767885,0.1621871885822325,-11.39644225233118
1.028145822447522e-15,0.7514573373258955,0.193007610551287,-8.609121548468378
6.728744545674702e-16,0.5326231176708998,0.2327530647082269,-3.945640796862539
1,0,1,0
1,0,1,0
4.936130869128893e-15,0.7097698644979502,0.199760110968172,-10.36720756381066
1,0,1,0
1,0,1,0
1,0,1,0
1,0,1,0
2.093959926088373e-15,0.6838124380851092,0.2041385040312764,-11.31230712743611
6.187206342994255,3.911225184832539,0.02398230902435899,-16.47997250063159
1,0,1,0
1,0,1,0
2.804502661847769e-15,0.7514573373279489,0.1930076105509625,-9.44138835027548
1,0,1,0
1,0,1,0
1,0,1,0
1,0,1,0
1,0,1,0
1,0,1,0
4.936130869128893e-15,0.7514573372972286,0.1930076105558173,-12.27129406945449
1,0,1,0
1,0,1,0
1,0,1,0
2.804502661847769e-15,0.6651559962579654,0.2073727811921596,-11.33913921462249
1,0,1,0
1,0,1,0
1,0,1,0
3.128567442723652,0.9140279923886396,0.169523963963656,-9.82577771304657
2.965189308317163,0.8408832250873424,0.179572145100177,-10.05249204538488
1,0,1,0
2.395768174275799,0.5789946020662313,0.2233533374504665,-8.198127344894109
1,0,1,0
1,0,1,0
1,0,1,0
1,0,1,0
1,0,1,0
1,0,1,0
1,0,1,0
1,0,1,0
5.696756918314465,3.624736814466619,0.02846328762863176,-12.3171886765033
1,0,1,0
1,0,1,0
1,0,1,0
3.842155026781043,1.202037934660787,0.1364573705148276,-17.90426454214031
2.689651324210437,0.7180722402158288,0.1983884891240006,-9.869098584400076
1,0,1,0
1,0,1,0
1,0,1,0
5.148473530153945,3.301914062289484,0.03459960284992813,-20.60214250952207
1,0,1,0
3.142261082476029,0.9205728969974984,0.1686622966163563,-7.783042081296017
1,0,1,0
1,0,1,0
1,0,1,0
1,0,1,0
1,0,1,0
2.599018493304669,0.6749039391407585,0.205673538702559,-13.18871076003142
1,0,1,0
4.936130869128893e-15,0.6880168370823689,0.2034198740856444,-9.494404055022462
1,0,1,0
1,0,1,0
1,0,1,0
4.090953562298594,1.29517894202743,0.1275478633870293,-9.370954736731083
1,0,1,0
2.977009113484977,0.8471268279060986,0.1786832084837806,-7.138211453249147
1,0,1,0
1,0,1,0
1,0,1,0
1,0,1,0
1,0,1,0
1,0,1,0
2.449231293967717e-15,0.6880510162629037,0.2034140472586903,-9.907097783918283
1,0,1,0
1.028145822447522e-15,0.6651559962579618,0.2073727811921602,-11.33567925792224
1,0,1,0
1,0,1,0
1,0,1,0
1,0,1,0
1,0,1,0
3.114750399083342,0.9058152375808959,0.1706136014850889,-8.996858041909418
1,0,1,0
1,0,1,0
1,0,1,0
1,0,1,0
1,0,1,0
1,0,1,0
1,0,1,0
1,0,1,0
1,0,1,0
1,0,1,0
1,0,1,0
1,0,1,0
1,0,1,0
1,0,1,0
1,0,1,0
1,0,1,0
2.676292670218466,0.7100238975054012,0.1997179393331083,-16.3982537809221
1,0,1,0
6.168302929540566,3.885409803407832,0.02435368711705888,-16.6465299902996
1,0,1,0
1,0,1,0
1,0,1,0
2.786469805161609,0.762853573356864,0.1912184884783728,-8.569933947996526
1,0,1,0
1,0,1,0
1,0,1,0
1,0,1,0
1,0,1,0
1,0,1,0
1,0,1,0
1,0,1,0
1,0,1,0
1,0,1,0
3.143856732875658,0.9182656441168504,0.1689653849849045,-11.53560032974631
2.603091430815182,0.6768097214513276,0.2053437272478907,-12.18453866812371
1,0,1,0
1,0,1,0
1,0,1,0
1,0,1,0
1,0,1,0
1,0,1,0
4.936130869128893e-15,0.6713246999863962,0.2062950686646398,-11.05652502019417
1,0,1,0
1,0,1,0
2.804502661847769e-15,0.8315533276133138,0.1809118762260031,-8.375694999798833
1,0,1,0
1,0,1,0
1,0,1,0
1,0,1,0
1,0,1,0
1,0,1,0
1,0,1,0
6.15581118351033,3.887047335972291,0.02432995032340424,-10.81579950950577
1,0,1,0
1,0,1,0
1,0,1,0
9.682324783204268e-17,0.7904190278871583,0.1869867253996489,-3.588522455996312
1,0,1,0
3.246955847922793,0.9631403653535067,0.1631984656362011,-14.25551422341687
1,0,1,0
1,0,1,0
1,0,1,0
2.5451113433202,0.648920462345739,0.210249453525916,-12.73158941888009
1,0,1,0
1,0,1,0
1,0,1,0
2.464589907217587,0.6114717762418032,0.2171170990011856,-9.478344644770496
1,0,1,0
1,0,1,0
1,0,1,0
1,0,1,0
1,0,1,0
4.936130869128893e-15,0.6880179335845078,0.2034196871514418,-9.500228293943168
1,0,1,0
1,0,1,0
1,0,1,0
1,0,1,0
1,0,1,0
1,0,1,0
1,0,1,0
1,0,1,0
1,0,1,0
1,0,1,0
1,0,1,0
1,0,1,0
1,0,1,0
1,0,1,0
1,0,1,0
1,0,1,0
1,0,1,0
1,0,1,0
1,0,1,0
1,0,1,0
1,0,1,0
1,0,1,0
1,0,1,0
1.038263951005382e-15,0.5030706860686536,0.2390769939211669,-9.478864285669099
1,0,1,0
1,0,1,0
1,0,1,0
1,0,1,0
2.838830704608678,0.797628469920074,0.1859016826277327,-9.926776640016316
3.055684551839225,0.8804453529762881,0.1740398649542973,-9.216150624970897
1,0,1,0
1,0,1,0
1,0,1,0
1,0,1,0
1,0,1,0
4.936130869128893e-15,0.6242089737697043,0.2147437458977261,-8.846008105417287
1,0,1,0
1,0,1,0
2.945710622379044,0.8323163417813646,0.1808017943850108,-10.42733877511847
1,0,1,0
1,0,1,0
1,0,1,0
1,0,1,0
1,0,1,0
1,0,1,0
1,0,1,0
4.936130869128893e-15,0.6713247996311011,0.2062950513229405,-10.82652305053251
1,0,1,0
1,0,1,0
1,0,1,0
1,0,1,0
1,0,1,0
1,0,1,0
1,0,1,0
1,0,1,0
1,0,1,0
1,0,1,0
1.028145822447522e-15,0.7514573373269045,0.1930076105511276,-13.37281309090928
1,0,1,0
1,0,1,0
4.936130869128893e-15,0.7808311239873404,0.1884435365349778,-8.885392873714361
1,0,1,0
1,0,1,0
1,0,1,0
1,0,1,0
1,0,1,0
3.079089485352762,0.8923255541502328,0.1724239410092741,-18.26324307269057
5.64667360488876e-15,0.3531508639770848,0.2761674494715656,-10.11918835601054
1,0,1,0
1,0,1,0
1,0,1,0
1,0,1,0
1,0,1,0
1,0,1,0
1,0,1,0
1,0,1,0
1,0,1,0
1,0,1,0
2.743053577853654,0.7414416007872155,0.1945997365194645,-13.14062923452837
2.093959926088373e-15,0.6511438579394273,0.2098520086074021,-9.442388379675842
1.038263951005382e-15,0.4403037256764044,0.2534879481907599,-9.963943905973455
1,0,1,0
1,0,1,0
2.449231293967717e-15,0.8529776942177687,0.1778556625851851,-4.398411117555083
9.682324783204268e-17,0.7972939587137837,0.1859518324569518,-3.588522455996312
2.804502661847769e-15,0.5856560928220365,0.2220519069635397,-4.346684948486221
2.449231293967717e-15,0.8529776942177687,0.1778556625851851,-4.398411117555083
5.840566125974614e-16,0.7514573132131783,0.1930076143619205,-4.269406896628706
1.038263951005382e-15,0.6239361497641198,0.2147941689899837,-18.40372396366603
5.840566125974614e-16,0.7514573132131783,0.1930076143619205,-4.269406896628706
1.028145822447522e-15,0.8529776907261528,0.1778556630774695,-10.71551721331963
2.804502661847769e-15,0.5856560928220365,0.2220519069635397,-4.346684948486221
9.682324783204268e-17,0.7972939587137837,0.1859518324569518,-3.588522455996312
4.936130869128893e-15,0.7374728133219612,0.1952358153647911,-10.12089093322143
1.028145822447522e-15,0.6881158095892443,0.203403002038262,-3.533727636881598
2.804502661847769e-15,0.8529776938927025,0.1778556626310163,-4.347871241164134
2.804502661847769e-15,0.3735353199162859,0.2705417471326889,-4.547678129098065
6.728744545674702e-16,0.7375483028410219,0.1952236888995846,-4.116566240268971
6.728744545674702e-16,0.8194227764574418,0.1826744932658551,-4.070097437568994
2.449231293967717e-15,1.001956002300814,0.1584188375279155,-4.072637067518652
8.48884454792928e-15,0.6838124283994773,0.2041385056910603,-22.00660783332203
9.682324783204268e-17,0.7278943763199122,0.1967832778523818,-3.848930632748349
4.0479524494288e-15,0.8017585563616407,0.1852840548542466,-4.338219207895382
2.804502661847769e-15,0.35114679485193,0.2767323370918128,-4.547678129098065
1.028145822447522e-15,0.5006266863577054,0.23961244552477,-3.942288150998132
4.0479524494288e-15,0.8017585563616407,0.1852840548542466,-4.338219207895382
2.804502661847769e-15,0.5505267744294073,0.2290512671508123,-4.338838848588617
9.682324783204268e-17,0.7647723213282891,0.1909195755028972,-4.349824119001653
4.936130869128893e-15,0.6525840777867487,0.2095951583436289,-11.39622169482388
2.804502661847769e-15,0.4139872617395319,0.2599763175439516,-4.060652743529662
5.64667360488876e-15,0.6466525670345646,0.2106560113551844,-9.4806550394386
1.028145822447522e-15,0.5466047897133066,0.229854151664058,-4.630886185204877
1.028145822447522e-15,0.6929473824445509,0.2025818362065176,-8.68265104806286
2.804502661847769e-15,0.801758556790757,0.185284054790224,-4.388416013045522
2.287852447174094e-16,0.6252117181027934,0.214558573238572,-3.988837017454451
1.028145822447522e-15,0.7702119918742465,0.190075739492518,-4.062037321409683
2.804502661847769e-15,0.4139872617395319,0.2599763175439516,-4.060652743529662
4.936130869128893e-15,0.7063517825860579,0.2003287992997215,-4.261346780469397
4.936130869128893e-15,0.7063517825860579,0.2003287992997215,-4.261346780469397
4.936130869128893e-15,0.7278273458606002,0.1967941690366112,-10.16622383658364
2.804502661847769e-15,0.5674762948937975,0.2256317579782406,-4.765581719220389
2.287852447174094e-16,0.6120822138025162,0.217002447675281,-3.251606747962257
1.028145822447522e-15,0.78814029969333,0.1873315255401282,-4.082145347638574
1.028145822447522e-15,0.6252117558890085,0.2145585662652953,-4.265018903940149
2.804502661847769e-15,0.4139872617395319,0.2599763175439516,-4.060652743529662
4.936130869128893e-15,0.7063517825860579,0.2003287992997215,-4.261346780469397
4.936130869128893e-15,0.7063517825860579,0.2003287992997215,-4.261346780469397
2.804502661847769e-15,0.5868134753589223,0.2218269901007144,-3.994131703437001
1.028145822447522e-15,0.6467543125149033,0.2106377466467448,-3.576420869733404
4.932622447834538,1.581569670217689,0.1042673700288628,-9.242389099858908
2.804502661847769e-15,0.5868134753589223,0.2218269901007144,-3.994131703437001
1.028145822447522e-15,0.6466223792121433,0.2106614309382769,-9.204871884634864
2.449231293967717e-15,0.8017574399198999,0.1852842214235415,-4.644411377648091
2.287852447174094e-16,0.6120822138025162,0.217002447675281,-3.251606747962257
2.804502661847769e-15,0.3319736041184207,0.282249631501064,-5.189525002538887
9.682324783204268e-17,0.6467531726955942,0.2106379512468317,-3.526224634150914
9.682324783204268e-17,0.7647723213282891,0.1909195755028972,-4.349824119001653
2.093959926088373e-15,0.3200039558093621,0.2858026338508152,-4.089546063121049
2.804502661847769e-15,0.5868134753589223,0.2218269901007144,-3.994131703437001
1.028145822447522e-15,0.6932316961277429,0.2025336657588851,-4.106484120637623
2.287852447174094e-16,0.6120822138025162,0.217002447675281,-3.251606747962257
2.804502661847769e-15,0.6252117323245798,0.2145585706140051,-4.57121107369286
1.028145822447522e-15,0.6467543125149033,0.2106377466467448,-3.576420869733404
1.028145822447522e-15,0.6932316961277429,0.2025336657588851,-4.106484120637623
2.287852447174094e-16,0.6120822138025162,0.217002447675281,-3.251606747962257
2.804502661847769e-15,0.5505267744294073,0.2290512671508123,-4.338838848588617
1.028145822447522e-15,0.6526170198320642,0.2095892889058308,-4.335270629718318
2.804502661847769e-15,0.4139872617395319,0.2599763175439516,-4.060652743529662
2.804502661847769e-15,0.5865304803686513,0.2218819526601932,-7.869113243154517
5.840566125974614e-16,0.6932182696145839,0.202535940198006,-3.524116510977203
2.287852447174094e-16,0.6120822138025162,0.217002447675281,-3.251606747962257
5.840566125974614e-16,0.6932182696145839,0.202535940198006,-3.524116510977203
2.804502661847769e-15,0.5505267744294073,0.2290512671508123,-4.338838848588617
1.038263951005382e-15,0.4702461803011513,0.2464369679715447,-4.354704298719178
5.840566125974614e-16,0.6932182696145839,0.202535940198006,-3.524116510977203
1.028145822447522e-15,0.6427519649325317,0.2113580121164926,-3.952863541094998
5.840566125974614e-16,0.6932182696145839,0.202535940198006,-3.524116510977203
2.449231293967717e-15,0.8017574399198999,0.1852842214235415,-4.644411377648091
1.028145822447522e-15,0.7332180340867867,0.1959210415224863,-3.767456509339074
9.682324783204268e-17,0.5868130498506305,0.2218270727260537,-3.943935111041004
1.038263951005382e-15,0.4140041173194611,0.259972069120103,-4.643020353190082
9.682324783204268e-17,0.7278943763199122,0.1967832778523818,-3.848930632748349
2.804502661847769e-15,0.5674762999846052,0.2256317569632383,-4.815778521825167
1.028145822447522e-15,0.6932316961277429,0.2025336657588851,-4.106484120637623
3.32458161145308,0.9933421540183076,0.159463446282157,-8.927264420872506
1.028145822447522e-15,0.5006266863286104,0.2396124455311561,-3.892091915415642
1.028145822447522e-15,0.642752001455678,0.2113580055269583,-4.229045427580696
1.028145822447522e-15,0.6925040278349712,0.2026569858942012,-7.713721392438575
9.682324783204268e-17,0.7278943763199122,0.1967832778523818,-3.848930632748349
1.028145822447522e-15,0.6252117558890085,0.2145585662652953,-4.265018903940149
2.287852447174094e-16,0.6120822138025162,0.217002447675281,-3.251606747962257
1.028145822447522e-15,0.7493741868565174,0.1933372196573959,-3.586472634878334
9.682324783204268e-17,0.7278932365000266,0.1967834630443536,-3.798734397165859
2.804502661847769e-15,0.5674762999846052,0.2256317569632383,-4.815778521825167
2.804502661847769e-15,0.35114679485193,0.2767323370918128,-4.547678129098065
4.936130869128893e-15,0.5137439100390786,0.2367613110284459,-10.79423763072037
1.028145822447522e-15,0.5006266863577054,0.23961244552477,-3.942288150998132
1.028145822447522e-15,0.6466223792121433,0.2106614309382769,-9.204871884634864
2.804502661847769e-15,0.7063517946099616,0.2003287972950986,-10.9144389597359
1.028145822447522e-15,0.6932316961277429,0.2025336657588851,-4.106484120637623
2.804502661847769e-15,0.5674762948937975,0.2256317579782406,-4.765581719220389
2.804502661847769e-15,0.5674762948937975,0.2256317579782406,-4.765581719220389
1.028145822447522e-15,0.642752001455678,0.2113580055269583,-4.229045427580696
4.936130869128893e-15,0.7063518145435506,0.2003287939717746,-4.587725472105236
2.804502661847769e-15,0.3319736041184207,0.282249631501064,-5.189525002538887
1.028145822447522e-15,0.6932316961277429,0.2025336657588851,-4.106484120637623
1.028145822447522e-15,0.6467543125149033,0.2106377466467448,-3.576420869733404
2.804502661847769e-15,0.4139872617395319,0.2599763175439516,-4.060652743529662
1.028145822447522e-15,0.6526170198320642,0.2095892889058308,-4.335270629718318
2.287852447174094e-16,0.6252117181027934,0.214558573238572,-3.988837017454451
9.682324783204268e-17,0.5868130498506305,0.2218270727260537,-3.943935111041004
9.682324783204268e-17,0.7278932365000266,0.1967834630443536,-3.798734397165859
2.804502661847769e-15,0.3319733818528317,0.2822496966809307,-4.607150917487325
1.028145822447522e-15,0.6252117558890085,0.2145585662652953,-4.265018903940149
9.682324783204268e-17,0.7278943763199122,0.1967832778523818,-3.848930632748349
1.038263951005382e-15,0.4702461803011513,0.2464369679715447,-4.354704298719178
5.840566125974614e-16,0.6932182696145839,0.202535940198006,-3.524116510977203
2.449231293967717e-15,0.9417934499904028,0.16590851934099,-4.072637067518652
1.028145822447522e-15,0.6467543125149033,0.2106377466467448,-3.576420869733404
2.287852447174094e-16,0.6120822138025162,0.217002447675281,-3.251606747962257
2.804502661847769e-15,0.3319736041184207,0.282249631501064,-5.189525002538887
3.696543803109335,1.146166639691756,0.1421765231573879,-18.16012232566174
5.840566125974614e-16,0.6932182696145839,0.202535940198006,-3.524116510977203
3.005307676742413,0.8590600675667233,0.1770009293758339,-8.47393998000557
2.287852447174094e-16,0.6252117181027934,0.214558573238572,-3.988837017454451
5.840566125974614e-16,0.7542577234509906,0.1925657746821204,-7.957061390607626
2.093959926088373e-15,0.6119383385460004,0.2170294617739703,-15.97413832259289
2.804502661847769e-15,0.4139872617395319,0.2599763175439516,-4.060652743529662
5.64667360488876e-15,0.3319736125232815,0.2822496290363208,-11.95081591017145
9.682324783204268e-17,0.7647723213282891,0.1909195755028972,-4.349824119001653
5.840566125974614e-16,0.6932182696145839,0.202535940198006,-3.524116510977203
9.682324783204268e-17,0.6467531726955942,0.2106379512468317,-3.526224634150914
2.864302273382943,0.7971048875239894,0.1859801863231446,-11.53483817642857
1.028145822447522e-15,0.6932316961277429,0.2025336657588851,-4.106484120637623
4.936130869128893e-15,0.7278462966869448,0.196791089797225,-10.83251998948916
2.449231293967717e-15,0.9417934499904028,0.16590851934099,-4.072637067518652
2.804502661847769e-15,0.801758556790757,0.185284054790224,-4.388416013045522
9.682324783204268e-17,0.6467531726955942,0.2106379512468317,-3.526224634150914
4.0479524494288e-15,0.8017585563616407,0.1852840548542466,-4.338219207895382
1.028145822447522e-15,0.6669032352498512,0.2070666840549664,-14.6904261291361
2.804502661847769e-15,0.5505267744294073,0.2290512671508123,-4.338838848588617
2.287852447174094e-16,0.6120822138025162,0.217002447675281,-3.251606747962257
1.028145822447522e-15,0.7493741868565174,0.1933372196573959,-3.586472634878334
4.936130869128893e-15,0.500626684777977,0.2396124458715035,-9.08383423119338
1.028145822447522e-15,0.6526181640586852,0.2095890850380385,-4.385466865300808
2.287852447174094e-16,0.6120822138025162,0.217002447675281,-3.251606747962257
9.682324783204268e-17,0.6672126079905887,0.2070125549857356,-4.397816393320811
9.682324783204268e-17,0.7278943763199122,0.1967832778523818,-3.848930632748349
9.682324783204268e-17,0.6467531726955942,0.2106379512468317,-3.526224634150914
4.936130869128893e-15,0.7063518145435506,0.2003287939717746,-4.587725472105236
4.936130869128893e-15,0.667125917467466,0.207027720589842,-9.589558709098551
1.028145822447522e-15,0.7493741868565174,0.1933372196573959,-3.586472634878334
2.449231293967717e-15,0.8017574399198999,0.1852842214235415,-4.644411377648091
1.038263951005382e-15,0.4702461803011513,0.2464369679715447,-4.354704298719178
2.804502661847769e-15,0.5868134753589223,0.2218269901007144,-3.994131703437001
1.028145822447522e-15,0.7332180340867867,0.1959210415224863,-3.767456509339074
9.682324783204268e-17,0.6467531726955942,0.2106379512468317,-3.526224634150914
4.936130869128893e-15,0.7705571116735506,0.1900223802952615,-10.24694136053059
1.028145822447522e-15,0.6252117558890085,0.2145585662652953,-4.265018903940149
1.028145822447522e-15,0.5006266863286104,0.2396124455311561,-3.892091915415642
4.936130869128893e-15,0.7277937864456376,0.1967996221335342,-9.758356307857817
1.028145822447522e-15,0.6526170198320642,0.2095892889058308,-4.335270629718318
9.682324783204268e-17,0.7278932365000266,0.1967834630443536,-3.798734397165859
1.028145822447522e-15,0.6427519649325317,0.2113580121164926,-3.952863541094998
1.028145822447522e-15,0.5006266863577054,0.23961244552477,-3.942288150998132
1.028145822447522e-15,0.7332180340867867,0.1959210415224863,-3.767456509339074
4.936130869128893e-15,0.7278283309311107,0.1967940089749758,-10.16904231341729
5.840566125974614e-16,0.6932182696145839,0.202535940198006,-3.524116510977203
4.936130869128893e-15,0.7063517825860579,0.2003287992997215,-4.261346780469397
2.093959926088373e-15,0.3200039558093621,0.2858026338508152,-4.089546063121049
1.028145822447522e-15,0.6467543125149033,0.2106377466467448,-3.576420869733404
1.028145822447522e-15,0.6467543125149033,0.2106377466467448,-3.576420869733404
2.449231293967717e-15,0.6809789764267453,0.2046249104518506,-5.203693286557005
2.804502661847769e-15,0.5504937952332227,0.2290579999494885,-11.35460017559789
1.038263951005382e-15,0.4140041173194611,0.259972069120103,-4.643020353190082
2.804502661847769e-15,0.5866296089937038,0.2218626977599625,-12.07527360592376
2.287852447174094e-16,0.6120822138025162,0.217002447675281,-3.251606747962257
4.0479524494288e-15,0.8017585563616407,0.1852840548542466,-4.338219207895382
1.028145822447522e-15,0.642752001455678,0.2113580055269583,-4.229045427580696
1.028145822447522e-15,0.6932316961277429,0.2025336657588851,-4.106484120637623
5.64667360488876e-15,0.3388574824736992,0.2802447241183557,-13.5155820445296
3.323011988813894,0.9927683093660242,0.1595333577647784,-10.10332816775435
1.038263951005382e-15,0.4702461803011513,0.2464369679715447,-4.354704298719178
1.028145822447522e-15,0.7702119918742465,0.190075739492518,-4.062037321409683
4.057344157653699,1.28115844404406,0.1288418766853865,-9.6673709839136
2.287852447174094e-16,0.6120822138025162,0.217002447675281,-3.251606747962257
9.682324783204268e-17,0.7278932365000266,0.1967834630443536,-3.798734397165859
2.804502661847769e-15,0.35114679485193,0.2767323370918128,-4.547678129098065
3.521867391351467,1.075771694487877,0.1498226931261511,-11.64556422986786
2.804502661847769e-15,0.3319733818528317,0.2822496966809307,-4.607150917487325
2.804502661847769e-15,0.35114679485193,0.2767323370918128,-4.547678129098065
9.682324783204268e-17,0.5868130498506305,0.2218270727260537,-3.943935111041004
1.038263951005382e-15,0.5466047911397531,0.229854151371235,-4.681082990355018
4.936130869128893e-15,0.5505256338685882,0.2290514999943957,-4.288642613006128
4.936130869128893e-15,0.7063518145435506,0.2003287939717746,-4.587725472105236
5.223594169629762,3.347703865524448,0.03364941347214956,-13.21005755052804
1.038263951005382e-15,0.4702461803011513,0.2464369679715447,-4.354704298719178
2.804502661847769e-15,0.6669278523520816,0.2070623761837734,-8.323231380143818
4.936130869128893e-15,0.5505256338685882,0.2290514999943957,-4.288642613006128
2.271595610028619e-15,0.3487391495401386,0.2774138680807636,-4.671913672865884
3.562979996490155,1.096099433379937,0.1475618560222623,-10.86588627353358
9.682324783204268e-17,0.6672126079905887,0.2070125549857356,-4.397816393320811
1.028145822447522e-15,0.642752001455678,0.2113580055269583,-4.229045427580696
1.028145822447522e-15,0.642752001455678,0.2113580055269583,-4.229045427580696
2.271595610028619e-15,0.3487391495401386,0.2774138680807636,-4.671913672865884
2.804502661847769e-15,0.3319736041184207,0.282249631501064,-5.189525002538887
2.449231293967717e-15,0.8017574399198999,0.1852842214235415,-4.644411377648091
3.687109307304131,1.144792810836368,0.1423209278417978,-10.84808047562998
2.093959926088373e-15,0.5867017404965793,0.221848688445647,-8.824513522011179
2.449231293967717e-15,0.9417934499904028,0.16590851934099,-4.072637067518652
2.804502661847769e-15,0.35114679485193,0.2767323370918128,-4.547678129098065
4.936130869128893e-15,0.7063518145435506,0.2003287939717746,-4.587725472105236
1.028145822447522e-15,0.6672130356809465,0.2070124801698338,-4.448012628903301
2.804502661847769e-15,0.4139872617395319,0.2599763175439516,-4.060652743529662
2.287852447174094e-16,0.6120822138025162,0.217002447675281,-3.251606747962257
2.804502661847769e-15,0.801758556790757,0.185284054790224,-4.388416013045522
1.028145822447522e-15,0.6467543125149033,0.2106377466467448,-3.576420869733404
9.682324783204268e-17,0.5868130498506305,0.2218270727260537,-3.943935111041004
1.028145822447522e-15,0.7646258018807188,0.1909423777566051,-11.11405076850181
1.028145822447522e-15,0.6672130356809465,0.2070124801698338,-4.448012628903301
1.028145822447522e-15,0.6467543125149033,0.2106377466467448,-3.576420869733404
9.682324783204268e-17,0.5868130498506305,0.2218270727260537,-3.943935111041004
1.028145822447522e-15,0.6672130356809465,0.2070124801698338,-4.448012628903301
4.936130869128893e-15,0.5868007421661048,0.2218294626568358,-11.00385597567467