dN/dS,LRT,p-value,Log(L)
1,0,1,0
1,0,1,0
1,0,1,0
1,0,1,0
1,0,1,0
1,0,1,0
1,0,1,0
1,0,1,0
4.161999401859961,1.314778375112752,0.1257656618150955,-8.579969948846102
1,0,1,0
6.940372555490556,2.138534097038502,0.07181954458633893,-10.58675680121237
1,0,1,0
1.985752832009056e-14,0.3066962391477865,0.2898573082714018,-10.16598144483075
1,0,1,0
1,0,1,0
2.923279409939594,0.8215582348313042,0.1823624841278323,-13.5617717885731
1,0,1,0
1,0,1,0
1,0,1,0
1,0,1,0
1,0,1,0
1,0,1,0
1,0,1,0
1,0,1,0
1,0,1,0
1,0,1,0
1,0,1,0
1,0,1,0
8.48884454792928e-15,0.3063953498120604,0.2899503062753257,-9.491351058025186
1,0,1,0
1.038263951005382e-15,0.3063945519240967,0.2899505529635185,-11.98486233217789
1.028145822447522e-15,0.7754938385024239,0.1892614184822949,-8.013255053094575
4.936130869128893e-15,0.6311143990277763,0.2134734197665191,-10.33436451908335
1,0,1,0
1,0,1,0
1,0,1,0
1,0,1,0
1,0,1,0
1,0,1,0
5.64667360488876e-15,0.6279497071143894,0.2140541868151542,-21.61714330649747
1.985752832009056e-14,0.3062764502772524,0.2899870718437456,-18.31938925489743
1,0,1,0
1,0,1,0
1,0,1,0
4.936130869128893e-15,0.5745836232180039,0.224221616937138,-11.0297760895505
1,0,1,0
1,0,1,0
1,0,1,0
1,0,1,0
1,0,1,0
1,0,1,0
1,0,1,0
2.093959926088373e-15,0.6279497189633005,0.214054184636248,-9.595988059355845
1,0,1,0
1,0,1,0
1.038263951005382e-15,0.6279497189633076,0.2140541846362466,-11.39011032634057
1,0,1,0
1.038263951005382e-15,0.3076077148776051,0.2895759553266458,-12.26439263673912
1,0,1,0
1,0,1,0
1,0,1,0
1.028145822447522e-15,0.5348411406172744,0.2322893121565071,-9.259169157982779
1,0,1,0
3.242873256902089,0.9589702713394281,0.1637232268286135,-10.15790807646595
1,0,1,0
2.844552795012661,0.7845545903662021,0.1878758968409399,-8.341370586639176
1,0,1,0
1,0,1,0
1,0,1,0
1,0,1,0
1,0,1,0
1,0,1,0
4.936130869128893e-15,0.4433744690636274,0.2527491118065592,-12.82670439093827
1,0,1,0
1.038263951005382e-15,0.5471916737612368,0.2297337252661106,-8.486217654122274
1,0,1,0
1.038263951005382e-15,0.7725531845165001,0.1897141807075799,-10.6637269703265
1,0,1,0
1,0,1,0
1,0,1,0
1,0,1,0
1.038263951005382e-15,0.3063947475865376,0.2899504924692547,-10.18874768686921
1,0,1,0
1,0,1,0
1,0,1,0
1.038263951005382e-15,0.3063942339923145,0.289950651260665,-11.92200933373989
1,0,1,0
1,0,1,0
1,0,1,0
1,0,1,0
1,0,1,0
1,0,1,0
1,0,1,0
2.607780058248076,0.6769636656835907,0.2053171199098638,-8.980729582434217
1,0,1,0
1,0,1,0
1,0,1,0
1,0,1,0
1,0,1,0
1,0,1,0
1,0,1,0
1,0,1,0
1,0,1,0
1,0,1,0
1,0,1,0
1,0,1,0
2.601604387668067,0.673936662460509,0.2058412325031455,-10.12432432980708
1,0,1,0
1,0,1,0
1,0,1,0
1,0,1,0
2.449231293967717e-15,0.6367244832401262,0.2124497020671937,-7.279424590292589
1,0,1,0
1,0,1,0
1,0,1,0
1,0,1,0
1,0,1,0
1,0,1,0
2.804502661847769e-15,0.621800839132657,0.2151894345921649,-8.853347474506027
1,0,1,0
1,0,1,0
2.919347159336793,0.8193826909598059,0.1826803571799926,-10.88255374343821
1,0,1,0
1,0,1,0
1,0,1,0
1,0,1,0
1,0,1,0
1,0,1,0
1,0,1,0
1.038263951005382e-15,0.4711101038804273,0.2462384558705376,-10.32257401093621
1,0,1,0
1,0,1,0
1,0,1,0
4.936130869128893e-15,0.3063945673726352,0.2899505481871898,-11.28281864489782
3.006849776225947,0.8549720367489364,0.1775747836790086,-13.95089195332857
1,0,1,0
3.561519561141761,1.087788483295352,0.1484808647215228,-10.69749577621074
1,0,1,0
1,0,1,0
1,0,1,0
1,0,1,0
1,0,1,0
1,0,1,0
1,0,1,0
1,0,1,0
1.038263951005382e-15,0.6253749163734597,0.2145284589219857,-18.47503155262382
1,0,1,0
1,0,1,0
6.102404877756099,3.846930204392201,0.02491856359806743,-10.66836412576287
1,0,1,0
15.7472120146668,16.52283256388457,2.403387369981358e-05,-22.64941744518994
1,0,1,0
1,0,1,0
20.11066226289042,23.80711074476636,5.324417083896194e-07,-36.77054976327359
1,0,1,0
1,0,1,0
1,0,1,0
1,0,1,0
1,0,1,0
1,0,1,0
6.680899268327645,4.110427750002991,0.02130979088007895,-16.51479847001966
1,0,1,0
1,0,1,0
1,0,1,0
1,0,1,0
1,0,1,0
1,0,1,0
1,0,1,0
1,0,1,0
1,0,1,0
1,0,1,0
3.284127173854808,0.9761116095968703,0.1615803381471269,-6.726059500609481
5.798802375612438,1.831621351753576,0.08796807978080812,-10.05960300592466
4.936130869128893e-15,0.6809668964764022,0.2046269877981406,-10.82827168394483
1,0,1,0
1,0,1,0
1.038263951005382e-15,0.48794096115153,0.2424236175103114,-9.374397094855782
1,0,1,0
2.093959926088373e-15,0.6999799971254106,0.2013952078160044,-12.30378925264946
1,0,1,0
1,0,1,0
1,0,1,0
3.293837904922302,0.9801530272097168,0.161080514593331,-11.82685587847095
1,0,1,0
1,0,1,0
1,0,1,0
3.213643884609038,0.9438823100856162,0.1656407034169785,-9.474918663185703
5.287480336002124,3.37712795009941,0.03305357949798204,-11.9517476167504
1,0,1,0
1,0,1,0
2.878344224144301,0.7994634293383243,0.1856269219026972,-8.900511118383619
2.804502661847769e-15,0.6083847628043788,0.2176983122423644,-7.251078026295432
1,0,1,0
1,0,1,0
1,0,1,0
1,0,1,0
1,0,1,0
1,0,1,0
1,0,1,0
1,0,1,0
2.804502661847769e-15,0.6218010274267236,0.2151893996886902,-12.16910980544088
1,0,1,0
1,0,1,0
1,0,1,0
2.622325962462248,0.6843904027727206,0.2040394960037433,-9.740506628468804
2.889248607182077,0.8053437956809724,0.18475022482224,-9.412661995171799
1,0,1,0
1,0,1,0
1,0,1,0
1,0,1,0
1,0,1,0
3.3018053623624,0.9864615385057238,0.1603043729807072,-7.387488602078169
4.656377400251809,1.488872403132628,0.1111957476823509,-10.09416674166911
1,0,1,0
1,0,1,0
1,0,1,0
1,0,1,0
1,0,1,0
1,0,1,0
1,0,1,0
1,0,1,0
1,0,1,0
1,0,1,0
2.805848343829048,0.7673583845406249,0.1905177499211149,-11.2483077058276
4.936130869128893e-15,0.7810921098359493,0.1884036709145962,-14.98129761764224
1,0,1,0
1,0,1,0
1,0,1,0
1,0,1,0
7.051757737900052,4.312637521978665,0.0189151327035697,-12.55085349400996
5.64667360488876e-15,0.621801002735701,0.2151894042655862,-16.230704691048
1,0,1,0
1,0,1,0
1,0,1,0
1.038263951005382e-15,0.5348402526930087,0.2322894975116285,-8.393505364135573
1,0,1,0
1,0,1,0
1,0,1,0
1,0,1,0
1,0,1,0
1,0,1,0
6.987470444974991,2.15489092287368,0.07105826780667929,-10.64236011441729
3.791365555147461,1.182989832382994,0.1383740823298584,-10.53191614701645
1,0,1,0
1,0,1,0
1,0,1,0
1,0,1,0
1,0,1,0
1,0,1,0
1,0,1,0
1,0,1,0
1,0,1,0
1,0,1,0
1,0,1,0
1,0,1,0
1,0,1,0
1,0,1,0
1,0,1,0
1,0,1,0
1,0,1,0
1,0,1,0
6.57847409214201,4.058430479750015,0.02197566607989099,-21.44730896317068
1,0,1,0
1.038263951005382e-15,0.6279497001245886,0.2140541881005145,-9.970342660211786
1,0,1,0
1,0,1,0
1,0,1,0
1,0,1,0
1,0,1,0
1.038263951005382e-15,0.621801599179495,0.2151892937047427,-12.03159387958196
1,0,1,0
1,0,1,0
1,0,1,0
1,0,1,0
1,0,1,0
1,0,1,0
8.48884454792928e-15,0.440836733207842,0.2533594380914027,-12.19784122708854
7.059632861902073,4.315057664344689,0.01888824532104061,-14.04918969034699
1,0,1,0
1,0,1,0
1,0,1,0
4.936130869128893e-15,0.4751384977685085,0.2453163344681831,-8.366680475214915
3.439459478105495,1.065131948004666,0.1510238090858367,-9.248596411709224
1,0,1,0
2.804502661847769e-15,0.7612936649460913,0.191461988284008,-9.77408796648889
1,0,1,0
1,0,1,0
2.913610685960907,0.8174128890085477,0.1829688318773854,-8.784930589892598
6.677270278702758,4.151465935109123,0.02079924785130338,-18.73376621024581
1,0,1,0
1,0,1,0
6.663527871370569,4.111460757060456,0.02129677923014095,-17.15324525103861
1,0,1,0
1,0,1,0
3.803300701914385,1.187434850622516,0.1379237943269326,-16.86926212867674
1,0,1,0
1,0,1,0
1,0,1,0
1,0,1,0
1,0,1,0
1,0,1,0
1,0,1,0
1,0,1,0
4.936130869128893e-15,0.5743638594049436,0.224265013544205,-7.673046615320962
1,0,1,0
3.205399094690381,0.94047149554725,0.1660783073092186,-9.190453834359584
1,0,1,0
3.36533941209805,1.006238573878328,0.1579028248846457,-9.57211560237624
1,0,1,0
1,0,1,0
1,0,1,0
1,0,1,0
1,0,1,0
1,0,1,0
1,0,1,0
1,0,1,0
1,0,1,0
1,0,1,0
1,0,1,0
4.936130869128893e-15,0.699980001977913,0.2013952070007291,-10.22395214347859
4.936130869128893e-15,0.6529605407893513,0.2095280967589879,-8.136248731817656
1,0,1,0
1,0,1,0
1,0,1,0
3.261168045208973,0.9664019592319235,0.1627895810834942,-10.75768901097948
1,0,1,0
1,0,1,0
1,0,1,0
1,0,1,0
1,0,1,0
1,0,1,0
1,0,1,0
1,0,1,0
1,0,1,0
1,0,1,0
1,0,1,0
1,0,1,0
1,0,1,0
1,0,1,0
1,0,1,0
1,0,1,0
1,0,1,0
1,0,1,0
1,0,1,0
1,0,1,0
1,0,1,0
1,0,1,0
1,0,1,0
1,0,1,0
1,0,1,0
1.028145822447522e-15,0.5743639319171958,0.2242649992231053,-7.675571382275018
1,0,1,0
1,0,1,0
1,0,1,0
1,0,1,0
1.038263951005382e-15,0.6809262491711863,0.204633977998757,-9.72917898102693
1,0,1,0
1,0,1,0
1,0,1,0
1,0,1,0
1,0,1,0
1,0,1,0
1,0,1,0
1,0,1,0
1,0,1,0
1,0,1,0
2.093959926088373e-15,0.4879409587690482,0.2424236180433652,-8.498376954420925
1,0,1,0
1,0,1,0
1,0,1,0
1,0,1,0
8.48884454792928e-15,0.3882641001156735,0.266606639279564,-10.00996361311794
1,0,1,0
1,0,1,0
2.804502661847769e-15,0.6804149025292041,0.204721945299217,-7.525576585219963
1,0,1,0
1,0,1,0
1,0,1,0
1,0,1,0
1,0,1,0
1,0,1,0
1,0,1,0
1,0,1,0
1,0,1,0
1,0,1,0
1,0,1,0
1,0,1,0
2.907534606656908,0.8145385538634464,0.1833909094513125,-13.11379188427385
1,0,1,0
7.328372629073222,4.427653398993254,0.01768054620693965,-14.36158915960563
1,0,1,0
1,0,1,0
1,0,1,0
1,0,1,0
1,0,1,0
1,0,1,0
1,0,1,0
4.097076353689514,1.350444407228572,0.1226002200154299,-9.209738602533735
2.743840996481579,0.7391781158010922,0.1949621421123673,-8.939985013901216
1,0,1,0
1,0,1,0
3.000033392343283,0.8530040370776888,0.1778519485484982,-9.633271092024232
3.363943246260828,1.005694680703172,0.1579682371248799,-8.878869712102521
1,0,1,0
1,0,1,0
1,0,1,0
1,0,1,0
1.038263951005382e-15,0.5164734500022625,0.2361749484982027,-10.67181342044289
1,0,1,0
1,0,1,0
1,0,1,0
1,0,1,0
2.804502661847769e-15,0.6083847628043788,0.2176983122423644,-7.251078026295432
1,0,1,0
3.968870986542212,1.249198397804285,0.1318528171254151,-12.44406066862587
1,0,1,0
1,0,1,0
2.804502661847769e-15,0.6253748817060192,0.2145284653183501,-8.744860100868518
1,0,1,0
4.936130869128893e-15,0.7967187316670561,0.1860381145679547,-10.03011723859361
1,0,1,0
1,0,1,0
1,0,1,0
2.804502661847769e-15,0.7092732807790583,0.1998425853565343,-9.48094012393166
1,0,1,0
1,0,1,0
1,0,1,0
1,0,1,0
1,0,1,0
1,0,1,0
1,0,1,0
1,0,1,0
1,0,1,0
1,0,1,0
1,0,1,0
1,0,1,0
1,0,1,0
1,0,1,0
1,0,1,0
2.804502661847769e-15,0.6372640718976044,0.2123516281364452,-9.533985513750414
1,0,1,0
1,0,1,0
1,0,1,0
3.85351137038999,1.207083630464094,0.1359552357753395,-10.87990197529272
1,0,1,0
1,0,1,0
1.038263951005382e-15,0.3066851040349938,0.2898607488174458,-9.776365822315887
1,0,1,0
1,0,1,0
1,0,1,0
1,0,1,0
1,0,1,0
1,0,1,0
1.038263951005382e-15,0.7093146364816789,0.1998357149708564,-10.16922497752421
4.936130869128893e-15,0.3063989083917065,0.2899492060513025,-8.579788730097508
1,0,1,0
1,0,1,0
1,0,1,0
1,0,1,0
1,0,1,0
3.211128699782516,0.942838313009041,0.1657744838185752,-10.40493048082989
1,0,1,0
1,0,1,0
1,0,1,0
1,0,1,0
6.300018156567491,3.922148823685067,0.02382696622951874,-14.82813554038503
1,0,1,0
1,0,1,0
5.64667360488876e-15,0.6089110858084901,0.2175990502134859,-9.555270664170536
1,0,1,0
8.48884454792928e-15,0.3063948455502477,0.2899504621811695,-10.86342845817063
1,0,1,0
1,0,1,0
1,0,1,0
1,0,1,0
1,0,1,0
1,0,1,0
1,0,1,0
1,0,1,0
1,0,1,0
1,0,1,0
1,0,1,0
4.936130869128893e-15,0.5164943870572642,0.2361704598641038,-11.36467896709107
1,0,1,0
2.733944971154061,0.7337131948761311,0.1958411195096191,-9.184809983520916
1,0,1,0
1,0,1,0
1,0,1,0
1,0,1,0
1.038263951005382e-15,0.7093151065560299,0.1998356368797949,-10.16929813028058
1,0,1,0
1,0,1,0
1,0,1,0
1,0,1,0
2.550126617289892,0.6500012447854182,0.2100561172775121,-9.973153353746474
1,0,1,0
1,0,1,0
1,0,1,0
1,0,1,0
1,0,1,0
1,0,1,0
1,0,1,0
2.449231293967717e-15,0.7092943079944973,0.1998390920813647,-9.767027695899039
1,0,1,0
1,0,1,0
1,0,1,0
1,0,1,0
2.804502661847769e-15,0.7367186314366201,0.1953570246647347,-9.30937429575072
2.804502661847769e-15,0.7092520626485346,0.1998461104383616,-9.256765886606667
1,0,1,0
2.804502661847769e-15,0.69997998560018,0.2013952097523737,-10.89406247244208
1.038263951005382e-15,0.2965925770403004,0.2930132483289495,-10.94359069984399
1,0,1,0
1,0,1,0
1,0,1,0
1,0,1,0
1,0,1,0
1,0,1,0
1,0,1,0
2.554682085009917,0.6521616987276175,0.2096704372901425,-9.732565325754134
1,0,1,0
2.804502661847769e-15,0.6809382740852712,0.2046319100130398,-9.790409802560887
1,0,1,0
1,0,1,0
1,0,1,0
1,0,1,0
1,0,1,0
1,0,1,0
1,0,1,0
1,0,1,0
1,0,1,0
1,0,1,0
1,0,1,0
1,0,1,0
1,0,1,0
1,0,1,0
1,0,1,0
1,0,1,0
1,0,1,0
1,0,1,0
2.804502661847769e-15,0.516472857021558,0.2361750756276139,-10.67103215501439
1,0,1,0
1,0,1,0
1,0,1,0
1,0,1,0
1,0,1,0
1,0,1,0
1.038263951005382e-15,0.3063945966535542,0.2899505391342111,-10.88503014448949
1,0,1,0
1,0,1,0
1.038263951005382e-15,0.5745836217138738,0.2242216172341128,-11.02958713062569
1,0,1,0
1,0,1,0
1,0,1,0
1,0,1,0
1,0,1,0
1,0,1,0
1,0,1,0
1,0,1,0
1,0,1,0
1,0,1,0
1,0,1,0
1,0,1,0
1,0,1,0
1,0,1,0
1,0,1,0