dN/dS,LRT,p-value,Log(L)
1.136491694404363e-13,1.581410690694254,0.1042788059665999,-4.144752448276497
1.591239045290951e-13,1.033996388747168,0.1546109378563764,-4.079530289480654
5.45659152785509e-13,0.9991220042187017,0.15876152524979,-4.295730810973928
1.363865369876603e-13,1.031158353513293,0.1549433795098302,-4.239785533469584
1.960647826210213,0.3649954236485158,0.2728724547382723,-11.9070169597287
1.818612720734261e-13,1.10773755089736,0.1462871420353612,-4.551545489852342
5.037312157740195e-15,0.672135476627286,0.2061540360383559,-10.41278110831038
1.818612720734261e-13,1.23736272685554,0.1329899633662405,-4.196704868511946
4.326198752887978e-13,0.9349852372364307,0.1667854280219611,-4.065839344648362
1.950808993638954,0.3600962083836095,0.274226404361966,-16.93143460608651
5.037312157740195e-15,0.6279694222341341,0.214050561431581,-4.635696491046346
2.586808325673172e-13,1.118214086144203,0.1451516663276365,-4.331517477908982
5.037312157740195e-15,0.6279698683159509,0.2140504794033418,-10.73949730484154
1.861288232187518,0.3157748292858571,0.2870789754307099,-12.45143182345116
3.637602124304271e-13,1.071090578330924,0.1503496199725581,-15.90815970635056
1.820177089977407,0.2954860015937584,0.2933631149743434,-27.1603132188312
1.239682959460932e-14,2.93524226118619,0.04333283026471169,-4.538840537757353
1.993587528603044,1.524347357970356,0.1084813960187957,-37.34058739395415
1.496512224815437,0.4267627087772325,0.2567908640983128,-29.94025760063234
3.983366994983559e-14,4.11531883671919,0.02124825706250261,-18.60401515718091
6.817443435182298e-14,4.459674853046323,0.01735205138154966,-12.04843074978825
0.9320036851160933,0.01011616310046293,0.4599422788948143,-31.83591401382933
0.4214287471802974,1.014851627898757,0.15687166906797,-11.47824332503262
3.975272492142624e-14,4.321604632476427,0.01881571009877947,-4.456036989933676
2.104731675274076,2.18324633915789,0.06975994856758305,-44.29009899363967
0.5101199541923955,0.572807694661595,0.2245726827532279,-11.06386561204153
3.975272492142624e-14,4.317688194097448,0.01885906598626735,-4.970426022664832
1.029371749135536,0.001654193072283761,0.4837787826558054,-31.14350245532293
3.975272492142624e-14,2.454491234942502,0.05859456694012166,-27.02092062243165
1.591239045290951e-13,4.358526081270037,0.01841207637656295,-4.926787621940209
0.4970774763391613,0.6240807287518919,0.2147674457994261,-21.06721712588234
6.817443435182298e-14,4.722602461555409,0.01488432834389819,-5.576157611257224
3.182854773427423e-13,4.542532311115689,0.01653132308846905,-11.91216190130072
3.182854773427423e-13,4.542578932513829,0.01653087288191141,-4.844616731583963
3.975272492142624e-14,4.317688194133158,0.01885906598587156,-10.97115745194831
0.4726356152118171,0.7308566219842092,0.1963028324381633,-18.2041252665239
3.983366994983559e-14,4.115316108200409,0.02124829133734851,-5.154636359643211
3.975272492142624e-14,4.321240159717139,0.01881974048658641,-9.523519848401428
6.817443435182298e-14,4.462963472505066,0.01731867809507404,-11.53409904721769
0.5134946072670341,0.5602505023344833,0.2270796645150377,-24.33348936264813
0.3949984602924379,1.198515290936029,0.1368093129472541,-25.81954191488017
1.818612720734261e-13,4.229713225977196,0.01986107578173713,-11.82605918345542
0.4960926548936196,0.6274744189707739,0.2141416148834498,-11.1978927693224
8.569789576427781e-15,3.894336635020656,0.02422458449299048,-4.714611343786475
0.4982650116687422,0.6189325732655391,0.2157221125947041,-19.47963284529991
0.5133948632046791,0.5606163275955467,0.2270060107097601,-27.3338597338904
0.9266448957324923,0.01186497695533717,0.4566304037889158,-17.77800598032378
1.818612720734261e-13,4.744320154959915,0.01469758307418678,-15.14026074566688
1.239682959460932e-14,2.93524226118619,0.04333283026471169,-4.538840537757353
0.4975567171954697,0.6218920628345401,0.2151725257472268,-10.56192160679657
1.985752832009056e-14,4.453533499805093,0.01741455470188041,-4.354630200779106
0.9470359340700696,0.006012740772419534,0.4690962441723974,-23.54680353765783
8.569789576427781e-15,3.894336806441826,0.0242245820207922,-5.03421802545758
3.975272492142624e-14,4.320960423826708,0.01882283445646804,-8.940502894567951
3.975272492142624e-14,4.317688343164484,0.01885906433406992,-28.39060759781161
8.569789576427781e-15,3.89433680637352,0.0242245820217773,-12.75407773432624
1.985752832009056e-14,4.453110006850991,0.01741887344817072,-22.12286978657655
3.975272492142624e-14,2.450380011196508,0.05874820999127306,-17.12154871989213
0.4729351791428846,0.7294527760252336,0.1965303113222981,-17.21502926877422
1.239682959460932e-14,2.934615854152195,0.0433496425266684,-15.61299988348882
2.111438287380776,2.200046871245789,0.06900327063387551,-47.08498095420714
3.798648621056759e-14,3.740764364684605,0.02655007447636859,-12.27164311326702
1.898361284145381,1.00221882177167,0.1583871064892322,-30.85588891928235
8.569789576427781e-15,3.894336637020537,0.02422458446414866,-12.82787403700947
1.275784929634522,0.1637400934225184,0.3428680945146324,-23.94846170046383
1.810036173247272,1.161456463187321,0.140581843772534,-49.65805916969114
3.975272492142624e-14,5.0702450055932,0.01216997160691813,-19.41055098359757
0.4595330027349007,0.7951566445957425,0.1862727049440551,-13.72540123132988
2.572872653833961,3.984353326535199,0.02296236300310933,-47.60298800291741
0.8320539090553357,0.07171742952388627,0.3944262117309438,-27.73140472073247
3.983366994983559e-14,4.115318837801922,0.02124825704890165,-16.62435973335771
0.440551058467725,0.898035331882717,0.1716545288493794,-20.36171560855723
1.239682959460932e-14,2.935318558141196,0.04333078299795029,-5.21151657805077
3.975272492142624e-14,4.019168792695378,0.02249293976387851,-11.37394689959167
0.4993870619939251,0.6147792726862917,0.216496991695581,-18.47789846320862
1.818612720734261e-13,4.744950895214084,0.01469219610266115,-4.660406394605189
6.817443435182298e-14,4.459920915461652,0.01734955198619154,-24.18569765955581
1.985752832009056e-14,4.453484302826819,0.01741505635112911,-11.53785142400256
3.975272492142624e-14,4.32155265506189,0.01881628481658687,-11.47090681337447
1.591239045290951e-13,4.358526081270037,0.01841207637656295,-4.926787621940209
8.569789576427781e-15,3.894336635026924,0.0242245844929001,-11.34145106648977
3.975272492142624e-14,2.44766320906548,0.05884998556572724,-5.880703043071861
3.975272492142624e-14,5.079964432306761,0.01210193324110215,-4.014037690547362
1.818612720734261e-13,4.744950895214084,0.01469219610266115,-4.660406394605189
0.4644780811699897,0.7703081024836997,0.1900608776425869,-13.97211021288703
3.975272492142624e-14,2.44766320906548,0.05884998556572724,-5.880703043071861
3.975272492142624e-14,2.618675097718729,0.05280629482081106,-10.03488066231987
6.817443435182298e-14,4.4588506630156,0.01736042588943348,-4.903447996725817
1.818612720734261e-13,4.74495619010793,0.01469215088919779,-4.71185166881224
3.983366994983559e-14,4.115318837810388,0.02124825704879529,-10.75423537666247
1.239682959460932e-14,2.935146559358696,0.04333539836806266,-10.76327207278928
1.591239045290951e-13,4.35852392474149,0.01841209968557317,-4.875342347733156
1.818612720734261e-13,4.744860193143577,0.01469297063639563,-11.1480376520217
0.4235086703679666,1.001471652892551,0.1584773364173953,-12.65095661311447
0.9641313752590651,0.002693957424156679,0.4793028536995086,-20.02179143644364
1.239682959460932e-14,2.93524226118619,0.04333283026471169,-4.538840537757353
0.4628795428290137,0.777811990602423,0.1889055736363032,-16.84385692112664
9.909930019496365e-15,4.03027635550723,0.02234530983537464,-4.771491562194097
9.909930019496365e-15,4.03020767551828,0.02234621951567434,-4.09881552190068
8.48884454792928e-15,2.715937305740395,0.04967529885013011,-4.311489214249659
1.818612720734261e-13,4.74495619010793,0.01469215088919779,-4.71185166881224
3.975272492142624e-14,4.027343358734569,0.02238419271227116,-5.410471028577765
3.264729756382731e-14,4.176469740856209,0.02049449831614586,-4.878548135830917
0.4743588970456425,0.7227727283622798,0.1976179537113179,-13.07180611292109
1.985752832009056e-14,4.453017994031494,0.01741981193542541,-15.40803075881018
1.740098313065348e-14,4.520234775569937,0.01674811728885173,-5.458712979329591
1.818612720734261e-13,4.822484047035022,0.01404541722671215,-9.59927608676287
0.4964889207849819,0.625867805880187,0.214437546774051,-10.69979624934415
3.975272492142624e-14,4.317688343164741,0.01885906433406703,-5.341480624905995
2.745353530239141,3.720892755402915,0.02686781635868429,-35.20116594462962
1.818612720734261e-13,4.822939974793179,0.01404170279965511,-4.756845067868806
0.9270780928034882,0.01171794253995273,0.4568989116016819,-19.363113120097
1.591239045290951e-13,4.358267659487453,0.01841486976895584,-28.96581587956221
9.56477678017127e-15,3.644350641658678,0.02812986934141831,-4.625979544004957
3.983366994983559e-14,4.115318837654691,0.02124825705075117,-21.20271107105698
9.56477678017127e-15,3.644350641609746,0.02812986934224493,-4.574534269797908
1.818612720734261e-13,4.744769438690021,0.01469374566001241,-10.4546773927005
1.818612720734261e-13,4.229713225682353,0.01986107578518731,-23.21577113449531
3.983366994983559e-14,4.115317269771143,0.02124827674603336,-5.827345974174609
1.818612720734261e-13,4.744950895214084,0.01469219610266115,-4.660406394605189
0.5492062074729331,0.4416669536250346,0.2531594916595915,-14.2068953172135
2.262020639728199,2.570577963762148,0.05443397488597601,-47.1210877819113
3.17603086687411e-16,9.481073808179477,0.001038012098006802,-13.13985625003052
0.01368569431828952,4.233465951251159,0.01981721289879745,-9.548393766984461
0.4251474602391109,0.9906056425586058,0.1597971976307816,-23.24806178450596
0.04087734613374037,3.166850913578468,0.03757360475687255,-15.67368858804936
0.003264824743208076,4.566541260340689,0.01630116292924083,-9.05639393530652
1.856427871242917,1.25272507971215,0.1315163197272446,-38.72365663768927
0.01432801136524157,4.415941785983222,0.01780230972941421,-9.369330670606132
0.04095435733200092,3.144512765437966,0.03809137536667351,-15.07357956619687
0.01428099770116905,3.872663140792383,0.02453929389112391,-38.84688464780031
0.03756709562951306,4.613079738306567,0.01586450068296935,-24.62374771411562
0.03374690516214769,3.857879207071466,0.02475643838477454,-9.421865219106946
0.0427727064160214,2.440804334030947,0.05910779776540614,-10.10147133131116
0.03037680801043246,4.098498977798933,0.021460651469625,-21.16639932325411
0.01681779294976205,4.419662200038957,0.01776353446125678,-15.2209379163408
0.007585548839475357,4.644716569438362,0.01557464028157662,-8.480096634138942
0.002486484261077933,6.291369119838913,0.006066364785915435,-7.800365819958265
0.4033082253861583,1.139472338458987,0.1428819263588568,-16.60497546345206
0.01736571340396995,4.273548801402519,0.01935500265119661,-9.276612757990113
0.4486868809883334,0.8517352141634618,0.1780309586103745,-19.89436409937963
0.03114038401135742,2.727441722832495,0.04931858554279567,-8.882002665682036
0.5025965516077187,0.6015880020649149,0.2189863860278061,-33.02615817698332
0.02815201426692635,4.423280155204914,0.01772591178550703,-9.101872502992961
0.01684354573604029,4.330962703878797,0.01871253639785342,-16.92977510936179
0.03571708023662119,3.855877386878756,0.02478599649869806,-9.318349093136977
0.01526530940222757,3.145533090919542,0.03806755909078491,-19.95015492122968
0.028259037614578,4.276968880303048,0.01931609147011892,-8.589775823053561
0.006660453410854143,5.288930050921202,0.01073070091857536,-13.56028153765066
0.03374692550632098,3.85787920313787,0.02475643844281994,-21.97055452298831
0.002162752098276119,7.408203799036492,0.003246355729042694,-20.17536186845695
0.03955199210841651,3.701479847703709,0.02718211565632317,-23.09578763697703
4.157381659552084,11.89595631195107,0.0002812796901143222,-82.10356298537668
0.01821519565604338,4.452382839865468,0.01742629164999365,-15.70315493009723
0.007373300339858329,4.584990379867856,0.01612657615929874,-7.614901171070302
0.8474751136439663,0.05770788075316347,0.405078053968605,-23.08567014545798
3.22741125724348,6.703628178001594,0.004810846330266072,-50.02400682899691
0.03998622410880395,3.68913201684007,0.0273840551530084,-16.3752040063918
3.238764662953116,6.729864974137527,0.004740588836927684,-55.35635116637965
0.002162750611644635,7.408288161261545,0.003246203502556111,-13.66408011777065
0.03787187025198482,4.125589593791776,0.02111964979532532,-13.66756102446816
0.8090928457475327,0.09611204529860373,0.3782730914416318,-21.48912731566864
0.03236841760500472,2.640451469562713,0.05208696829419185,-21.41799962262209
0.006373935728203389,4.707621218247194,0.01501458801716754,-8.164441155803132
0.01699121919542955,2.770775561781257,0.04799981883672771,-23.09779406532126
0.02943741471662856,3.886652622399541,0.02433566964468492,-9.423970979738149
0.4313044014841383,0.951973375005025,0.1646087499598781,-69.2523012194971
1.587871894163731,0.3671457228648336,0.2722821096617228,-20.89108999856504
0.4802610897608077,0.6950443241006141,0.2022269501830142,-21.69947354699589
0.941754100684531,0.007326554678755315,0.4658940690385287,-24.44166340208177
0.007373300339858329,4.584990379867856,0.01612657615929874,-7.614901171070302
0.008759298749935033,4.078572473317823,0.02171516802557655,-13.31661958604415
0.02687139081280803,4.043785997708287,0.02216712773643104,-9.544397712591957
0.02799125750176526,4.286942304305907,0.01920308868058634,-8.749085481133061
0.01423720049259119,2.849491375306428,0.04570142480161171,-22.07843701738678
1.366177066092672,0.2627545481259688,0.3041170138354412,-28.66472399790261
0.4621257826512814,0.7818251531775005,0.1882917618767104,-16.7996139463047
0.9996719531993563,2.149081694824417e-07,0.4998150575899687,-47.51478414549494
0.01553389452570741,6.229557775631328,0.006281755402879841,-8.188927437981365
0.002877652797815711,6.437073554087743,0.00558813080835463,-8.07073440380892
0.002213244801895276,6.89768463240843,0.004315372791060923,-7.193761348242503
0.9010339106140172,0.02240493702045399,0.4405074441910605,-31.11408854987649
2.429315238539867,2.973722412305435,0.04231345993726948,-45.35047488268513
0.479811638445201,0.6979992410148625,0.2017283980180249,-14.07548411205795
0.8498481371535602,0.05575127495569632,0.4066709107655306,-21.41634128340305
9.909930019496365e-15,4.03020767551828,0.02234621951567434,-4.09881552190068
3.975272492142624e-14,2.611969410283152,0.05302998721012081,-16.95688417006971
9.56477678017127e-15,3.644350641658678,0.02812986934141831,-4.625979544004957
3.975272492142624e-14,4.019203491411146,0.02249247698958146,-4.864024930698115
8.48884454792928e-15,2.715937305740395,0.04967529885013011,-4.311489214249659
6.817443435182298e-14,4.720407587080459,0.01490333859155868,-30.78979476331845
0.9478174698292124,0.005830175732576492,0.469568101251588,-30.59611913516933
1.781502128968551,1.105266532659371,0.1465566094098391,-53.91025651403838
3.182854773427423e-13,4.542036217956483,0.01653611447998821,-15.72286051304107
3.983366994983559e-14,4.115317274256014,0.02124827668969576,-23.92176423076024
2.146685313772663,2.287259549764613,0.06522002693800283,-47.87776842080599
8.569789576427781e-15,3.89433670794282,0.02422458344132311,-11.49676405784808
3.433314101837793,8.348270795643387,0.001930272825302726,-56.82822051057433
1.44759210604946,0.3643023565900521,0.2730632358793888,-27.54787750889968
1.277948735883202,0.1658926374626404,0.3418941255447898,-30.35744899005974
1.239682959460932e-14,2.935156493084573,0.04333513179459431,-11.16569683229886
0.4979212407812645,0.6203361549795758,0.2154611980804672,-19.67092370684633
4.293207444295149,13.71534663515412,0.0001063546151570671,-62.11198089476554
3.975272492142624e-14,2.447339904799129,0.05886211000906338,-16.62664684558284
0.5499461940121627,0.4394686257796323,0.2536895193253384,-13.3799565881686
0.9359348457780994,0.00893700307694445,0.4623418030045866,-19.91131011453086
1.239682959460932e-14,2.93524226118619,0.04333283026471169,-4.538840537757353
0.4643736887919549,0.7708231867016764,0.1899812567028457,-37.97432953762577
1.246163434082626,0.08978425881178254,0.3822258026051658,-19.11646852594097
6.817443435182298e-14,4.4588506630156,0.01736042588943348,-4.903447996725817
0.4633951017524042,0.7752820584266544,0.189293974576328,-18.56365329156134
0.4976697139232983,0.6203629222452918,0.2154562269099778,-20.04634757120212
0.4958536319475617,0.6280917014643848,0.2140280777578639,-26.13970100172799
0.02870667675025972,4.19190867061204,0.02030867156209487,-14.27291770335313
0.005110003126717967,5.320907518305525,0.01053551739649022,-15.451178674482
0.03542292763463479,3.862414089726784,0.02468961565893379,-16.27126340944878
0.4816568688732525,0.688793518333334,0.2032875266379391,-16.41665132682668
0.4482034991618969,0.8543833611097646,0.1776576282504298,-15.51656514480006
0.4032912503718875,1.139609279458931,0.1428674519618166,-16.52904949958806
0.01057503431755467,3.400113245623089,0.0325959716115205,-15.19751562433324
0.03460142062980654,2.918408069430356,0.04378711123779772,-8.847544668904037
0.003104298319115679,5.531369172145766,0.009339241689241218,-20.02225517864448
0.02859277356233152,4.212805661100067,0.02005996323754222,-14.43863874766645
0.4815780910014115,0.6893879006598382,0.2031863282416242,-21.67944079057428
4.004733053112191e-17,10.4075839661684,0.0006274941526584477,-12.13997931735889
0.9014394342296469,0.02220774714327689,0.4407678842730955,-27.68204089776422
0.9655424379451284,0.002476999714978945,0.4801530496849922,-31.91629368294446
2.106151885332919,1.74982194176512,0.09294955919842723,-41.32723671988401
0.03560384301352981,4.257591493652225,0.01953764279489573,-9.04770853518904
4.004733053112191e-17,10.40758388303272,0.0006274941809081835,-20.13478920115871
0.002956471781496089,5.865505905306762,0.007720210250450166,-45.31140753251126
0.4225809467351647,1.006800325304766,0.1578353021138372,-27.82893895858454
1.639969393449033,0.8312135633071591,0.1809609245891711,-37.592132577287
0.9617992359584238,0.003061473814796045,0.4779375474470401,-31.7283048994139
0.4798305744952079,0.697573868002749,0.2018000562827907,-24.88989534852224
0.03674022134081105,4.729169047806838,0.01482760453764043,-9.038860449234239
0.003284727358989342,5.307370061006765,0.01061769460346568,-28.57184290592007
0.02779520887125454,4.762771226543371,0.01454084450112747,-9.09307059255509
0.03460721765012068,3.936514353987043,0.02362429109509306,-31.00618366659691
0.0110736237658503,4.01882975336164,0.02249746203493475,-8.354992200468063
0.01366725871051218,2.927805292508566,0.04353288900061258,-8.307730807926815
0.01622161657802994,3.971005179607964,0.02314506591008297,-8.972867848124292
0.3868256507706812,1.266657819716137,0.130197304156734,-16.07781194855095
0.03428821358143957,4.140188480695176,0.02093825321723891,-15.57601530539798
0.03877514684830204,3.911850484300892,0.02397338800018423,-8.842564971219508
0.4774011748481022,0.7088725513532026,0.1999091759116671,-24.19876316193425
0.03733542205307341,4.380282794724074,0.0181784824327107,-21.90851091965922
0.03775001569213976,4.596058414247526,0.01602277538649938,-14.56269755597686
0.964686925688355,0.002607798470251055,0.4796362220408498,-24.1654307910458
0.01699119132240372,2.770830234747997,0.04799817946406115,-16.18753153138892
0.4806358805283903,0.693284639117941,0.2025246976279396,-24.07574504225118
1.372434465528438,0.2700787354658019,0.3016394804047603,-30.92079448843519
0.4034975097997782,1.138166276637961,0.1430200681116419,-19.16987271780011
0.9985722232331898,4.069084752700292e-06,0.4991952552741724,-24.22583273446905
0.03681271398741473,4.629689998421284,0.01571162041872087,-14.82993573107474
0.0153887651911099,2.604959868027521,0.05326492714422287,-16.43730308994163
0.003103316313779574,5.651943315925774,0.008718019585725933,-8.180333410009329
0.02840402951561741,4.301028250906519,0.01904466859694431,-15.85811415382065
0.0264448313751424,4.096810285506276,0.02148209856778727,-9.748398675364681
0.03384632215586311,4.152276524480286,0.02078929398828672,-24.91999583530446
0.02780485558022402,4.670051534326774,0.01534650323952708,-21.74913260306386
0.00830593552499609,4.173328274952478,0.02053252791166638,-9.050515888703931
0.02530806489911748,4.161725151333009,0.02067363533852573,-9.174431887405714
0.02936450826894408,3.992969776133336,0.02284523289468021,-13.4896809299693
0.02731168054649445,5.030239159131579,0.01245422932196866,-8.154703473521188
0.727220868470693,0.1119715439235591,0.3689553146328932,-30.29096341033131
0.01084453847488056,4.969244807000539,0.01290095539623093,-9.420533925080759
0.009049732329495163,5.342536279881845,0.01040558650669759,-14.88818046938521
0.005106085267529339,4.818260059776655,0.01407987855575377,-8.577033957160122
0.03289271634426749,4.962043826981155,0.01295478339904632,-8.040695479756266
0.012858807967308,6.237876962999238,0.006252314350358612,-8.511330752898248
0.4482365134100734,0.8540750741000238,0.1777010347305666,-26.92048164655182
0.03125187767684377,3.131389126918823,0.03839913763731839,-9.263357176404426
0.004971139308565856,6.142948097029965,0.006596858352903689,-8.033392893252223
0.4485654536285794,0.8528354170958714,0.1778757238407495,-15.94387582798268
0.9516536247954062,0.004978015390562973,0.4718759421837031,-38.56501576612707
0.02937288415568875,3.986689489022076,0.0229305433378032,-14.91275197711898
0.007159480338009784,5.022149379953422,0.01251254338914337,-9.478727116434522
1.446602660898231,0.3610202986776514,0.2739700665678962,-30.67525862175743
0.01592517758186134,4.475407075289777,0.01719300511960686,-8.800955956381546
0.902422506961352,0.02173568858842145,0.4413962018304803,-32.1024653616577
0.02724005684836672,3.730398539089752,0.0267153218279283,-15.26835668531919
0.03858166952002828,4.321490274056384,0.01881697459189041,-8.824191489363676
0.01047813018526405,4.764529069452866,0.01452600303731155,-8.691483614394896
0.02937314859342168,3.986740471787268,0.02292984944608417,-8.864313192531327
0.02814518892212931,3.882427066119931,0.02439698612240521,-27.90988387956381
0.01664943674490593,4.220324938164659,0.01997125547163281,-9.199843708256834
0.01485112867716027,4.947159687135585,0.01306678464744737,-9.050415159655278
0.01571397722069337,4.127697087179229,0.0210933617290614,-9.044908050686336
0.00360742629644669,5.990491544441348,0.007191596921160892,-9.099213153456693
0.02934890256377788,3.996959611210748,0.02279120934678769,-13.71036502988032
0.03852712727949931,4.05384834304806,0.02203538505586117,-15.28097900369275
0.003257803277397128,6.242299357116924,0.006236721541777013,-12.94076071896083
0.03684035621938423,2.930530260213075,0.04345946996542399,-14.80412979997218
0.002213244801895276,6.897680287670589,0.004315383278738649,-7.172506086730678
0.01683130107092307,4.331193615473495,0.01870999807927903,-9.217661457430944
0.4494781144844545,0.8475838821453223,0.178618372791553,-14.39364116585725
0.002956257749566906,5.897589637639808,0.007580809884720208,-12.92235357288441
9.555848176237971e-17,9.768807051755864,0.0008874879306099426,-11.87276869470996
0.03481268454710438,3.816628232472258,0.02537313028821214,-14.24842144641307
0.03645207346923495,3.635306458628424,0.02828309478215119,-12.96469619930678
0.03681332894716006,4.62935217596333,0.01571471436539468,-15.93119271234878
0.8973752964620019,0.02423329511815098,0.4381463875884968,-26.30215421468724
0.03492458507852387,4.293362391371879,0.01913071341194539,-15.37288198178733
0.03852536003069671,4.053893802031727,0.02203479175099926,-9.363507662551122
0.4469596568838174,0.8611492266441587,0.17670864424126,-20.69786919386384
0.006585022544678955,3.98366320532531,0.02297177168814801,-8.460832833987638
0.03558403706063597,4.156192510021615,0.02074127696914263,-14.97338174318867
0.02909819968479555,4.006438737855433,0.02266339814223695,-19.74785638544686
0.005301350580815931,3.855622845386815,0.02478975763191599,-13.55617159986327
1.8292370059332,1.19882215068769,0.1367786098060773,-31.44922327681389
0.7799440602410841,0.06700839571100659,0.3978717083356604,-24.50784898702182
0.4857660839035284,0.6708512423391895,0.2063774913173635,-15.30850383501457
0.4540845978295072,0.823285280735945,0.1821106873628027,-25.5722157048557
0.4979184741424485,0.6201531168325118,0.215495196267811,-14.28167874982946
0.02768799056746695,4.673434625151607,0.01531630384659721,-26.33900033652094
0.0321264600220622,6.055491638180065,0.00693155763860076,-8.405856782933499
0.03831459910284083,2.593115847181707,0.05366450410140644,-16.29552426725774
0.006071377024097911,5.280873029496849,0.01078046715362896,-8.432879581784444
0.4558093696186449,0.8140302770317618,0.1834656872571805,-21.32398965773616
0.002877652797815711,6.437073554087743,0.00558813080835463,-8.07073440380892
0.03790090703912437,4.369076490930606,0.01829841044525682,-14.98406013723434
0.482716214180534,0.6841376473676632,0.2040827855093242,-25.16521217342976
0.01103779630405707,3.256403081041135,0.03557251252671145,-14.81902557158179
0.03606528730356468,3.833179685216351,0.02512376228881297,-15.60228000523682
0.003223523877630441,5.25935026017849,0.01091458334976886,-13.6744387229965
6.817443435182298e-14,1.229961371012479,0.1337072753400276,-4.523640844961313
3.975272492142624e-14,1.323031144812438,0.12502438937235,-3.830619796873217
3.637602124304271e-13,1.087726249627286,0.1484877740516204,-4.337564371130679
6.817443435182298e-14,1.229961331262921,0.133707279205334,-16.97309198555249
1.818612720734261e-13,1.124504636333612,0.1444752764036909,-4.316055585815976
1.363865369876603e-13,1.046703683791925,0.1531337407094246,-10.15993541214645
1.818612720734261e-13,1.124504652240145,0.1444752746984257,-8.975963439971569
6.817443435182298e-14,1.229961370639044,0.1337072753763409,-4.488425024212261
3.637602124304271e-13,1.039378657291502,0.1539830119351357,-4.364055083535075
3.975272492142624e-14,1.264209178378215,0.1304279259322835,-3.827749815823001
2.614420584820667e-13,1.108318554590514,0.1462238748726233,-3.876301805635722
3.182854773427423e-13,1.075483315512728,0.1498550855295074,-3.855137449185184
6.817443435182298e-14,1.17528410262576,0.1391590769515152,-4.476924594309926
1.273254914202528e-12,0.6759062685649155,0.2054999801283572,-4.311489214250039
2.614420584820667e-13,1.108336084360495,0.1462219665489015,-4.328183169980591
6.817443435182298e-14,0.9917767794791867,0.1596542507700093,-4.215439559201046
1.136491694404363e-13,1.371053315026174,0.1208154960539983,-4.144752448276487
1.818612720734261e-13,0.9408243976284254,0.1660329589444687,-10.36429633234149
1.818612720734261e-13,1.055237455965443,0.1521519648962276,-10.01994582685938
6.817443435182298e-14,1.050451429665415,0.1527015707647816,-4.450668400490458
1.273254914202528e-12,0.6041393016663701,0.2185015195349124,-4.311489214249993
4.326198752887978e-13,0.7964450870915556,0.1860791799750944,-10.35999700308841
6.817443435182298e-14,1.032111237742161,0.1548316570234566,-10.79920627534498
3.637602124304271e-13,0.9127304989262868,0.1696954867990935,-11.35728914404952
3.975272492142624e-14,1.003384960152726,0.1582464152806313,-10.07219563102048
3.182854773427423e-13,0.9927805624179413,0.1595318645550134,-4.27298082769266
1.346650905073217e-14,0.6415006377028369,0.2115839582229534,-4.041196572364216
3.182854773427423e-13,0.9444514538365407,0.1655678324661078,-3.832955811836002
1.363865369876603e-13,0.8175468540372801,0.1829491928724311,-4.427916741323598
5.45659152785509e-13,0.9733090601614869,0.1619281465958646,-4.299964423876673
6.817443435182298e-14,0.9768361063359023,0.1614905854299476,-10.32246342273333
1.988726450231215,0.3793822922152117,0.2689670043182347,-10.21016756397206
6.817443435182298e-14,0.9749312647935184,0.1617267036752793,-10.29642602191188
1.346650905073217e-14,0.6415006377028369,0.2115839582229534,-4.041196572364216
1.818612720734261e-13,0.9436289665950373,0.1656731542693989,-4.278981117006016
1.818612720734261e-13,0.9436289665950373,0.1656731542693989,-4.278981117006016
1.818612720734261e-13,1.036990516233473,0.1542612163295333,-4.088770490714121
5.037312157740195e-15,0.8801894330843112,0.1740749002656741,-4.668524194021265
1.591239045290951e-13,0.8807595306200566,0.173996867274785,-3.601171556507549
1.818612720734261e-13,1.054038005585049,0.1522894637466773,-4.168060412369385
5.45659152785509e-13,0.8510899565524603,0.1781220885942691,-4.25797418725209
1.346650905073217e-14,0.6415006377028369,0.2115839582229534,-4.041196572364216
1.818612720734261e-13,0.9436289665950373,0.1656731542693989,-4.278981117006016
1.818612720734261e-13,0.9436289665950373,0.1656731542693989,-4.278981117006016
1.363865369876603e-13,0.8780025805948704,0.1743746703487508,-11.69924304883139
2.146787748153775,0.4558650203517089,0.2497814143615709,-14.30417803089262
1.346650905073217e-14,0.6415006377028369,0.2115839582229534,-4.041196572364216
1.363865369876603e-13,0.8783825491529846,0.1743225345819773,-4.20523769091565
3.182854773427423e-13,0.9444514538365407,0.1655678324661078,-3.832955811836002
6.817443435182298e-14,1.032110210956988,0.1548317773541771,-4.65498938445175
1.591239045290951e-13,0.8800323855551611,0.1740964047395206,-8.130734707578007
5.037312157740195e-15,0.5356923031813565,0.2321117396109506,-9.264633796786839
3.182854773427423e-13,0.9441390816404152,0.1656078220997292,-9.084153457885723
3.975272492142624e-14,1.003384755043481,0.1582464400120643,-10.07186376434597
5.037312157740195e-15,0.5701865439657539,0.2250923991756215,-8.736377961529914
1.363865369876603e-13,0.8783825491529846,0.1743225345819773,-4.20523769091565
6.817443435182298e-14,1.026934037294424,0.1554399317886095,-11.45432081760474
1.591239045290951e-13,0.8807595306200566,0.173996867274785,-3.601171556507549
5.45659152785509e-13,0.8510899354275487,0.1781220915787955,-11.78265256930044
0.01786706789518435,1.101166542214958,0.1470051197986764,-7.756592915976546
0.05027257051959532,0.9497185933730705,0.1648954686710232,-15.11268149095314
0.05000029443480385,0.9860462605268303,0.1603553133744216,-8.067863351027098
0.003369376544313607,2.57496102634472,0.05428338781039116,-11.36123500730475
0.04646645864371518,0.7273923734587981,0.1968648649027381,-9.017504064260409
9.555848176237971e-17,6.660964572114631,0.004927377952705148,-5.132653808712532
0.0199837700363942,1.128898427165169,0.1440052142069899,-8.044084569293116
0.05140452313938921,0.9209887173751117,0.1686077506421335,-7.658033730239397
0.008510707227028897,1.662345472372067,0.0986434701503911,-7.614635275853047
0.01774731360162199,1.06808123071978,0.1506896264475572,-8.361271115953915
0.05095323197782044,0.7882554758091445,0.1873140765671947,-8.392025932483579
0.002304344395729714,3.527108677565085,0.0301864912559045,-6.512686917646505
0.04114434343328958,1.005986619433017,0.1579331222057163,-7.937701441958502
0.01665067237366168,1.167992347991646,0.1399070716488022,-7.996699785321679
0.002403520991952611,2.812032594449349,0.04677988242742248,-7.837013292260545
0.04823824127538632,1.010907505213822,0.15734276352308,-8.432997509116072
0.04644504932487705,0.9382226513188776,0.1663676749242865,-14.03719099595808
3.17603086687411e-16,7.4939569454964,0.003095318865406482,-10.73004763715592
0.008664624503864057,1.637104344144529,0.1003616135532578,-7.755619569993645
0.05069080863270217,0.9406907011313379,0.166050137171454,-15.36725918102472
0.04998164682465574,1.037245773537229,0.1542314492115108,-8.629743967240174
0.04177565882351778,0.9514429125075807,0.1646761440902209,-7.483991272784376
0.006585792179448638,1.226325726457077,0.1340613943281846,-13.93375191216579
0.04577706478614574,1.003747307330368,0.1582027324934343,-14.59120599040221
0.008374409339687984,1.649234874917042,0.099531550381598,-7.725288030071352
0.04908154979521013,1.098236489878712,0.1473267235394943,-15.71539839004613
0.04110998828445984,0.9388985432375065,0.1662806346332683,-18.97839050611256
0.02045489539692935,1.01528358035085,0.1568201877797842,-13.94731162685835
1.625597341098584,0.2006340534293081,0.3271047712206212,-14.71589068824617
0.04027704842748542,1.105056244573287,0.1465795708509284,-8.152449390139964
0.04822398792109406,0.6750503612627092,0.2056481714866053,-8.433629739914245
0.04741646119618483,0.7424657288414771,0.1944360801949999,-8.525153925799598
2.139446028552145,0.4524707730504822,0.2505819765412827,-12.03387508159916
0.007701114867832159,1.513384572870994,0.1093116780871402,-7.515395245553636
0.04100787873389142,1.028649406400937,0.1552380472605214,-20.61096376751324
1.834491456610003,0.30186479777824,0.2913578575293413,-12.35895649899329
0.003639924230511089,2.769861196353798,0.04802724518842111,-15.34142243072008
0.04488697610989196,0.9195093907103242,0.1688019116372346,-8.970247001715464
0.04520712375018184,0.9621833778887527,0.1633186948730811,-15.95909170358376
1.869393080856821,0.318761886093732,0.2861763288917152,-15.69870263935147
0.05447650630727517,0.6187444022381641,0.215757128479103,-8.905736679960397
0.01665065608659936,1.168009950295627,0.139905259892733,-8.409487022145482
0.05069230982961909,0.9603453782336118,0.1635499376949559,-8.155896788052589
0.04803559489597571,0.6822458547229608,0.2044072216746377,-8.424363639564369
0.009252496345221448,1.302273130776459,0.1268992136544099,-8.17418938956091
0.04199890423011392,0.9355498614697897,0.1667124686826472,-7.744222972842016
1.971598927485501,0.3691520881311448,0.2717334079496924,-16.42627976032081
0.00866436967753921,1.637130045948227,0.1003598462612829,-7.33332937536527
0.01768170584428596,0.7119290631434509,0.199402076321459,-8.646417922780593
0.04191356863791183,0.9477276234395653,0.1651491932510532,-8.717580065822945
0.01105121395261292,1.434291138334267,0.1155326986015451,-7.777744954453723
0.04500232373914769,0.7916451434866119,0.1868015667265457,-8.351757313855238
0.04018057799227352,1.040724470735292,0.1538265195478256,-7.955948581178721
0.0173127829651038,1.502897838354293,0.1101130100250282,-8.301991331420417
0.002224181147793474,3.52803986959481,0.03016954092334889,-6.601223124015346
0.04917165782450066,0.590218951089529,0.2211672321128733,-9.343070522041181
0.0408685909930763,0.9999443502644496,0.1586619869500214,-18.18632476433557
0.006789707291897414,1.709660157257566,0.09551473467950322,-7.734249174474543
0.006790531761262346,1.67900539809888,0.09752833210088785,-7.364753713444944
0.01583401578837122,1.022808014481164,0.1559269325262425,-8.237594418032639
0.007706951518988256,1.459094826255605,0.1135370991675533,-13.04158591713622
0.0172585374216735,1.0654597875855,0.1509866144527502,-13.92151591113918
0.04737352402563036,0.7155920781600749,0.1987968024282453,-8.33462837567286
0.00514275196959612,2.170066525956361,0.07036007319519028,-8.666162996671392
0.003262374132581731,1.950786905224664,0.08125103974855086,-13.81865195383434
0.0510904824931273,0.9851110422893452,0.1604701106900731,-7.862897572497199
0.05007563284353816,1.007418838385568,0.1577610002790445,-8.312580664448788
0.04506796684783299,0.9805224969192743,0.161034922093307,-8.463039610475912
1.807898885068103,0.2886421140857216,0.2955460061557311,-12.18740526320275
0.04039985149880912,1.101200286852773,0.1470014212097057,-8.362806755965853
0.0384374837596596,1.402956036798457,0.1181146301043772,-8.049441145777282
0.007414527831281204,1.358584038370086,0.1218915154734995,-8.671867902448639
0.008375548687356103,1.624751560529329,0.1012152605688207,-7.299909941266526
0.006842236841407674,1.861115235946633,0.08624807064225093,-7.964917675760542
0.04096522251600503,1.024041020121388,0.1557811909525273,-14.75561219581069
0.05000029443480385,0.9860462605268303,0.1603553133744216,-8.067863351027098
0.007705862367844901,1.459321608754804,0.1135190453962693,-7.075177031012632
0.03896627182847892,1.188870929006628,0.1377787108436089,-7.975972928149351
0.04699516553603902,0.8714198619851317,0.1752812653006345,-8.097419264675077
0.002933760281543515,2.144627531983806,0.07153487761236982,-7.584682119355384
0.01725832553023443,1.065591803686974,0.1509716400674573,-7.773656777871951
0.04561516965704063,1.016744768949888,0.1566462027653326,-8.434478697986409
1.708646083153659,0.2402969191163464,0.3119958731972361,-14.8334007014315
0.0193158886902631,1.06938932844632,0.1505417114150502,-8.124483172233798
0.04506796685323226,0.9805224969195727,0.1610349220932702,-8.497336771926207
0.04514636241192608,1.084383119256479,0.1488595437854542,-8.513071461888844
0.0438835506204931,1.139656381369136,0.1428624738116892,-7.773193323665412
0.04906895483237866,1.093081526465614,0.1478947247482921,-12.91287842108143
0.002139708345351457,3.555899369905388,0.02966707295662246,-7.107463315204439
0.002934071221558861,2.105125821054372,0.07340313366506063,-7.551462362526161
0.008036271616093438,1.29395589213156,0.1276601040428398,-7.895267127028156
1.849648460014985,0.3092898399623927,0.289058147596839,-12.92740620847774
0.04198115156939568,0.9269615702088068,0.1678268529040387,-7.764667029932443
0.009603412369706906,1.401350527493751,0.1182487896195065,-8.054441943420525
0.00866461719146496,1.636948320366937,0.1003723427516318,-13.67101225168112
4.730343101349462e-16,8.003927012094204,0.002333800619669812,-4.974280646190409
0.04980106936649176,1.08604178073821,0.1486749446666947,-13.64686047559466
0.04521619166977953,0.9621497418475577,0.1633229228051675,-8.164030853724876
0.00334288561914002,2.532313446490404,0.05576829064923483,-7.098692993018367
0.04035722234849828,1.101246964933509,0.1469963052439497,-8.219511145050728
0.04010534148746392,1.044383394305854,0.1534020986336472,-21.56768779928923
0.01619043439404589,1.093186165686465,0.1478831671685575,-14.36214009987854
0.05475271573703763,0.6106741547854746,0.217267045935147,-14.20674399199076
0.01123766653955387,1.238468875595675,0.1328831715259732,-7.954955413497897
0.007700022178493912,1.51343805469782,0.1093076092086162,-7.127388322697539
0.003327702239938026,2.586317530859684,0.05389534137740881,-14.09928097152078
0.04998145994898879,0.9986176442865116,0.1588226144418854,-8.324055503849628
0.003371732130056532,2.276190120599672,0.06568712145349553,-7.903903065051207
9.555848176237971e-17,6.660965091736404,0.004927376515930337,-5.166950710352104
0.01101418955919734,1.15709679368195,0.1410342273208318,-7.816999222679287
6.740639792367023e-18,6.840772095976074,0.004455016025126324,-10.17502423878167
0.01631226927141359,1.051254608483411,0.1526091580962823,-9.071159560371251
0.05070501942347958,1.025382969797313,0.1556227738539898,-8.604404992596022
0.05053802670085459,0.5062378545868107,0.2383860055429042,-14.46632781808398
0.04290766644387681,0.8351168232887396,0.1803985534829599,-7.833006813830471
2.90751170498463,0.8176222527467232,0.1829381408587513,-14.65669894532853
0.04818959362318876,0.751910196817267,0.1929360621538053,-8.145076625093802
1.954785539786585e-16,6.761571364343791,0.004657085298057972,-4.122779148323973
0.009277598716030599,1.199340645148759,0.1367267509840923,-8.150216698610105
0.04765980341359007,0.559852690465835,0.2271598009720686,-8.539185090498732
0.04218315311664664,0.8332747370471907,0.1806636553833012,-7.945619784525231
3.76132195691005,1.175870151681124,0.1390991785607876,-16.12294075284897
0.007453544424838785,0.8389616313880808,0.1798469568748116,-8.448024239474945
0.04296074445166478,0.8327521157426663,0.1807389657255779,-7.896352002667208
0.0509029613483865,0.768637687360652,0.190319412445006,-14.94955496504854
0.05126624141974195,0.8580699509338032,0.1771396831624181,-8.263179245020906
9.555848176237971e-17,6.738798772022195,0.004716906320793635,-6.114840512824601
1.804273979215352,0.2872302089682748,0.296000484644338,-12.92999309601924
0.0457577330570898,0.6568658528125511,0.2088343002563577,-8.356121283789967
0.04652565803531255,0.900850518816295,0.1712768790989446,-8.399939304737298
0.04930912192365048,0.8596139804260865,0.1769233695004815,-8.096317402082112
0.05626512019737454,0.5358046977214208,0.2320883076575674,-8.386253726980774
0.01759767822219558,0.9294069478278075,0.1675085383966696,-8.439417887751201
0.011254791225232,1.11188689181043,0.1458360738641315,-7.92663501436637
4.305281923498796,2.751815398289665,0.04857203675907568,-18.42846041245176
0.04849592585928469,0.5400637386084881,0.2312031561758181,-8.779417770764651
0.0161747082003915,0.6368935996103673,0.212418956692966,-8.594991690439992
0.007179152118340472,1.305865375435882,0.1265723091830962,-8.829601016462117
0.04602933868121667,0.8627607447707923,0.1764836341936924,-8.809648945621049
0.04296072437573909,0.8327526344824125,0.1807388909530998,-7.901149384178257
0.04268785941243483,1.278800805993832,0.1290610621449569,-8.622339280016776
0.007207765998704282,0.8705118180681879,0.1754068273977092,-8.570391471881592
0.01937950907382428,0.9674692645493259,0.1626560745260195,-8.683219057597094
0.005423383989989379,2.315055934381167,0.06406334581960738,-7.769872771445602
0.003345605309793773,2.137083868283954,0.07188748259852973,-7.056226543686715
1.954785539786585e-16,6.761571364343791,0.004657085298057972,-4.122779148323973
0.007420034362018321,1.27420962689402,0.129489219927406,-8.671548024733802
0.05147290143183936,0.887568071102752,0.1730685947676317,-8.210389667334651
0.04300379868341615,0.8327812169075521,0.1807347710749599,-8.212377461079356
0.003263728973804521,1.804644089521528,0.08957602981931406,-8.363999554130654
0.01125479290639038,1.111887412651971,0.1458360173558499,-7.931432016453426
0.006058443951955213,1.812109263403082,0.08912770549168525,-7.663143561576857
2.280866574785731,0.5231516635937936,0.2347501798573753,-22.41032640976405
0.003534587148017556,2.591772898262484,0.05371001786152763,-7.829881751970666
0.01598159104342018,0.9372828051878592,0.1664888078671761,-8.456185403795859
1.320661056917997,8.86402062860725e-13,0.49999962440012,-4.021842053589375
1.320661056917997,8.775202786637237e-13,0.4999996262866205,-4.581571676034738
1.320661056917997,8.828493491819245e-13,0.4999996251535809,-4.147053156031509
1.320661056917997,8.846257060213247e-13,0.4999996247766613,-4.280763598099973
1.320661056917997,8.86402062860725e-13,0.49999962440012,-4.085614291430182
1.320661056917997,8.739675649849232e-13,0.4999996270438926,-3.999742166623289
1.320661056917997,8.872902412804251e-13,0.4999996242119908,-3.462013508677934
1.320661056917997,8.86402062860725e-13,0.49999962440012,-4.176552676601041
1.320661056917997,8.846257060213247e-13,0.4999996247766613,-4.397361339056353
1.320661056917997,8.828493491819245e-13,0.4999996251535809,-3.673096735926963
1.320661056917997,8.86402062860725e-13,0.49999962440012,-4.141546660177964
1.320661056917997,8.917311333789257e-13,0.4999996232727542,-3.829799612551792
1.320661056917997,8.86402062860725e-13,0.49999962440012,-4.003404334431262
1.320661056917997,8.86402062860725e-13,0.49999962440012,-4.003404334431262
1.320661056917997,8.881784197001252e-13,0.4999996240239558,-3.762821586612698
1.320661056917997,8.86402062860725e-13,0.49999962440012,-4.210825393872316
1.320661056917997,8.79296635503124e-13,0.4999996259085593,-3.902038524534707
1.320661056917997,8.855138844410249e-13,0.4999996245883435,-3.840738582243199
1.320661056917997,8.86402062860725e-13,0.49999962440012,-4.142621272353268
1.320661056917997,8.739675649849232e-13,0.4999996270438926,-3.999742166623289
1.320661056917997,8.86402062860725e-13,0.49999962440012,-4.003404334431262
1.320661056917997,8.86402062860725e-13,0.49999962440012,-4.003404334431262
1.320661056917997,8.828493491819245e-13,0.4999996251535809,-3.673096735926963
1.320661056917997,8.79296635503124e-13,0.4999996259085593,-3.902038524534707
1.320661056917997,8.757439218243235e-13,0.4999996266650646,-4.269824628408568
1.320661056917997,8.828493491819245e-13,0.4999996251535809,-3.673096735926963
1.320661056917997,8.79296635503124e-13,0.4999996259085593,-3.902038524534707
1.320661056917997,8.810729923425242e-13,0.4999996255308798,-4.311489214249459
1.320661056917997,8.890665981198254e-13,0.4999996238360148,-3.717828187556322
1.320661056917997,8.810729923425242e-13,0.4999996255308798,-4.296697518679212
1.320661056917997,8.890665981198254e-13,0.4999996238360148,-3.717828187556322
1.320661056917997,8.828493491819245e-13,0.4999996251535809,-4.232925280838404
1.320661056917997,8.86402062860725e-13,0.49999962440012,-3.928911414805351
1.320661056917997,8.775202786637237e-13,0.4999996262866205,-4.581571676034738
1.320661056917997,8.890665981198254e-13,0.4999996238360148,-3.717828187556322
1.320661056917997,8.86402062860725e-13,0.49999962440012,-3.702596256496497
1.320661056917997,8.79296635503124e-13,0.4999996259085593,-3.902038524534707
1.320661056917997,8.72191208145523e-13,0.4999996274231058,-4.202846602469474
1.320661056917997,8.890665981198254e-13,0.4999996238360148,-3.717828187556322
1.320661056917997,8.855138844410249e-13,0.4999996245883435,-3.977110601960017
1.320661056917997,8.757439218243235e-13,0.4999996266650646,-4.269824628408568
1.320661056917997,8.739675649849232e-13,0.4999996270438926,-3.999742166623289
1.320661056917997,8.86402062860725e-13,0.49999962440012,-3.928911414805351
1.320661056917997,8.872902412804251e-13,0.4999996242119908,-3.462013508677934
1.320661056917997,8.881784197001252e-13,0.4999996240239558,-3.762821586612698
1.320661056917997,8.855138844410249e-13,0.4999996245883435,-3.977110601960017
1.320661056917997,8.810729923425242e-13,0.4999996255308798,-4.446635138386322
1.320661056917997,8.881784197001252e-13,0.4999996240239558,-3.762821586612698
1.320661056917997,8.855138844410249e-13,0.4999996245883435,-3.973904813861727
1.320661056917997,8.881784197001252e-13,0.4999996240239558,-3.762821586612698
1.320661056917997,8.86402062860725e-13,0.49999962440012,-4.141546660177964
1.320661056917997,8.917311333789257e-13,0.4999996232727542,-4.096553261121587
1.320661056917997,8.828493491819245e-13,0.4999996251535809,-3.673096735926963
1.320661056917997,8.739675649849232e-13,0.4999996270438926,-3.999742166623289
1.320661056917997,8.899547765395255e-13,0.4999996236481675,-4.018636265491086
1.320661056917997,8.86402062860725e-13,0.49999962440012,-4.210825393872316
1.320661056917997,8.72191208145523e-13,0.4999996274231058,-4.202846602469474
1.320661056917997,8.890665981198254e-13,0.4999996238360148,-3.717828187556322
1.320661056917997,8.872902412804251e-13,0.4999996242119908,-3.766027374710987
1.320661056917997,8.899547765395255e-13,0.4999996236481675,-4.14384736793322
1.320661056917997,8.899547765395255e-13,0.4999996236481675,-4.018636265491086
1.320661056917997,8.86402062860725e-13,0.49999962440012,-4.142621272353268
1.320661056917997,8.828493491819245e-13,0.4999996251535809,-3.673096735926963
1.320661056917997,8.881784197001252e-13,0.4999996240239558,-3.762821586612698
1.320661056917997,8.86402062860725e-13,0.49999962440012,-4.210825393872316
1.320661056917997,8.810729923425242e-13,0.4999996255308798,-4.584777464133026
1.320661056917997,8.846257060213247e-13,0.4999996247766613,-4.262424801407938
1.320661056917997,8.872902412804251e-13,0.4999996242119908,-3.766027374710987
1.320661056917997,8.79296635503124e-13,0.4999996259085593,-3.902038524534707
1.320661056917997,8.881784197001252e-13,0.4999996240239558,-4.443429350288031
1.320661056917997,8.899547765395255e-13,0.4999996236481675,-4.018636265491086
1.320661056917997,8.810729923425242e-13,0.4999996255308798,-4.296697518679212
1.320661056917997,8.86402062860725e-13,0.49999962440012,-4.210825393872316
1.320661056917997,8.899547765395255e-13,0.4999996236481675,-4.14384736793322
1.320661056917997,8.846257060213247e-13,0.4999996247766613,-4.173346888502754
1.320661056917997,8.86402062860725e-13,0.49999962440012,-4.480907855657596
1.320661056917997,8.899547765395255e-13,0.4999996236481675,-4.018636265491086
1.320661056917997,8.890665981198254e-13,0.4999996238360148,-3.717828187556322
1.320661056917997,8.757439218243235e-13,0.4999996266650646,-4.269824628408568
1.320661056917997,8.917311333789257e-13,0.4999996232727542,-3.829799612551792
1.320661056917997,8.93507490218326e-13,0.4999996228977145,-3.87253881056799
1.320661056917997,8.828493491819245e-13,0.4999996251535809,-3.673096735926963
1.320661056917997,8.86402062860725e-13,0.49999962440012,-4.210825393872316
1.320661056917997,8.86402062860725e-13,0.49999962440012,-3.702596256496497
1.320661056917997,8.810729923425242e-13,0.4999996255308798,-4.446635138386322
1.320661056917997,8.881784197001252e-13,0.4999996240239558,-3.762821586612698
1.320661056917997,8.828493491819245e-13,0.4999996251535809,-3.673096735926963
1.320661056917997,8.890665981198254e-13,0.4999996238360148,-3.717828187556322
1.320661056917997,8.79296635503124e-13,0.4999996259085593,-3.902038524534707
1.320661056917997,8.828493491819245e-13,0.4999996251535809,-4.040882839800824
1.320661056917997,8.828493491819245e-13,0.4999996251535809,-4.232925280838404
1.320661056917997,8.855138844410249e-13,0.4999996245883435,-3.840738582243199
1.320661056917997,8.86402062860725e-13,0.49999962440012,-3.702596256496497
1.320661056917997,8.872902412804251e-13,0.4999996242119908,-3.462013508677934
1.320661056917997,8.890665981198254e-13,0.4999996238360148,-3.717828187556322
1.320661056917997,8.86402062860725e-13,0.49999962440012,-4.085614291430182
1.320661056917997,8.828493491819245e-13,0.4999996251535809,-4.040882839800824
1.320661056917997,8.917311333789257e-13,0.4999996232727542,-4.096553261121587
1.320661056917997,8.899547765395255e-13,0.4999996236481675,-4.018636265491086
1.320661056917997,8.872902412804251e-13,0.4999996242119908,-3.462013508677934
1.320661056917997,8.846257060213247e-13,0.4999996247766613,-4.173346888502754
1.320661056917997,8.899547765395255e-13,0.4999996236481675,-4.018636265491086
1.320661056917997,8.908429549592256e-13,0.499999623460414,-3.843039289998455
1.320661056917997,8.846257060213247e-13,0.4999996247766613,-4.397361339056353
1.320661056917997,8.79296635503124e-13,0.4999996259085593,-3.902038524534707
1.320661056917997,8.810729923425242e-13,0.4999996255308798,-4.311489214249459
1.320661056917997,8.810729923425242e-13,0.4999996255308798,-4.314695002347747
1.320661056917997,8.828493491819245e-13,0.4999996251535809,-4.147053156031509
1.320661056917997,8.79296635503124e-13,0.4999996259085593,-3.902038524534707
1.320661056917997,8.828493491819245e-13,0.4999996251535809,-3.673096735926963
1.320661056917997,8.872902412804251e-13,0.4999996242119908,-3.766027374710987
1.320661056917997,8.757439218243235e-13,0.4999996266650646,-4.269824628408568
1.320661056917997,8.79296635503124e-13,0.4999996259085593,-3.902038524534707
1.320661056917997,8.828493491819245e-13,0.4999996251535809,-4.144752448276252
1.320661056917997,8.79296635503124e-13,0.4999996259085593,-3.902038524534707
1.320661056917997,8.846257060213247e-13,0.4999996247766613,-4.173346888502754
1.320661056917997,8.810729923425242e-13,0.4999996255308798,-4.584777464133026
1.320661056917997,8.908429549592256e-13,0.499999623460414,-3.843039289998455
1.320661056917997,8.86402062860725e-13,0.49999962440012,-4.141546660177964
1.320661056917997,8.846257060213247e-13,0.4999996247766613,-4.262424801407938
1.320661056917997,8.828493491819245e-13,0.4999996251535809,-3.673096735926963
1.320661056917997,8.846257060213247e-13,0.4999996247766613,-4.280763598099973
1.320661056917997,8.872902412804251e-13,0.4999996242119908,-3.462013508677934
1.320661056917997,8.810729923425242e-13,0.4999996255308798,-4.311489214249459
1.320661056917997,8.86402062860725e-13,0.49999962440012,-3.702596256496497
1.320661056917997,8.775202786637237e-13,0.4999996262866205,-3.935969928782482
1.320661056917997,8.757439218243235e-13,0.4999996266650646,-4.269824628408568
1.320661056917997,8.899547765395255e-13,0.4999996236481675,-4.14384736793322
1.320661056917997,8.872902412804251e-13,0.4999996242119908,-3.766027374710987
1.320661056917997,8.846257060213247e-13,0.4999996247766613,-4.280763598099973
1.320661056917997,8.881784197001252e-13,0.4999996240239558,-3.762821586612698
1.320661056917997,8.86402062860725e-13,0.49999962440012,-4.003404334431262
1.320661056917997,8.855138844410249e-13,0.4999996245883435,-3.977110601960017
1.320661056917997,8.872902412804251e-13,0.4999996242119908,-3.462013508677934
1.320661056917997,8.79296635503124e-13,0.4999996259085593,-3.902038524534707
1.320661056917997,8.828493491819245e-13,0.4999996251535809,-4.648549701973832
1.320661056917997,8.828493491819245e-13,0.4999996251535809,-4.232925280838404
1.320661056917997,8.757439218243235e-13,0.4999996266650646,-4.269824628408568
1.320661056917997,8.86402062860725e-13,0.49999962440012,-3.928911414805351
1.320661056917997,8.79296635503124e-13,0.4999996259085593,-3.902038524534707
1.320661056917997,8.86402062860725e-13,0.49999962440012,-4.141546660177964
1.320661056917997,8.899547765395255e-13,0.4999996236481675,-4.14384736793322
1.320661056917997,8.810729923425242e-13,0.4999996255308798,-4.296697518679212