dN/dS,LRT,p-value,Log(L)
2.287852447174094e-16,6.011348890929723,0.007107078822408852,-4.056271735343287
0.5187654254204939,0.5411233308150969,0.2309837771602807,-17.1689215503263
2.093959926088373e-15,3.960231420060069,0.02329364911143172,-39.20443137920116
1.873180087232287e-15,3.741090571280333,0.02654489183584186,-4.795539377365826
0.5345935812250593,0.4874645956935062,0.2425302376932363,-11.96144171817859
4.162828811893032e-17,4.52608696470838,0.01669093181163595,-12.22382006004466
2.287852447174094e-16,2.239652022772891,0.06725562403692142,-11.89904141502192
4.936130869128893e-15,4.90084391579966,0.01342178706524821,-4.807625809383987
1.028145822447522e-15,3.199802120269434,0.03682359021831644,-4.720864158091137
1.071648443710193,0.009331211254966831,0.4615227450358775,-19.60553334031717
3.17603086687411e-16,2.128188594247087,0.07230578067421989,-5.829238355931956
1.438553713080051,0.3517724603150967,0.2765557470957785,-29.05739939607982
2.287852447174094e-16,2.128286496107535,0.07230116197103437,-12.64658423554304
1.453153230455229,0.3702022583380824,0.2714470203500793,-28.03867082387037
2.26764817259756,2.072036620885584,0.07501053419998288,-35.2224011730653
1.331403728158042,0.2233252466272972,0.3182589222102918,-37.14436561551418
2.804502661847769e-15,3.048520553244316,0.04040536262969779,-18.30771123160867
1.32151952724048,0.2120464248097989,0.3225840719533856,-25.59776372890085
0.9443774105982241,0.006663654444601264,0.4674699910654229,-28.70997832979777
3.17603086687411e-16,4.700779373663776,0.01507447143611634,-5.908355862293722
2.114268165764043,2.649984572049206,0.05177545061474143,-40.36210683879827
0.4170782944363891,1.043406489327474,0.1535152670176354,-12.30659463964597
0.736322332307922,0.2074627209598887,0.3243817038172885,-27.67535541978905
0.8349763096900448,0.06891622973868294,0.3964606662925638,-18.23928787701788
0.6945821231624811,0.3002884076926762,0.291850835787299,-19.7002566740505
2.574498955427901,3.991701361623967,0.02286243585196335,-49.96176310656171
4.730343101349462e-16,5.326941533034553,0.01049910114721003,-11.49172499948271
0.1438959588679284,3.797955890100759,0.02565759640287391,-16.27853812104541
0.3543661780495689,1.261065224532523,0.1307247772332294,-25.36077241661628
0.1565737117500946,3.853939678649589,0.02481464346862144,-17.03200433213011
0.1052211893993852,3.708238158677673,0.02707225736199137,-25.91702232269465
0.2457244387425584,3.67085427783384,0.02768589831768525,-32.73583751259502
0.2662232724772914,2.910547348196374,0.04400100192362877,-16.44073801965494
0.1320052549573801,4.159144817436992,0.02070515341315732,-9.800786307741365
0.133794493419384,4.048600922541532,0.02210398452158546,-16.31768084143593
0.1145352512336665,4.059387283053141,0.02196321757405739,-46.09871138559448
0.4212100897145067,0.9941230864288784,0.1593683699400953,-20.75890672048406
0.2761057974101933,2.810890073595012,0.04681320795927446,-16.51203758825496
0.06815483723641756,6.5242084154861,0.005320795006114876,-13.85048135749565
4.004733053112191e-17,10.00678785748442,0.0007798215435277367,-28.83020238162879
0.7103497075921862,0.259346849035893,0.3052846168491903,-22.14358381064263
0.2451090484639358,3.11346484609949,0.03882380813393171,-16.49016193655605
3.17603086687411e-16,10.00990315133484,0.0007785035496758463,-15.85286317180694
0.2662933135158714,2.711329256859486,0.04981896809031483,-9.784146051069184
0.4894812241140422,0.8886738366979614,0.172918469391266,-36.92328560058227
0.3902396671396627,1.107787659877452,0.1462816841464764,-17.29222396287069
0.02946672270698704,7.084573689759317,0.003887515667493902,-15.12468393056026
0.6530733299512076,0.2126447314330164,0.322351170532568,-17.55309356369859
0.2729945165100647,0.9983189636748193,0.1588588058370896,-16.26142918894918
0.1258722124302452,4.125868158685421,0.02111617310932201,-16.24805464270608
0.1410511499577757,4.023808245699996,0.0224311525715597,-34.82094554018952
0.260659464437367,2.906241114557709,0.04411865449147784,-10.60510470730901
0.159732247626509,3.551127543783299,0.02975250095698107,-15.27473057950286
0.07975616501093051,4.632854552145034,0.01568266869268148,-16.19673981120005
0.2562462305719977,2.935572288546044,0.04332397543441452,-10.40144563783163
0.09599429988402002,5.072475648652102,0.01215432154543428,-33.3236398220238
0.171389199273123,2.064491680082767,0.07538259656124974,-24.37177771492314
0.1610380662693243,3.658942217026137,0.02788451448815021,-25.14121243512745
0.04226047361499984,5.540868595224278,0.009288679921286125,-15.39681097152735
3.172203966758167,8.409426479386212,0.001866401998127709,-66.85925455865679
0.2733057266864823,2.49437588608464,0.05712683046156214,-32.08609281541108
0.3103932705157085,1.993192055211537,0.07900376090395295,-25.87943093201823
2.518801410899753,3.831553713157248,0.02514814442682411,-51.11546880187124
0.1828462073047405,2.200313986138291,0.06899131463364727,-23.11969891567423
2.336704009823347,3.303537811302292,0.03456542183930422,-48.1429531352591
0.2432108321174171,3.548455942527255,0.02980044369652218,-9.110396816530645
0.1938580286964962,3.423405365565252,0.03213914615049362,-22.61227807876555
0.2428752649595504,3.622813867667652,0.02849620111739726,-17.38474318963074
0.2587585669120838,2.912993511947334,0.04393432060634139,-15.81978992756061
2.480624413659811,2.48431422936396,0.05749322893274544,-55.37193136302537
0.9096701751819994,0.01902401223492234,0.4451488338139329,-43.47602758870062
0.1118421603196258,4.846964644110468,0.01384741350859287,-9.270328142253653
0.1455144579537306,4.28938529396995,0.01917551446778826,-26.71794067348484
0.1458717684347322,3.681885571073863,0.02750330525063455,-9.372600130341153
0.09946709859994111,4.253748505307378,0.01958189738025878,-9.877481472283657
0.08887707781626272,4.121588687741536,0.02116965035267776,-15.81202299170501
0.3535410006471411,1.276374817243198,0.1292870832124421,-10.7530092633105
0.1028862967221387,4.7531924407612,0.01462199611444498,-8.443038674052929
0.2436158621019084,3.464982582324552,0.03134058385122285,-10.2141138134619
0.1392604239543799,4.137367670584787,0.02097317478008187,-28.66294406308756
0.3342822095974026,1.313740857674169,0.1258592340634039,-10.9180634008388
0.07149267586546111,5.934815369440862,0.007422311925841418,-14.68140039080995
0.1640846530155999,4.044422856661846,0.02215876504575987,-9.545766405461634
0.07274412601587769,4.272845197672353,0.01936301793327883,-10.09806973858386
0.05044612491921917,1.782836651387292,0.09090069375195287,-30.94462316286699
0.08686540187202195,4.565893090016651,0.01630733242221022,-16.27066440266004
0.2602403356343885,3.301641228206432,0.03460534973981433,-9.83735070371057
1.688802495508848,1.162665388856169,0.1404567237169484,-52.57844831384806
0.5407156407017917,0.6299746950551466,0.2136822980573862,-16.42753819692118
0.0830603369114557,2.756762983114623,0.04842200524693535,-9.638775279076972
0.4227533817578008,0.9201967276536109,0.1687116616832243,-20.2546700410634
0.2372042781953003,1.235791731350879,0.1331418169716136,-16.06300140031529
0.1341321147820556,2.34323848790727,0.06291386238681518,-7.927159591510979
0.2595738817504651,3.326348635562109,0.0340890384132988,-10.68787901812684
0.1044805562098907,3.755968611841467,0.02630965017997866,-24.75482641616546
0.1455382653806529,3.433588421764775,0.03194157726407709,-9.407851210409667
0.4337491312435235,1.061782041102774,0.1514045472139615,-23.85608995540477
0.2063540719367298,1.731854571970658,0.09408711242056966,-21.4388678815472
0.03888699260896213,4.696594957853335,0.01511121826004952,-56.57395300388036
0.7107666716734145,0.28715996274709,0.2960231337425602,-23.28874087888976
1.717827838016967,0.9822816922798125,0.1608180708183523,-35.77691404814321
0.1362792542466097,4.110162610232152,0.02131313190091033,-25.61545713838316
1.839422452659101,1.22510451093158,0.1341806055092108,-31.84907832143015
0.2355245137542951,3.715219383254084,0.02695926937067483,-10.91333715321965
0.5092697106229198,0.8809958994625902,0.1739645278475771,-16.56645256144085
0.2641515813612648,2.993373140464996,0.04180292371745142,-10.47191618083007
0.1380380950372651,3.917412993002205,0.02389418273095767,-10.89373814086527
0.1457444303847659,3.274299624231197,0.03518647904756611,-15.32415675595503
0.4601983227587283,1.235423041448314,0.1331774860865926,-17.77545073097159
0.4231707146105296,1.090923405603341,0.1481333513264637,-18.31405016879585
0.4074574013733156,1.024884674347028,0.1556815730971745,-31.67621699002882
0.7178602199358159,0.2295735372670009,0.3159201123150189,-23.33585201761451
0.3042264163239878,2.140833672577902,0.07171196582178074,-9.552397907752049
0.136465717482059,4.085341736707541,0.02162835160267551,-21.22620153612596
0.03525423005570154,6.631082195265602,0.005010718080983967,-9.292508160857494
0.03960187393386562,6.464254675626179,0.005503289778251708,-8.674792014110514
0.3968867302728253,1.436102012335596,0.1153855813205895,-36.89280359654919
0.1689776270691658,2.100401440039974,0.07363023553074183,-23.6048423657898
0.4361185456813225,1.056953005392131,0.1519555819942855,-19.32648292310882
0.2430169347633859,3.409181115868833,0.03241730629394229,-10.55719857360008
1.661850213837806,0.6618242278339181,0.2079583300621357,-41.42629631610748
0.03520236473794028,6.637366569338027,0.004993072183798075,-22.22902171407803
0.1204655202962857,4.854554466330121,0.01378661706895612,-10.54690580174854
0.2427740560599362,2.992807355327042,0.04181752968774571,-9.539717920842694
9.555848176237971e-17,7.727132522851051,0.002719853589224441,-25.55416621010128
0.4846290448895095,1.077869512434745,0.1495873249870517,-37.00265572280812
0.07708975164472849,5.541330770036929,0.009286227168058214,-9.239339881497896
0.5111630537759584,0.8748975712222986,0.1748015062999873,-24.51141590946247
0.1889956785607592,3.647694481590523,0.02807344165761622,-15.32200896039319
1.387109877278048,0.3842455560355802,0.2676698995741406,-46.15437268514007
0.289946639308061,2.387735361112814,0.06114533551830759,-10.06008290484601
0.2806597448820088,2.801779159864882,0.04707988476519481,-9.188614116188276
0.04799393036847814,4.231510180078921,0.01984005979254655,-8.190071914865062
0.4162627265408884,1.007636797688662,0.1577348277871983,-33.50872969174041
0.2396421743104601,3.563938704731555,0.02952373736106068,-21.85084419135129
0.07058742557846268,5.534810190718822,0.009320893713718414,-23.26554103258808
0.3060673000122727,1.754509830666763,0.09265539345739338,-16.52844820676864
0.15425413254293,1.390066271864907,0.1191969541401735,-15.11030939144922
0.07906277353746959,4.529041574652084,0.01666213795177701,-33.89661537344421
0.1403454019653108,3.864335661704402,0.02466135826312205,-9.784898663386114
0.1132045972807454,4.578314625774723,0.01618952336352142,-14.07984405284551
0.1765787091950561,3.139715083297823,0.03820357705979061,-26.38410258464241
2.659638990340586,4.939508040212758,0.01312475342143837,-69.02481211696393
0.250617195440045,3.118790292536609,0.03869710999870674,-10.2860728481737
1.059384911420457,0.009739807012152824,0.4606920216190769,-30.2139573655334
0.1607242335343871,4.188837312633908,0.02034549771091104,-10.24281820619404
0.4832804451444433,0.6894611374645763,0.203173864183548,-46.96957635547641
0.822601761434458,0.07753631255000926,0.3903321547626442,-35.9566960051624
0.2361028374783185,3.714327989237901,0.02697366831836034,-10.32554635374375
0.1821564363157476,3.17923744705049,0.03728976361821851,-21.43763476145577
0.04910149824511593,5.997990333562129,0.007161091881636272,-8.537369370135522
0.0582407115321787,6.997283338150767,0.004081675546170616,-7.96839185719488
0.3169633574893844,1.456309036207607,0.1137591529976284,-22.9174909832825
0.3538679853821206,1.34517025402323,0.1230621187595624,-22.95258608559842
0.08167553714523079,4.384604588492053,0.0181324514213857,-8.800501432646
0.1199739460803593,2.230324232154651,0.06766272368371373,-8.980058316031926
0.3504109796220546,1.342247832879512,0.1233189735680065,-15.60759884784876
0.2413057889987656,2.977479246662661,0.04221533680580652,-18.04296865197763
0.3882916429669596,1.122655825217471,0.1446736520258561,-23.44072671460158
1.627231918577352,0.4091380466759347,0.2612036616705417,-35.60820521029811
0.4911298568602293,0.9264478136987719,0.167893831396476,-30.70035417225964
0.4229021479670317,0.7874646120049178,0.1874339369389977,-18.29162371611525
0.5295241473693262,0.7590832313510347,0.1918077877200599,-23.34468464171272
0.1435270348204738,1.169316350608796,0.1397708783167795,-23.80055907613709
0.8914704333708348,0.02940847011173275,0.4319196475659607,-37.10944007953811
0.1251127470914921,4.219361435791548,0.01998259924141643,-17.42132938056028
0.150579413269921,2.22228948700765,0.06801560121217898,-20.81421483384874
0.1121469859134965,5.966765106804399,0.007289000024927605,-8.775010244754688
0.03866814324392371,6.870463408835164,0.004381596241513352,-14.14639791193174
0.1591450654174341,3.917073196195631,0.02389901321411403,-8.584685297735165
0.6443350285147227,0.2175846034769577,0.3204432622402294,-22.39722970117516
0.04910149824511593,5.997990333562129,0.007161091881636272,-8.537369370135522
0.393458004058899,1.398871490998815,0.1184563056362107,-16.719494781251
0.1033723034212297,4.388497106539944,0.01809109701247841,-25.26861017980805
0.05041650172445108,4.76896789744292,0.0144885961885039,-15.67327876127665
0.1457444501075781,3.274299624330343,0.03518647904543998,-15.82591344882836
0.1722616863001586,3.238225207809677,0.03596926397638522,-15.5100281502358
0.1591689589473565,2.156884281972168,0.07096611521431839,-9.371292363598469
0.09870435753118827,5.421521572490164,0.009945009567455976,-32.51534110447399
0.03280455121825136,6.689739465618608,0.00484846876811057,-19.91082224314971
1.24228245213307,0.1298297219090188,0.3593043272122954,-50.36042627263587
0.1148483052010264,4.245485281748138,0.01967741040636933,-28.36814150937361
0.1445258349918928,3.875215006924432,0.02450201642071526,-10.73093440261704
0.2445273330402503,2.034739931087188,0.0768702394658427,-31.73769516633416
0.2532658845105711,2.882882066282079,0.04476282792737679,-28.48943685683034
4.004733053112191e-17,11.61113968328955,0.0003277898376377042,-11.68728175457626
0.885788792052234,0.03183482953868122,0.4291953249730071,-40.20496882086868
0.1215745902131445,4.271295033319127,0.01938068931096359,-22.83546101888978
0.0750282066387814,3.288766481357253,0.03487770427523751,-13.81206461538664
1.362184194979148,0.2595769518333952,0.3052054718009073,-31.83197063814182
0.7748157671524384,0.06646118896750863,0.398280371066331,-49.70103474987386
0.277223604703634,2.282690298385685,0.06541238422071666,-9.1709214523387
0.05049752084070639,1.770781096217576,0.0916427209181192,-22.65184319073274
0.2023839618784915,1.676266371260105,0.09771065180662791,-17.40098400373256
1.958894142682055,1.454800544628966,0.1138796119310254,-45.65856419593727
0.1183969471169091,4.540963065292793,0.01654648421902577,-9.685936300470127
0.2345524236096414,3.32829557934911,0.03404870478639799,-9.916273972826744
0.9055707319043567,0.02054576515728002,0.4430116465463262,-30.49300620923302
0.1583130785900689,3.486489188117012,0.03093583472550715,-16.00039979047042
0.1413093232067581,4.120074957594227,0.02118860033641851,-36.8039545842386
0.03520236538267521,6.637366507875686,0.004993072356066386,-14.20901470435205
0.08518846879913877,4.030215577393584,0.02234611485175803,-26.29967787109609
0.07043828491206909,5.4586683475013,0.009735740275783777,-7.937263566632663
0.416202043496489,1.30581220294799,0.1265771404716677,-23.8511851478553
0.2626634339578355,1.889688369718137,0.08461853735839925,-29.79754834289183
1,0,1,0
0.1154793203314714,2.849110151101488,0.04571226341167861,-15.20992761691426
1.14653281243715,0.05319430214724719,0.4087976722453597,-28.84121130627171
0.4588031101667836,0.9402072148135403,0.1661122785315123,-31.51286021968217
0.9036256148617847,0.02097223619392707,0.4424273081302562,-41.1458538647605
4.004733053112191e-17,11.61771001358774,0.0003266339161399068,-24.86740885205223
0.4506926580931577,0.9901943927380401,0.1598474339539139,-22.75558631859814
0.2599915973134057,2.748214656893808,0.0486815449027147,-28.58038575224209
0.2539777809020141,3.48765899683805,0.03091397947290897,-17.3610781728811
0.9695680893690192,0.002001437156444297,0.4821583015321828,-24.56276357090146
0.047848327980463,5.542372375686753,0.009280701838578875,-8.365514214280552
3.864073801111553,10.95962748209695,0.0004655926752777928,-79.14549794422939
0.0336199925506163,6.759525884695449,0.004662426632936312,-21.88431035691981
2.044771743456257,2.038371571998411,0.0766868803453517,-49.89091068389119
0.03413527500841117,5.329630032384067,0.01048291759912745,-9.935775806657245
8.570128597535353,50.10748173211573,7.277511926417901e-13,-114.8560887369036
4.004733053112191e-17,9.624201397945072,0.0009601496603008908,-18.15310664890516
0.1376785285966654,4.060905626898276,0.02194347836391164,-29.92908141254389
0.1517146632943519,4.508525319720761,0.01686315322711834,-9.556454020875927
0.03335811521420657,7.058667168666259,0.003944133196055577,-7.327208519109237
1.532491453535043,0.6318591215018898,0.2133370974909158,-33.45583789870986
0.2428748282673068,3.622855968415724,0.02849548008130642,-10.61770976219119
0.04099902029029652,5.696368257737124,0.008500026889302348,-14.41785166926639
0.1188475584412875,3.417833540347864,0.03224780056004672,-8.854004394340866
0.04799392351403206,4.231510150008518,0.01984006014403489,-8.083320335314736
0.1595404159177462,3.442983437255517,0.03176044617209356,-8.775750397017028
0.1333976019830761,4.681655827942119,0.01524317463834263,-8.758060487368006
0.1321008480963595,3.841744585406939,0.02499573970669461,-8.747406712946573
0.2186130147436461,3.041589261399906,0.0405782136112891,-8.458159533529034
0.1108902581149359,3.936965828082847,0.02361795105085873,-30.41375610544006
0.1477071030078613,4.362294781653361,0.01837138925127624,-18.35378383507721
0.1867171086542859,1.933058925791364,0.08221208564780919,-16.7484675511782
0.1026091084936366,3.652999860807569,0.02798415905828217,-18.5743368562751
0.3538458544137355,1.345491400198526,0.1230339327625204,-18.14171902242516
0.1723085300054428,3.237501098894612,0.03598516633979482,-26.26071546579585
0.34575462535919,1.189819053605682,0.1376830292066599,-15.92750930809162
0.315958252121134,1.751177451492829,0.09286438941648217,-15.83820801547671
1.282345622079968,0.1707370396762116,0.3397288031375249,-33.21170879383165
0.1804567086696942,3.601560992294555,0.02886267222224354,-9.389488345241832
0.3539055160573805,1.283489918619097,0.128625575555663,-23.13095200195001
0.1723078117680446,3.237609887373186,0.03598277672378103,-14.95484604684559
0.2430110679640358,3.418552211418678,0.03223376399626987,-27.90022977979613
0.04328334199786713,6.754212123932898,0.00467633173017501,-9.191641434187707
0.2272608375014832,3.513102460095155,0.03044267023207003,-17.60611618309721
0.02914393270903532,7.556410502724141,0.002989848832270381,-8.308242493086814
0.08785834912786189,3.602282343962123,0.02885015198292956,-8.379795601117589
0.262166790935096,2.560842991769924,0.05477007987544863,-21.81514601419639
1,0,1,0
1.372125937291915,0.3589731594652932,0.2745385351098064,-35.91503681928429
1.864028711123138,0.9497573771765531,0.1648905313020845,-40.60442347314661
0.2870551277199519,1.851719864129144,0.08679174823882441,-16.53972064084268
0.3662383685204691,1.673434767159918,0.09789955335090811,-37.48712617684928
0.4626490658574286,0.8790021649489148,0.174237562058119,-25.97482573064974
0.7095292732901894,0.289220742338685,0.2953601650771889,-31.72185141056056
0.3120949965174284,1.986464330526683,0.07935552811425861,-9.651212710698776
0.1900538241020927,4.925596451901015,0.01323083309326845,-9.66032361667958
0.03435337387676251,5.118049096529404,0.01183911103949298,-15.36029754286079
0.3003270846398307,2.010130910599674,0.07812591737344032,-10.12849925407789
0.04924270178104928,5.674524240946678,0.008606503555411926,-7.943758691331221
0.07676135130503504,4.661410012066426,0.01542392453791958,-24.83337903251411
0.8579976406639155,0.05213703784062318,0.4096927675847704,-34.58027343229168
0.5147075019374783,0.7524966074634349,0.1928434697433526,-20.38992529663207
0.2373185174695127,3.80774889372357,0.02550798555010303,-25.95195262056501
0.09138709068672231,3.82475677343588,0.02525033850481945,-16.57161566637064
2.524360208730898,3.8524186411763,0.02483715490346128,-54.69220424485386
1.449378427780136,0.3602357285420936,0.2741876735456983,-33.32597301549513
2.692357249046468,5.042945477658975,0.01236320648024603,-64.06611581632315
0.1110211078256631,4.435614347864863,0.017598275285856,-9.014886239668867
0.04203240579544299,5.675261692975926,0.008602886562474044,-8.679367435936385
0.1619082978041136,3.485527306014916,0.03095381766337085,-9.463616861953467
0.1323524771802007,4.035592163972112,0.02227501903466983,-16.90403569590355
0.1011406138726683,4.622945443762781,0.015773510893696,-14.12523966981571
0.06813297483794625,6.542911398620703,0.005265143914926107,-14.68019630724876
0.2361042577867966,3.714176638755269,0.02697611393588073,-15.88315797165372
0.1308009304276248,3.406978686210145,0.03246060472162698,-28.39526161296923
0.2587585553088936,2.912993513280465,0.04393432057003072,-15.65312051633208
0.345548706851523,1.191715147898513,0.1374919317640885,-15.00954869990655
0.7360774229402751,0.2126808306580443,0.3223371309864244,-25.52397154871759
0.2371634693608656,1.236174443524593,0.1331048038453505,-15.55203242516211
0.1478676343713949,3.800188716010048,0.0256234033306254,-17.53110493966932
0.145538560147365,3.433498933581369,0.03194330783713328,-22.7494856783544
0.049909655298631,4.643167299610823,0.01558870543848523,-8.083698344794385
0.1879178854087104,3.552907475732795,0.02972060503623525,-9.487947728787884
0.4746616773438138,0.9956066154918943,0.1591879593662628,-22.39949608062919
0.1742403559425515,3.488933321878172,0.03089019027831025,-9.204096953313451
0.0409273846432314,6.456479884302162,0.005527421574758162,-20.87990642160247
0.09093432009315307,3.786623980540433,0.02583187662922076,-22.59649581216187
0.5081639511519789,0.8461660423096404,0.1788196066733491,-17.5569420050933
0.3042263912589459,2.140833672611038,0.07171196582023165,-16.61790374177361
0.1169365994989535,4.747029594357365,0.01467445708240123,-16.6713620611561
1.501241433555248,0.5783845906258307,0.2234731036824253,-38.91523281543159
0.08686544796616667,4.565852382032993,0.01630771997520147,-21.99637172663295
0.2720277371061828,2.768166756020619,0.04807811499181081,-17.13241848958512
0.3172456759877381,1.454507398300201,0.1139030386024496,-15.60341961729414
0.2362006212501591,2.443521072551082,0.05900553164092748,-9.067464709453445
0.8250166558438715,0.08257483495212625,0.3869189653148219,-35.40622043101067
0.2896448277070708,2.608883417924702,0.05313328056670386,-34.0409788302909
2.509897052099161e-16,10.07186765671537,0.0007527517351026414,-5.12656239201407
0.4961612584896708,0.8758504688412003,0.1746703634970751,-20.00808803221187
0.17154753591647,2.057560242929711,0.07572624637233966,-16.48945035116811
0.1698082288721021,3.347863942265747,0.03364614106329922,-13.62018734538064
0.05041448615661737,4.770116480580029,0.01447893320493637,-9.751739964835869
0.1425937271734338,4.175979851806858,0.02050042388675571,-15.25617511102585
0.2685192387301505,2.813661600414818,0.04673241149951135,-16.01901395728329
0.06806391813811165,6.575969988077915,0.005168232857602761,-24.10930087369586
0.1902537481128267,4.914635969309813,0.01331503719316574,-9.659037062652686
0.1326851760296386,3.562928838879742,0.02954170204610984,-49.97682533245472
0.08174530343687661,4.37595971347762,0.0182246495503004,-20.39050774970909
0.2146246306063875,1.370453375058538,0.1208670014710345,-14.96097903259538
0.1108701339101703,3.927307618864102,0.02375397345669372,-10.88656372565376
0.03017896252063622,6.366925059619881,0.005813344594731318,-13.91768309210286
0.8937934075045413,0.02802499194194041,0.4335250401048306,-22.86184661745471
0.191781648697549,2.28821326632097,0.06517995680709643,-9.572582290319691
0.2581895401226016,2.897746859893019,0.04435173060803593,-10.51620512625052
0.3958540804792499,1.362951365339086,0.1215133192549555,-15.81118964370663
0.09801807586762976,4.348907976002177,0.01851634233343769,-9.942467870529653
0.5572453150581986,0.4072305030937784,0.2616892751227974,-26.7273412686846
0.07659191164270333,5.298573618705205,0.01067144755098454,-36.94632127493651
0.2689325778498556,2.726163008942567,0.04935809572451866,-10.09544044035823
0.1424247659078768,3.795772147754832,0.02569108449729923,-15.69525930148357
0.1392211448834526,3.524053662761915,0.03024217236568533,-46.98545225743521
0.1467520224707183,3.863896500504978,0.0246678132714393,-9.467597114101299
0.2894588777641853,2.073568427200634,0.07493525038122767,-16.95913485770945
0.1566495442331917,3.520702453849482,0.03030337766186614,-7.877135764744097
0.06708470149075017,5.474178004213941,0.009649717487359544,-7.751601498666033
5.114956077737342e-17,9.638033359590001,0.0009529459537130913,-11.06538924985725
0.03029593065800805,6.208110684134553,0.006358314041315039,-14.85685404701504
0.138630050681206,1.997198692778065,0.07879511183854426,-7.899817272116608
0.2038010008949681,3.011792013716871,0.04133042978900597,-21.89848813258041
0.1581861393460957,3.63758254548976,0.02824445038193885,-9.495235174585945
0.1252221535833378,4.763825601916182,0.01453194051801204,-8.354867085566324
2.723822520747316,4.411365110347333,0.01785013072045433,-53.86648417593168
0.163905386324566,3.398541190245542,0.03262705275005129,-8.856050243268216
0.06502617107960178,5.953770854117689,0.007342919272369131,-14.06544538377475
0.1916079082433095,2.177551118553311,0.07001856461328981,-14.17372463835696
0.1252210700421704,4.259884558489922,0.01951128659645407,-16.34500377988127
0.1052955734811833,3.003929398701313,0.04153141778792185,-9.082752224402862
0.03996966993829761,5.9242231983295,0.007467060302457529,-9.284720458146966
0.03166274424843453,6.529724001659314,0.00530432083594512,-13.67544638188899
0.2212727129294212,1.840227061414438,0.0874621683315327,-8.365400688356692
0.02898848209884198,6.352646076014702,0.005860317510635704,-7.015940743623955
0.5595644392838516,0.3965835413541896,0.2644294769726612,-18.38589823677802
0.2965488946684106,2.503637000564233,0.05679185872440395,-16.77107591998717
0.1272230354707788,3.77693190719193,0.02598193037543695,-16.65714375120703
0.2594813882610784,1.280634509656565,0.1288905461790046,-35.55769150716593
0.06989894653344605,5.73169222058103,0.008330709930082003,-7.488540043584723
0.1061110224106211,3.681726915806045,0.02750592228866888,-15.79934419952386
0.1442651750498504,3.806867702294305,0.02552140994829299,-17.50781746686285
0.1507084228820978,3.453131787999354,0.03156602080012444,-25.23851141691345
0.03004376358345906,5.776400814531709,0.008121384459062631,-15.33784821989332
0.2892860312437481,2.117661900195166,0.07280434209235287,-30.41952992318518
1.032218689721437,0.001935694733106175,0.4824535845591377,-30.4600111431449
0.02730268736373237,6.293895420462704,0.006057724637008155,-8.071871918245224
0.2792659537899719,2.386101527183214,0.06120928786197327,-27.55440745782606
0.1237633398020855,2.169199800333757,0.07039974104898944,-9.224813202928781
0.03268337833917421,6.066006483740528,0.006890409936562536,-7.920989168893695
0.500999032891578,0.812634569317666,0.1836712420866726,-16.82478302153367
0.5206476367215358,0.5080574952470158,0.2379904813856922,-23.2055121793998
0.4449452219936827,0.9295255845863437,0.1674931160134179,-22.92842558748685
2.804502661847769e-15,2.583694792278175,0.05398468784710125,-4.557515319166242
1.873180087232287e-15,3.731537391614811,0.02669711361138583,-10.96193361615575
0.4919417310049574,0.6450130290863392,0.2109506575400226,-11.09430692477854
0.3998461910924712,1.166211430361408,0.1400905296395401,-24.65706734553277
3.17603086687411e-16,3.852002935281725,0.02484331112568511,-16.60969900009655
2.287852447174094e-16,2.122771658614028,0.07256185345731181,-12.0318344169376
2.804502661847769e-15,4.062341298993122,0.02192483109703375,-4.143087446299559
0.441316317823451,0.8909106300605245,0.1726153275662266,-19.89321631599109
2.287852447174094e-16,2.234912207596741,0.06746214384686433,-5.964239887214999
0.5749281410927041,0.3707713128959398,0.2712920682476535,-16.99992770217527
0.4265943837284054,0.9825161741648145,0.16078919593693,-17.47780811145769
3.17603086687411e-16,3.590676286222314,0.02905229630292744,-3.735723974735719
1.985752832009056e-14,3.691667186835925,0.0273424650095202,-5.078323174958057
2.804502661847769e-15,3.786553765601333,0.02583296040187844,-17.30540482427165
8.48884454792928e-15,4.107148992019878,0.02135114516991521,-4.967771340684648
3.17603086687411e-16,3.590580190505804,0.02905397628196704,-17.38701071389834
2.449231293967717e-15,3.293395913150619,0.03477950925988432,-4.996388987619308
2.804502661847769e-15,3.808294327138624,0.02549967995558594,-4.875451803029507
0.319733897589442,1.358631985626069,0.1218873556130588,-19.84968298725073
0.1562648140681068,2.905195631231411,0.04414727001552937,-9.02912084551305
0.03107235693430793,6.428272090507825,0.005615889728297796,-12.13126720098966
0.3216520357505504,1.941192404319679,0.08176956162571969,-15.9935707003193
0.3193610436648676,1.787883338585949,0.09059213496850427,-10.26698176213261
0.7470443872161049,0.1188767451820638,0.3651279786566366,-31.62546577032841
0.03098360754247107,5.803151392595215,0.007998738541884598,-13.76019401034048
0.07236510595267155,4.762994442133063,0.01453895901744595,-20.37921893253798
0.1011991758640282,4.088981661521846,0.02158182023830058,-8.056433928893281
0.0273685782476921,6.096978060949887,0.006770662792772164,-25.97451435032758
0.3019512629744867,0.9719340116243131,0.1620991576279314,-17.42519687843116
1.140492717427025,0.03277321196456739,0.4281705497416282,-35.7570801507309
9.682324783204268e-17,9.431924374348863,0.001066202048700948,-11.15666794881904
0.1047808419022652,4.167011637037227,0.02060921964850637,-26.06362567944004
0.5612312466191005,0.3583617660282172,0.2747087396940153,-18.45016324354899
0.3023552111834907,2.301699388520603,0.06461626915446728,-35.18204564097757
0.1108246806795515,3.533407396138962,0.03007203393365571,-13.85344114651231
0.1257595669353973,2.723767969077759,0.04943219153132522,-8.626101244400624
0.1594517083884794,2.890916780037081,0.0445401111123655,-16.12203843330212
0.4643626367988254,0.6911459459977181,0.2028874376848732,-22.70161081955643
0.2895261788780162,2.471895175383001,0.05794905248557503,-9.682825608209763
0.1538264165489377,2.766474368979992,0.04812898174628244,-14.66193003172544
0.07299498043674228,3.783327335303959,0.02588281250792901,-13.68319976569983
0.5091600427334068,0.7706148182749217,0.1900134603045126,-16.60438540555489
0.05228307391814764,4.588720285048989,0.01609151732598324,-7.735201681790656
0.580925701266489,0.3406012189538359,0.2797411962060067,-32.09962949076378
0.163403928695266,1.763013127606033,0.09212456431639832,-8.235533228357284
0.3043465236176209,1.721669410435396,0.09473914850978715,-9.058553050872925
0.02975439313410359,6.138289609311393,0.006614260412451445,-25.2184586171075
0.2448559525374711,2.673962647097198,0.05100088548052317,-38.29150582162633
2.731941657024047e-16,10.16079261658053,0.0007172946551131099,-5.430083871254261
0.2975805788418757,1.943514732284889,0.08164370884121924,-17.63983498626694
0.111863178653283,2.858053891360008,0.04545871706675775,-9.625777954139604
0.2636211297157319,2.362903920705396,0.06212535219879189,-10.11019098160217
0.159919828696684,3.137325803681485,0.03825958680052782,-9.399363385654878
0.9931062416313903,4.696471653176104e-05,0.4972660377157317,-25.1835987097323
0.282210617893492,2.385980363293818,0.06121403347282089,-20.62322959942032
0.3055560131419296,2.109871260333119,0.07317581472443319,-15.48243180068285
0.2214556316990616,1.71844732181345,0.09494651576545521,-8.592540751690482
0.1607322515245551,2.810882989523922,0.04681341467097921,-14.23571381474835
0.2022928423372329,2.444015701536951,0.05898693339219396,-8.74110980995326
0.1475633951084679,3.289276569103507,0.0348668702546755,-19.70291457538032
9.555848176237971e-17,7.19707146128189,0.003651132469787766,-13.10019238795839
0.1934391472823555,2.628398463050498,0.05248377213928634,-9.104307179712286
0.2719979330409533,0.9596549683450277,0.1636369118147379,-17.73418476782682
0.2034442957053814,2.050639263506934,0.07607114808476828,-15.83395696872974
0.06766634290204997,5.195159531595927,0.01132493801647422,-13.25924472783942
0.1259962433938981,4.518088155331203,0.01676914456169443,-8.634512148947273
0.3970287728502464,0.6212356894602138,0.2152942332314027,-16.32802649331153
0.3174616775538579,1.95095731688426,0.08124186406388739,-8.753255529749929
0.3792497498138502,0.9664485482493035,0.1627837503538003,-41.53990409706707
0.07912225173201194,4.7340883517811,0.01478525794668734,-8.918854500037234
0.3402651943104813,0.5830324003889658,0.2225630827538494,-14.37532327434258
0.04218031409885461,5.026134463281917,0.0124837821177442,-7.389258783004374
0.2214912011414876,2.36960620689468,0.06185912833286372,-31.69872095647982
0.1209283835225096,2.284538396867543,0.0653345064911286,-14.61626041664527
0.1827162209448961,1.512381278824421,0.1093880418478129,-26.29832089009705
0.1049418861940623,4.005874146319602,0.02267098959099767,-13.98826025111986
0.1141490330612832,3.614371596846263,0.0286411792973203,-7.854926564006955
0.08923293282238001,3.642299140946786,0.02816454820660658,-9.904645808686194
0.2878876381083951,2.361650949186341,0.06217526291572234,-17.32566275857261
0.1413484129740199,3.283328497511881,0.03499342873761935,-9.065100643133304
0.02599192425954233,7.937834256765575,0.002420587022915033,-6.417606443317919
0.132986249699705,3.766407547904603,0.02614591461314719,-9.672878154855173
0.1335959829247806,3.245338500697468,0.03581344680444576,-9.164851717716791
4.42106668734662e-17,10.36552723272309,0.0006419511368628839,-11.20389005140196
0.2781577743814606,2.355799259028579,0.06240894878358727,-16.33934046905567
0.0385260849513713,5.757710677109309,0.008208223999663533,-8.194131506745141
0.5911270947331622,0.3894531446223866,0.2662934961384956,-18.18094497386429
0.2752787142219377,2.648201927310172,0.05183354751884645,-9.003629920207024
0.155896901508116,2.591638686480707,0.05371456874903613,-32.96358449229725
0.1411466572258815,2.886073198962308,0.04467422765051376,-9.490607849807253
1.101001413614899,0.01710550110100684,0.4479715077987156,-20.59312855344929
0.1572940341853309,3.108822308138478,0.03893462336417286,-9.938629515991771
0.1693476434148977,3.137477594172307,0.03825602588682203,-15.82646572002195
0.09044077112105733,3.46469012429154,0.03134612656697766,-8.577701254066788
0.1545406544183985,3.18268772757849,0.03721111011859224,-24.60370792382713
0.8997039688100218,0.02302164148771624,0.4397004039696009,-26.51453511125246
0.3647343187038429,1.011666770392694,0.1572519316824637,-21.32429511638132
0.1273227750415268,2.908697648273943,0.04405149671233866,-9.669828549700846
6.740639792367023e-18,9.571721035458747,0.0009879872779536281,-13.5759655875095
5.114956077737342e-17,9.362408652382648,0.001107404506379195,-4.739836115928021
0.03073936349308344,6.195843230294447,0.006402535004438936,-13.40284500941322
0.2842142526806606,2.201864235114449,0.06892197168409769,-15.89186856614538
0.6967135583870699,0.172118343128389,0.3391179952742759,-15.25885647160372
1.392567653785646,0.2949482602589484,0.2935334394980363,-44.77393571258644
2.336733624299296,2.754500795264534,0.04849054149439275,-37.04870497273355
1.554535299557664,0.5072107333157732,0.2381744038178344,-47.40327847239691
0.259324845998723,1.847851606213791,0.08701673611260624,-8.428403948181009
0.06749325343820538,5.32417165518067,0.01051580160270504,-13.69305877197054
0.1588312375670874,3.161829732410723,0.03768932699337796,-16.03182267486615
0.1723807926928537,3.028005211236657,0.04091928737762307,-14.68375475272787
0.1451531684609602,3.260387334736841,0.03548618013313343,-15.80563109997155
0.3946347661948272,0.8957933839210668,0.1719560847215678,-21.54152796301432
2.102117227696499,1.740227077275392,0.09355502859481413,-34.99679489729438
0.4998943248934651,0.5444347911107741,0.2303002971115617,-30.05173407496626
0.3208609193778051,1.778868129633757,0.09114418755289833,-21.44802060107476
0.1382030226225633,2.572106778553522,0.0543813979691421,-15.12805746423219
0.1859311143230078,2.497052879420348,0.05702978114065188,-9.735497332781657
0.07301535855474481,3.783570734291335,0.0258790481633191,-15.17944464859257
0.4272001451334496,0.9015908425330608,0.171177752868564,-16.94987957878502
2.092882335928766,1.723866231373904,0.09459806795981535,-32.61168703235852
0.5709451457216967,0.5595075858047309,0.227229355908415,-22.07243348920969
0.1177505753687214,1.765875279795672,0.0919466852864459,-23.6220968034472
0.1071171559612788,3.467009225651921,0.03130220323379496,-18.52754411427208
0.1650064175921331,2.407108860739651,0.06039262792091749,-8.662950304956
0.864070371021102,0.04822436361891391,0.4130911651635586,-28.8085826554357
0.1336403277148754,3.058621982458817,0.04015487562394887,-8.597663005682756
0.1394616105662245,2.807796550900143,0.04690357080733715,-8.201030230294023
0.1082550042182608,3.229890638336819,0.0361527585340114,-7.983904351681225
1.717264670536339,0.736288121921433,0.195426262867342,-34.92775820409928
0.9755515403202089,0.0005046704745552688,0.4910385664991391,-19.07926563442587
0.1225812591460265,2.617462012407437,0.05284668488638455,-8.532528084869409
0.2026783334836363,2.439536001176183,0.05915560868021658,-9.287991093742342
0.156080525860591,2.684203961576365,0.05067393036058965,-9.63013620391709
0.2883547281629469,1.92800615596952,0.08248837333737236,-8.933813498208256
0.5348521856890276,0.651360171656215,0.2098134010777254,-17.53641987618211
2.702804198316365,4.348494639585709,0.01852083697911538,-44.00461249878567
0.1162110789908033,2.416231824680555,0.06004173841573179,-9.722826205278842
0.489328602603174,0.5818361589171985,0.2227967519959453,-31.39470996000009
0.05075382474139436,5.156913136992539,0.01157700723785443,-14.75248846117439
0.0401686370455938,5.559901025426786,0.009188226574668612,-14.22889026866736
0.0386479517314679,4.860922848082875,0.01373581892764186,-8.908133926989276
1.041917572773588,0.003378829747731515,0.476823454318967,-23.05159899375285
0.3257198718926497,0.8395673926166225,0.1797602630521818,-17.57063918242985
0.134045113999946,1.721092580327628,0.09477623334551344,-16.79224726499047
0.37312723738998,0.9941813710982892,0.1593612769304745,-10.06524074686157
0.2911119831855098,1.905338754749948,0.08374097898019184,-9.690239101267208
0.5069713119195707,0.410974502798048,0.260737650133448,-15.56872153810012
0.1264311767426887,4.487263678962474,0.01707414721996559,-8.084546657843704
0.1083504621456493,3.210343667998997,0.036587056139333,-7.9790479042941
0.09413665804066454,3.576993898714086,0.02929253865021075,-17.67811796000438
0.2751490721823587,2.343247591922118,0.06291349478673386,-9.65373441620217
0.07251206182344783,2.40526885681291,0.06046367344598003,-15.56120347336689
0.5027917365013522,0.4608696513401895,0.2486089103873177,-60.07197022395282
0.1334102403791184,3.735132245659369,0.02663972448563312,-9.662760050650286
0.07663023614007439,4.106525176932831,0.02135902276887613,-8.595378973690419
0.156656588942209,2.556375188820475,0.05492509619053082,-8.887718374050522
0.4571106457527628,0.8037280987820239,0.1849905307973735,-26.23990397823204
2.804502661847769e-15,3.864035000889487,0.02466577733172842,-5.13473580688019
0.5297496063676311,0.5033393072710943,0.2390182614444299,-12.24869883434656
1.873180087232287e-15,3.458419022286733,0.03146522927715006,-17.78928582823758
2.804502661847769e-15,3.86403498038244,0.02466577763316652,-5.134735801320491
1.873180087232287e-15,3.458456580977568,0.03146451451704402,-4.543016808038746