dN/dS,LRT,p-value,Log(L)
4.936130869128893e-15,0.3266688695159914,0.2838135967041054,-4.130598190048786
2.804502661847769e-15,0.2125998377353602,0.3223686324011601,-3.819640940203803
4.936130869128893e-15,0.2072312077198291,0.3244731324574985,-4.112611391742038
8.48884454792928e-15,0.2100033049370538,0.3233824068356373,-4.035203214255059
8.054333073515119e-16,0.2100028013186757,0.3233826041993255,-3.988593424985785
4.936130869128893e-15,0.2316814313001814,0.3151399328412051,-4.382043043260209
1.038263951005382e-15,0.1357284997738759,0.3562824700265143,-4.454953090733879
2.804502661847769e-15,0.2610018661268256,0.3047163467299743,-4.026678378572044
2.804502661847769e-15,0.1876990986916303,0.33241928848248,-3.908984548832832
8.054333073515119e-16,0.2100028013186757,0.3233826041993255,-3.988593424985785
1.038263951005382e-15,0.1230821494692043,0.3628576983813671,-3.996474538703715
2.804502661847769e-15,0.2313759719904542,0.3152527188496123,-4.22420429461377
1.038263951005382e-15,0.1276242041291784,0.3604540880575657,-4.791987393128559
4.936130869128893e-15,0.2233360690007071,0.3182548368273053,-4.263583554453117
4.936130869128893e-15,0.2149127874413299,0.3214718810677752,-4.270704788607818
4.936130869128893e-15,0.2316814313001814,0.3151399328412051,-4.382043043260209
1,0,1,0
1,0,1,0
1,0,1,0
1,0,1,0
5.596366998522111,1.77921848147702,0.09112266088190185,-9.536043881913036
1,0,1,0
1,0,1,0
1,0,1,0
1,0,1,0
1,0,1,0
1,0,1,0
1,0,1,0
1,0,1,0
1,0,1,0
1,0,1,0
1.038263951005382e-15,0.4187248729455533,0.2587869972931475,-14.04759680693693
1,0,1,0
1,0,1,0
1,0,1,0
5.64667360488876e-15,0.3665351692400023,0.2724494909612791,-10.692735566377
1,0,1,0
1,0,1,0
1,0,1,0
1,0,1,0
1,0,1,0
1,0,1,0
1,0,1,0
1,0,1,0
1,0,1,0
1,0,1,0
1,0,1,0
1,0,1,0
17.09547594057628,7.422743520166261,0.003220226997928399,-12.41699815843428
1,0,1,0
1,0,1,0
1,0,1,0
1,0,1,0
1,0,1,0
1,0,1,0
1,0,1,0
1,0,1,0
1,0,1,0
1,0,1,0
1,0,1,0
1,0,1,0
1,0,1,0
1,0,1,0
1,0,1,0
1,0,1,0
5.306999459326939,1.687999895357873,0.09693241850306733,-8.385791997148734
1,0,1,0
1,0,1,0
1,0,1,0
1,0,1,0
1,0,1,0
1,0,1,0
1,0,1,0
1,0,1,0
1,0,1,0
1,0,1,0
1,0,1,0
1,0,1,0
1,0,1,0
1,0,1,0
1,0,1,0
1,0,1,0
1,0,1,0
1,0,1,0
1,0,1,0
1,0,1,0
1,0,1,0
1,0,1,0
1,0,1,0
1,0,1,0
1,0,1,0
1,0,1,0
1,0,1,0
8.48884454792928e-15,0.4219385168171605,0.2579856718308637,-9.405414284083717
1,0,1,0
1,0,1,0
1,0,1,0
1,0,1,0
1,0,1,0
1,0,1,0
1,0,1,0
1,0,1,0
1,0,1,0
1,0,1,0
8.48884454792928e-15,0.3886984517151397,0.2664921726660358,-8.68005682508061
1,0,1,0
1,0,1,0
6.416341841428751,1.997770125220693,0.07876540509545876,-8.873116870703006
1,0,1,0
1,0,1,0
1,0,1,0
1,0,1,0
1,0,1,0
1,0,1,0
1,0,1,0
1,0,1,0
1,0,1,0
1,0,1,0
1,0,1,0
1,0,1,0
1,0,1,0
5.438047737099658,1.734754208916183,0.0939024391119867,-8.26929747255941
1,0,1,0
1,0,1,0
1,0,1,0
1,0,1,0
1,0,1,0
5.653740471382179,1.796293793299668,0.09008060191594064,-8.1529471051252
1,0,1,0
1,0,1,0
8.48884454792928e-15,0.3136779228987727,0.287715992876885,-10.3733923886011
1,0,1,0
4.936130869128893e-15,0.3401573850142654,0.2798691952159993,-8.499885319999233
1,0,1,0
1,0,1,0
1,0,1,0
1,0,1,0
8.48884454792928e-15,0.374309394866188,0.2703322991247892,-8.058520896539063
1,0,1,0
2.093959926088373e-15,0.4282151864551373,0.2564330155524322,-9.8060533793169
1,0,1,0
1,0,1,0
1,0,1,0
1,0,1,0
1,0,1,0
1,0,1,0
12.1989808081452,6.212878015000495,0.006341213860215744,-13.86104152687101
1,0,1,0
1,0,1,0
1,0,1,0
1,0,1,0
1,0,1,0
4.936130869128893e-15,0.3191221254807104,0.286067846800262,-12.35660532834998
1,0,1,0
1,0,1,0
1,0,1,0
1,0,1,0
1,0,1,0
1,0,1,0
8.48884454792928e-15,0.3745961782993703,0.2702547772589379,-8.525929104646352
1,0,1,0
1,0,1,0
1,0,1,0
1,0,1,0
1,0,1,0
1,0,1,0
1,0,1,0
1,0,1,0
1,0,1,0
1,0,1,0
1,0,1,0
1,0,1,0
1,0,1,0
1,0,1,0
1,0,1,0
1,0,1,0
1.038263951005382e-15,0.3081501436397893,0.2894087778413267,-9.206528308087696
1,0,1,0
1,0,1,0
1,0,1,0
1,0,1,0
1,0,1,0
1,0,1,0
1,0,1,0
1,0,1,0
1,0,1,0
1,0,1,0
1,0,1,0
1,0,1,0
1,0,1,0
1,0,1,0
1,0,1,0
1,0,1,0
1,0,1,0
1,0,1,0
1,0,1,0
1,0,1,0
1,0,1,0
1,0,1,0
1,0,1,0
1,0,1,0
4.80380504770485,1.537175286472873,0.1075193741754051,-7.879864999038011
6.397282608632752,1.981820151335022,0.07959939447310049,-20.65839472422138
5.017469318705285,1.602827522752971,0.1027514847302628,-11.33515409898193
1,0,1,0
1,0,1,0
1,0,1,0
1,0,1,0
1,0,1,0
8.48884454792928e-15,0.2089208831346454,0.3238072612974077,-10.04616855779454
1,0,1,0
1,0,1,0
1,0,1,0
1,0,1,0
6.916456682156637,2.126889578405166,0.07236709564435811,-8.779785829368773
1,0,1,0
1,0,1,0
1,0,1,0
1,0,1,0
1,0,1,0
1,0,1,0
1,0,1,0
1,0,1,0
1,0,1,0
1,0,1,0
1,0,1,0
1,0,1,0
1,0,1,0
1,0,1,0
1,0,1,0
1,0,1,0
1,0,1,0
1,0,1,0
1,0,1,0
1,0,1,0
5.820047416479786,1.841871199946894,0.08736589475948164,-10.0143205328126
1,0,1,0
1,0,1,0
1,0,1,0
8.48884454792928e-15,0.4048082878582768,0.2623082229750585,-12.74081967286805
4.882111798806513,1.561976475298692,0.1056880304335158,-8.262137805853557
1,0,1,0
1,0,1,0
1,0,1,0
1,0,1,0
1,0,1,0
1,0,1,0
1,0,1,0
1,0,1,0
1,0,1,0
1,0,1,0
1,0,1,0
1,0,1,0
1,0,1,0
1,0,1,0
1,0,1,0
1,0,1,0
1,0,1,0
1,0,1,0
1,0,1,0
1,0,1,0
1,0,1,0
5.047363518519523,1.612850264889499,0.1020458025846152,-10.88287114712546
1,0,1,0
1,0,1,0
1,0,1,0
1,0,1,0
1,0,1,0
1,0,1,0
1,0,1,0
1,0,1,0
1,0,1,0
1,0,1,0
1,0,1,0
1,0,1,0
1,0,1,0
1,0,1,0
1,0,1,0
1,0,1,0
5.96863278328501,1.875660748464387,0.08541407636325582,-9.13187278946679
1,0,1,0
1,0,1,0
1,0,1,0
1,0,1,0
1,0,1,0
1,0,1,0
5.012986260163468,1.603383036769285,0.1027122216664906,-7.419927025060308
1,0,1,0
5.955393320588656,1.884595951341375,0.08490635304826888,-9.638515548924211
1,0,1,0
4.936130869128893e-15,0.4193254406859417,0.2586369141548615,-10.22612333497672
1,0,1,0
1,0,1,0
1,0,1,0
1,0,1,0
1,0,1,0
1,0,1,0
1,0,1,0
1,0,1,0
1,0,1,0
1,0,1,0
4.936130869128893e-15,0.4008281939915861,0.2633309263832779,-9.063171202780634
1,0,1,0
1,0,1,0
1,0,1,0
1,0,1,0
1,0,1,0
1,0,1,0
1,0,1,0
1,0,1,0
1,0,1,0
1,0,1,0
1,0,1,0
1,0,1,0
1,0,1,0
1,0,1,0
1,0,1,0
1,0,1,0
1,0,1,0
1.038263951005382e-15,0.3802033303151866,0.2687472187700501,-11.73878711587144
1,0,1,0
1,0,1,0
1,0,1,0
1,0,1,0
1,0,1,0
5.64667360488876e-15,0.348046110245793,0.2776106345169347,-12.77537086542283
1,0,1,0
1,0,1,0
1,0,1,0
1,0,1,0
1,0,1,0
1,0,1,0
1,0,1,0
1,0,1,0
1,0,1,0
1,0,1,0
1,0,1,0
1,0,1,0
4.936130869128893e-15,0.3665351588496435,0.2724494938113829,-8.650857482710313
1,0,1,0
1,0,1,0
1,0,1,0
1,0,1,0
1,0,1,0
1,0,1,0
2.093959926088373e-15,0.2570671533549795,0.3060711286900414,-4.310302500297788
2.449231293967717e-15,0.2640677066568458,0.3036696286738859,-3.703414004362974
4.936130869128893e-15,0.2149127874413299,0.3214718810677752,-4.270704788607818
1.038263951005382e-15,0.2570668361424069,0.3060712384353371,-8.720914756892233
4.936130869128893e-15,0.2316813878890471,0.3151399488635704,-4.123896101867713
8.48884454792928e-15,0.2100033049370538,0.3233824068356373,-4.035203214255059
4.936130869128893e-15,0.2316814017298299,0.3151399437551555,-8.594443441049684
1.038263951005382e-15,0.2570668352130063,0.3060712387568798,-8.719285574550998
4.936130869128893e-15,0.2149127874413299,0.3214718810677752,-4.270704788607818
2.449231293967717e-15,0.2640677066568458,0.3036696286738859,-3.703414004362974
9.682324783204268e-17,0.2370328295599959,0.3131787117049205,-3.630594039758924
2.804502661847769e-15,0.2284395662863083,0.3163416440787279,-3.618239835270586
1.038263951005382e-15,0.2570671527774735,0.3060711288898398,-4.263692459219328
8.48884454792928e-15,0.1399224896734772,0.3541790401085297,-4.374842409616982
1.028145822447522e-15,0.2370456982897071,0.3131740286076076,-4.089072591721973
5.64667360488876e-15,0.2433495420484242,0.3108986486140671,-4.005545517826833
4.936130869128893e-15,0.3266688695159914,0.2838135967041054,-4.130598190048786
9.608904389186423,2.697464284795448,0.05025399231027289,-7.368780606484483
2.271595610028619e-15,0.252891082133301,0.3075233472613501,-3.934280885549017
1.038263951005382e-15,0.2570671527774735,0.3060711288898398,-4.263692459219328
8.48884454792928e-15,0.1399224896734772,0.3541790401085297,-4.374842409616982
2.804502661847769e-15,0.1876990986916303,0.33241928848248,-3.908984548832832
1.038263951005382e-15,0.2570671527774735,0.3060711288898398,-4.263692459219328
4.936130869128893e-15,0.2149127874413299,0.3214718810677752,-4.270704788607818
2.804502661847769e-15,0.2488447382616652,0.3089448549818828,-4.186484199075672
4.936130869128893e-15,0.2378784145344905,0.3128713261402118,-4.175387161711156
17.93025518693728,3.570333275290029,0.02941025242566481,-11.03303434938459
2.804502661847769e-15,0.2284395662863083,0.3163416440787279,-3.618239835270586
1.038263951005382e-15,0.1948732118201359,0.3294456304691204,-4.356746706544023
1.028145822447522e-15,0.2370456982897071,0.3131740286076076,-4.089072591721973
2.093959926088373e-15,0.2570671533549795,0.3060711286900414,-4.310302500297788
1.20578150638828e-15,0.2072311570611589,0.3244731524702417,-3.854464450349541
2.269969926313108e-14,0.2461674933738465,0.3098933429213514,-8.60410354727401
9.682324783204268e-17,0.1550393943445583,0.3468826557049821,-3.918309714681322
4.936130869128893e-15,0.2316813878890471,0.3151399488635704,-4.123896101867713
4.936130869128893e-15,0.2316813878890471,0.3151399488635704,-4.123896101867713
2.804502661847769e-15,0.2528897965476258,0.3075237966275761,-3.887671486788758
8.48884454792928e-15,0.2083221626122764,0.3240428330429866,-9.009359421876624
9.682324783204268e-17,0.2125869690842048,0.322373638208549,-3.361162388240753
2.804502661847769e-15,0.2610018661268256,0.3047163467299743,-4.026678378572044
4.936130869128893e-15,0.2072312077198291,0.3244731324574985,-4.112611391742038
9.682324783204268e-17,0.1550393943445583,0.3468826557049821,-3.918309714681322
4.936130869128893e-15,0.2316813878890471,0.3151399488635704,-4.123896101867713
4.936130869128893e-15,0.2316813878890471,0.3151399488635704,-4.123896101867713
8.48884454792928e-15,0.2100033049370538,0.3233824068356373,-4.035203214255059
4.936130869128893e-15,0.2284408518713423,0.3163411654602707,-3.664849234030847
9.682324783204268e-17,0.1550393943445583,0.3468826557049821,-3.918309714681322
8.48884454792928e-15,0.2100033049370538,0.3233824068356373,-4.035203214255059
4.936130869128893e-15,0.2284408518713423,0.3163411654602707,-3.664849234030847
4.936130869128893e-15,0.2570661640701708,0.3060714709508864,-4.464030274034301
9.682324783204268e-17,0.2125869690842048,0.322373638208549,-3.361162388240753
1.038263951005382e-15,0.1276242041291784,0.3604540880575657,-4.791987393128559
2.804502661847769e-15,0.2284395662863083,0.3163416440787279,-3.618239835270586
2.804502661847769e-15,0.2488447382616652,0.3089448549818828,-4.186484199075672
1.038263951005382e-15,0.1230821494692043,0.3628576983813671,-3.996474538703715
8.48884454792928e-15,0.2100033049370538,0.3233824068356373,-4.035203214255059
1.028145822447522e-15,0.2370456982897071,0.3131740286076076,-4.089072591721973
9.682324783204268e-17,0.2125869690842048,0.322373638208549,-3.361162388240753
8.48884454792928e-15,0.2072311732169183,0.3244731460878972,-8.325011789531514
4.936130869128893e-15,0.2284408518713423,0.3163411654602707,-3.664849234030847
1.028145822447522e-15,0.2370456982897071,0.3131740286076076,-4.089072591721973
9.682324783204268e-17,0.2125869690842048,0.322373638208549,-3.361162388240753
4.936130869128893e-15,0.2149127874413299,0.3214718810677752,-4.270704788607818
4.936130869128893e-15,0.2378784145344905,0.3128713261402118,-4.175387161711156
9.682324783204268e-17,0.1550393943445583,0.3468826557049821,-3.918309714681322
8.054333073515119e-16,0.2100028013186757,0.3233826041993255,-3.988593424985785
9.682324783204268e-17,0.2370328295599959,0.3131787117049205,-3.630594039758924
9.682324783204268e-17,0.2125869690842048,0.322373638208549,-3.361162388240753
9.682324783204268e-17,0.2370328295599959,0.3131787117049205,-3.630594039758924
4.936130869128893e-15,0.2149127874413299,0.3214718810677752,-4.270704788607818
1.038263951005382e-15,0.1640926975920021,0.342708042040102,-4.098599765151526
9.682324783204268e-17,0.2370328295599959,0.3131787117049205,-3.630594039758924
1.038263951005382e-15,0.2233360259120118,0.3182548530927969,-8.605666451977411
9.682324783204268e-17,0.2370328295599959,0.3131787117049205,-3.630594039758924
4.936130869128893e-15,0.2570661640701708,0.3060714709508864,-4.464030274034301
4.0479524494288e-15,0.2351201199038453,0.3138765269566818,-3.728005647110257
8.054333073515119e-16,0.2100028013186757,0.3233826041993255,-3.988593424985785
4.936130869128893e-15,0.1550545066893694,0.346875571154612,-4.376788266644372
2.271595610028619e-15,0.252891082133301,0.3075233472613501,-3.934280885549017
8.48884454792928e-15,0.2083252237448097,0.3240416275742409,-4.597909331670086
1.028145822447522e-15,0.2370456982897071,0.3131740286076076,-4.089072591721973
9.682324783204268e-17,0.2125869690842048,0.322373638208549,-3.361162388240753
4.936130869128893e-15,0.1876990986660942,0.3324192884931839,-3.862375150072573
4.936130869128893e-15,0.2233360690007071,0.3182548368273053,-4.263583554453117
1.028145822447522e-15,0.2370456982897071,0.3131740286076076,-4.089072591721973
2.271595610028619e-15,0.252891082133301,0.3075233472613501,-3.934280885549017
4.936130869128893e-15,0.2072312077198291,0.3244731324574985,-4.112611391742038
9.682324783204268e-17,0.2125869690842048,0.322373638208549,-3.361162388240753
2.449231293967717e-15,0.2640677066568458,0.3036696286738859,-3.703414004362974
2.804502661847769e-15,0.2528897965476258,0.3075237966275761,-3.887671486788758
8.48884454792928e-15,0.2083252237448097,0.3240416275742409,-4.597909331670086
8.48884454792928e-15,0.1399224896734772,0.3541790401085297,-4.374842409616982
4.936130869128893e-15,0.1767280163363623,0.3371001713148604,-4.557084521358997
2.804502661847769e-15,0.1876990986916303,0.33241928848248,-3.908984548832832
1.038263951005382e-15,0.2276990138103052,0.3166176243602734,-8.075832149109004
4.936130869128893e-15,0.2316814057162162,0.3151399422838431,-4.582380858075182
1.028145822447522e-15,0.2370456982897071,0.3131740286076076,-4.089072591721973
1.038263951005382e-15,0.2083252181635054,0.3240416297721394,-4.551299293382248
1.038263951005382e-15,0.2083252181635054,0.3240416297721394,-4.551299293382248
4.936130869128893e-15,0.2233360690007071,0.3182548368273053,-4.263583554453117
4.936130869128893e-15,0.2316814313001885,0.3151399328412025,-4.428653084338669
1.038263951005382e-15,0.1276242041291784,0.3604540880575657,-4.791987393128559
1.028145822447522e-15,0.2370456982897071,0.3131740286076076,-4.089072591721973
4.936130869128893e-15,0.2284408518713423,0.3163411654602707,-3.664849234030847
2.269969926313108e-14,0.1543564834305933,0.3472032161432057,-8.51888263589993
4.936130869128893e-15,0.2378784145344905,0.3128713261402118,-4.175387161711156
1.20578150638828e-15,0.2072311570611589,0.3244731524702417,-3.854464450349541
8.054333073515119e-16,0.2100028013186757,0.3233826041993255,-3.988593424985785
2.804502661847769e-15,0.2528897965476258,0.3075237966275761,-3.887671486788758
5.64667360488876e-15,0.1276239484102835,0.3604542220139348,-4.333502609966393
4.936130869128893e-15,0.2072312077198291,0.3244731324574985,-4.112611391742038
2.271595610028619e-15,0.252891082133301,0.3075233472613501,-3.934280885549017
1.038263951005382e-15,0.1640926975920021,0.342708042040102,-4.098599765151526
9.682324783204268e-17,0.2370328295599959,0.3131787117049205,-3.630594039758924
4.936130869128893e-15,0.3266688695159914,0.2838135967041054,-4.130598190048786
4.936130869128893e-15,0.2284408518713423,0.3163411654602707,-3.664849234030847
9.682324783204268e-17,0.2125869690842048,0.322373638208549,-3.361162388240753
1.038263951005382e-15,0.1276242041291784,0.3604540880575657,-4.791987393128559
8.48884454792928e-15,0.2140582319809994,0.3218025144181191,-8.535218843820363
9.682324783204268e-17,0.2370328295599959,0.3131787117049205,-3.630594039758924
4.0479524494288e-15,0.2351201199038453,0.3138765269566818,-3.728005647110257
1.20578150638828e-15,0.2072311570611589,0.3244731524702417,-3.854464450349541
11.67207104437152,2.980047843989672,0.04214839030901901,-6.76252600817605
2.804502661847769e-15,0.2125998377353602,0.3223686324011601,-3.819640940203803
9.682324783204268e-17,0.1550393943445583,0.3468826557049821,-3.918309714681322
1.038263951005382e-15,0.1276242041291784,0.3604540880575657,-4.791987393128559
2.804502661847769e-15,0.2488447382616652,0.3089448549818828,-4.186484199075672
9.682324783204268e-17,0.2370328295599959,0.3131787117049205,-3.630594039758924
2.804502661847769e-15,0.2284395662863083,0.3163416440787279,-3.618239835270586
4.936130869128893e-15,0.2316814313001814,0.3151399328412051,-4.382043043260209
1.028145822447522e-15,0.2370456982897071,0.3131740286076076,-4.089072591721973
2.804502661847769e-15,0.2528897965476258,0.3075237966275761,-3.887671486788758
4.936130869128893e-15,0.3266688695159914,0.2838135967041054,-4.130598190048786
2.093959926088373e-15,0.2570671533549795,0.3060711286900414,-4.310302500297788
2.804502661847769e-15,0.2284395662863083,0.3163416440787279,-3.618239835270586
1.038263951005382e-15,0.2570671527774735,0.3060711288898398,-4.263692459219328
2.804502661847769e-15,0.2313759719904542,0.3152527188496123,-4.22420429461377
4.936130869128893e-15,0.2149127874413299,0.3214718810677752,-4.270704788607818
9.682324783204268e-17,0.2125869690842048,0.322373638208549,-3.361162388240753
2.449231293967717e-15,0.2640677066568458,0.3036696286738859,-3.703414004362974
2.804502661847769e-15,0.1876990986916303,0.33241928848248,-3.908984548832832
2.804502661847769e-15,0.2378797047482113,0.3128708576410285,-4.221996560471416
9.682324783204268e-17,0.2125869690842048,0.322373638208549,-3.361162388240753
2.804502661847769e-15,0.2313759719904542,0.3152527188496123,-4.22420429461377
2.271595610028619e-15,0.252891082133301,0.3075233472613501,-3.934280885549017
2.804502661847769e-15,0.2284395662863083,0.3163416440787279,-3.618239835270586
4.936130869128893e-15,0.2316814313001885,0.3151399328412025,-4.428653084338669
1.038263951005382e-15,0.2313764775639306,0.3152525320988953,-4.27081369337403
2.449231293967717e-15,0.2640677066568458,0.3036696286738859,-3.703414004362974
4.936130869128893e-15,0.2570661640701708,0.3060714709508864,-4.464030274034301
1.038263951005382e-15,0.1640926975920021,0.342708042040102,-4.098599765151526
8.48884454792928e-15,0.2100033049370538,0.3233824068356373,-4.035203214255059
4.0479524494288e-15,0.2351201199038453,0.3138765269566818,-3.728005647110257
2.804502661847769e-15,0.2284395662863083,0.3163416440787279,-3.618239835270586
8.48884454792928e-15,0.2455288870461629,0.3101205357569465,-8.605775356743624
4.936130869128893e-15,0.2072312077198291,0.3244731324574985,-4.112611391742038
4.936130869128893e-15,0.1876990986660942,0.3324192884931839,-3.862375150072573
2.271595610028619e-15,0.252891082133301,0.3075233472613501,-3.934280885549017
4.936130869128893e-15,0.2378784145344905,0.3128713261402118,-4.175387161711156
2.804502661847769e-15,0.2528897965476258,0.3075237966275761,-3.887671486788758
4.936130869128893e-15,0.2233360231241193,0.3182548541451947,-4.00543661306062
2.804502661847769e-15,0.1876990986916303,0.33241928848248,-3.908984548832832
4.0479524494288e-15,0.2351201199038453,0.3138765269566818,-3.728005647110257
2.271595610028619e-15,0.252891082133301,0.3075233472613501,-3.934280885549017
9.682324783204268e-17,0.2370328295599959,0.3131787117049205,-3.630594039758924
4.936130869128893e-15,0.2316813878890471,0.3151399488635704,-4.123896101867713
8.48884454792928e-15,0.1249906034906516,0.3618417852487699,-8.595376397282665
4.936130869128893e-15,0.2284408518713423,0.3163411654602707,-3.664849234030847
4.936130869128893e-15,0.2284408518713423,0.3163411654602707,-3.664849234030847
4.936130869128893e-15,0.2245310635767126,0.3178044763191864,-4.760504005247052
4.936130869128893e-15,0.2149127874413299,0.3214718810677752,-4.270704788607818
4.936130869128893e-15,0.1550545066893694,0.346875571154612,-4.376788266644372
8.48884454792928e-15,0.2100033049370538,0.3233824068356373,-4.035203214255059
9.682324783204268e-17,0.2125869690842048,0.322373638208549,-3.361162388240753
1.038263951005382e-15,0.2570671527774735,0.3060711288898398,-4.263692459219328
4.936130869128893e-15,0.2233360690007071,0.3182548368273053,-4.263583554453117
1.028145822447522e-15,0.2370456982897071,0.3131740286076076,-4.089072591721973
1.038263951005382e-15,0.1276242041291784,0.3604540880575657,-4.791987393128559
2.804502661847769e-15,0.2125998377353602,0.3223686324011601,-3.819640940203803
1.038263951005382e-15,0.1640926975920021,0.342708042040102,-4.098599765151526
5.64667360488876e-15,0.2433495420484242,0.3108986486140671,-4.005545517826833
2.804502661847769e-15,0.1876990986916303,0.33241928848248,-3.908984548832832
9.682324783204268e-17,0.2125869690842048,0.322373638208549,-3.361162388240753
2.804502661847769e-15,0.2528897965476258,0.3075237966275761,-3.887671486788758
8.48884454792928e-15,0.1399224896734772,0.3541790401085297,-4.374842409616982
8.48884454792928e-15,0.2100033049370538,0.3233824068356373,-4.035203214255059
5.64667360488876e-15,0.1276239484102835,0.3604542220139348,-4.333502609966393
8.48884454792928e-15,0.1399224896734772,0.3541790401085297,-4.374842409616982
8.054333073515119e-16,0.2100028013186757,0.3233826041993255,-3.988593424985785
2.093959926088373e-15,0.194873213609041,0.3294456297358316,-4.403356747622484
5.64667360488876e-15,0.2149115010164344,0.3214723781937419,-4.224095389847559
4.936130869128893e-15,0.2316814313001885,0.3151399328412025,-4.428653084338669
10.18328824463586,2.695908998657535,0.05030304887006598,-7.080563049311364
1.038263951005382e-15,0.1640926975920021,0.342708042040102,-4.098599765151526
2.804502661847769e-15,0.2313759719904542,0.3152527188496123,-4.22420429461377
5.64667360488876e-15,0.2149115010164344,0.3214723781937419,-4.224095389847559
1.038263951005382e-15,0.1357284997738759,0.3562824700265143,-4.454953090733879
1.038263951005382e-15,0.2083252181635054,0.3240416297721394,-4.551299293382248
2.804502661847769e-15,0.2313759719904542,0.3152527188496123,-4.22420429461377
11.56166266870381,2.969024522564002,0.0424365091728372,-7.032662853457182
1.038263951005382e-15,0.2233360689990818,0.3182548368279189,-8.721642155185236
1.038263951005382e-15,0.1357284997738759,0.3562824700265143,-4.454953090733879
1.038263951005382e-15,0.1276242041291784,0.3604540880575657,-4.791987393128559
4.936130869128893e-15,0.2570661640701708,0.3060714709508864,-4.464030274034301
4.936130869128893e-15,0.2149127874413299,0.3214718810677752,-4.270704788607818
8.48884454792928e-15,0.2100033049370538,0.3233824068356373,-4.035203214255059
4.936130869128893e-15,0.3266688695159914,0.2838135967041054,-4.130598190048786
8.48884454792928e-15,0.1399224896734772,0.3541790401085297,-4.374842409616982
4.936130869128893e-15,0.2316814313001885,0.3151399328412025,-4.428653084338669
1.038263951005382e-15,0.2313764775639306,0.3152525320988953,-4.27081369337403
9.682324783204268e-17,0.1550393943445583,0.3468826557049821,-3.918309714681322
9.682324783204268e-17,0.2125869690842048,0.322373638208549,-3.361162388240753
2.093959926088373e-15,0.2570671533549795,0.3060711286900414,-4.310302500297788
4.936130869128893e-15,0.2284408518713423,0.3163411654602707,-3.664849234030847
8.054333073515119e-16,0.2100028013186757,0.3233826041993255,-3.988593424985785
2.804502661847769e-15,0.2488447382616652,0.3089448549818828,-4.186484199075672
1.038263951005382e-15,0.2313764775639306,0.3152525320988953,-4.27081369337403
4.936130869128893e-15,0.2284408518713423,0.3163411654602707,-3.664849234030847
8.054333073515119e-16,0.2100028013186757,0.3233826041993255,-3.988593424985785
1.038263951005382e-15,0.2313764775639306,0.3152525320988953,-4.27081369337403
8.054333073515119e-16,0.2100028013186757,0.3233826041993255,-3.988593424985785