dN/dS,LRT,p-value,Log(L)
1,0,1,0
3.561778275936815,1.096564592727486,0.1475106353459746,-11.75949516171814
1,0,1,0
1,0,1,0
1,0,1,0
1,0,1,0
1,0,1,0
1,0,1,0
1,0,1,0
1,0,1,0
1.038263951005382e-15,0.2797360976287351,0.2984371199409581,-11.63483540565126
4.936130869128893e-15,0.6219435281775851,0.2151629872333277,-10.83236144388567
4.936130869128893e-15,0.2891370054224325,0.295387044464122,-10.57978790982187
1,0,1,0
5.64667360488876e-15,0.4882143614919698,0.2423624599793169,-11.40348776726282
1,0,1,0
1,0,1,0
1,0,1,0
3.900344793400202,1.231575441903551,0.1335504354257512,-12.69706691188197
2.804502661847769e-15,0.5846291506710237,0.2222517703033586,-10.25021411805054
1,0,1,0
1,0,1,0
1,0,1,0
1,0,1,0
1,0,1,0
1,0,1,0
1,0,1,0
1,0,1,0
1,0,1,0
1,0,1,0
1,0,1,0
1.028145822447522e-15,0.7547625765775905,0.1924862736457641,-10.30219781841854
1,0,1,0
1,0,1,0
1,0,1,0
1,0,1,0
1,0,1,0
1,0,1,0
1,0,1,0
1,0,1,0
5.64667360488876e-15,0.2889664198743738,0.295441817618885,-10.5971403857604
1,0,1,0
1,0,1,0
1,0,1,0
1,0,1,0
3.430270532451758,1.044519449882834,0.1533863460225355,-9.94693307858382
3.282937618178608,0.982351995760478,0.1608094126961863,-9.205644257928103
1,0,1,0
1,0,1,0
1,0,1,0
2.804502661847769e-15,0.6479401676752516,0.2104250437169491,-10.13368379996705
2.093959926088373e-15,0.6017201350106518,0.2189612341601996,-10.62014174602782
1,0,1,0
1,0,1,0
1,0,1,0
3.446579633462727,1.051125937693342,0.1526239579118679,-18.29230363820009
1,0,1,0
1,0,1,0
1,0,1,0
1,0,1,0
1,0,1,0
1,0,1,0
1,0,1,0
1,0,1,0
1,0,1,0
2.924431226944102,0.8269787231633714,0.1815738100725153,-8.99085385267796
1,0,1,0
1.038263951005382e-15,0.6219291275903736,0.2151656561532997,-10.14161688578318
2.984814999125999,0.8538148950306201,0.1777376789677081,-9.793902189212689
2.728672103239509,0.737867234400305,0.1951724683557252,-16.4372977173812
4.936130869128893e-15,0.5846291506712866,0.2222517703033073,-11.50172068267954
1,0,1,0
5.766226831624416,1.844091837235101,0.08723605762486419,-10.53935414175279
1,0,1,0
1,0,1,0
1,0,1,0
1,0,1,0
3.103387308512128,0.9058072737705309,0.1706146626617961,-8.799481079670452
1,0,1,0
1,0,1,0
1,0,1,0
1.985752832009056e-14,0.2891369470156135,0.295387063214348,-18.543678678412
1,0,1,0
1,0,1,0
1,0,1,0
1,0,1,0
1,0,1,0
1,0,1,0
1.038263951005382e-15,0.6747364459726413,0.2057025620693956,-9.517613070521781
1.038263951005382e-15,0.5846291506710202,0.2222517703033593,-10.24437565058639
6.884482951791933,4.278457742918299,0.01929917790223701,-17.93726673934504
1,0,1,0
1,0,1,0
1,0,1,0
1,0,1,0
1,0,1,0
1,0,1,0
4.936130869128893e-15,0.5662748119661458,0.2258715078801691,-9.914602921747649
1,0,1,0
1,0,1,0
1,0,1,0
1,0,1,0
1,0,1,0
1,0,1,0
1,0,1,0
1,0,1,0
4.0479524494288e-15,0.7375759227814704,0.1952192523643977,-10.46374712765513
1,0,1,0
3.021309976666414,0.8706672048887611,0.1753853322009079,-9.785305824941574
1,0,1,0
1,0,1,0
1,0,1,0
1,0,1,0
1,0,1,0
1,0,1,0
1,0,1,0
1,0,1,0
1.038263951005382e-15,0.6017201349686196,0.2189612341681999,-9.516273385254648
3.507370978331366,1.077406498223443,0.1496392326919732,-13.39137757832018
1,0,1,0
1,0,1,0
4.936130869128893e-15,0.6673660341638907,0.2069857187003228,-10.27399392713975
1,0,1,0
1,0,1,0
2.801615888374182,0.7715931412840291,0.1898623260871752,-9.890241260523647
1,0,1,0
1,0,1,0
1,0,1,0
1,0,1,0
1,0,1,0
1,0,1,0
2.804502661847769e-15,0.7674833837653132,0.1904983577133463,-12.77636903996084
2.093959926088373e-15,0.5856964498102215,0.2220440583667752,-12.67776873043803
1,0,1,0
1,0,1,0
2.804502661847769e-15,0.4882141846501327,0.2423624995292242,-11.39988765742185
1,0,1,0
1,0,1,0
1,0,1,0
1,0,1,0
1,0,1,0
1,0,1,0
1,0,1,0
1,0,1,0
1,0,1,0
2.804502661847769e-15,0.6017201360685505,0.2189612339588434,-9.384413585055304
1,0,1,0
1,0,1,0
1,0,1,0
1,0,1,0
1,0,1,0
1,0,1,0
8.289562979472869,4.921351308973399,0.01326338061484306,-16.09847833356615
3.014495434240593,0.8676341461650381,0.1758055553611074,-10.47852183096218
1,0,1,0
1,0,1,0
1,0,1,0
2.890873353715348,0.8119595205032581,0.1837707756991583,-10.027643622458
5.64667360488876e-15,0.5022496853804732,0.2392566471911631,-10.35825872330712
3.623312384263571,1.121641257699054,0.1447826615425061,-12.57896881181259
1,0,1,0
1,0,1,0
1,0,1,0
1,0,1,0
1,0,1,0
1,0,1,0
1,0,1,0
1,0,1,0
1,0,1,0
1.038263951005382e-15,0.3010484983148913,0.291612926007693,-10.76565422285715
1,0,1,0
1,0,1,0
1,0,1,0
1,0,1,0
1,0,1,0
1,0,1,0
1,0,1,0
1,0,1,0
1,0,1,0
7.090468502314778,2.192021505367258,0.06936356986529307,-11.76214440015619
2.804502661847769e-15,0.5931054129539497,0.2206103905208753,-9.935551856103602
1,0,1,0
3.433989387943117,1.045956946362608,0.1532200397285579,-10.35015978545199
1,0,1,0
1,0,1,0
1,0,1,0
1,0,1,0
6.138885855176627,3.888155339598313,0.02431390315185361,-16.2258231344354
1,0,1,0
1,0,1,0
2.982977231949101,0.8529959623169283,0.1778530869845016,-12.13375233036152
1,0,1,0
1,0,1,0
1,0,1,0
1,0,1,0
1,0,1,0
1,0,1,0
4.936130869128893e-15,0.6017201360685576,0.218961233958842,-10.63602028910788
2.093959926088373e-15,0.5919415043535992,0.220834665806136,-9.496588439904473
3.407634517055063,1.035650348845746,0.1544176239860155,-10.17052189243397
4.936130869128893e-15,0.584629117583777,0.2222517767472745,-11.48611511295868
2.801138046861317,0.7714826078494568,0.1898793931107988,-11.02490619450214
1,0,1,0
1,0,1,0
1,0,1,0
1,0,1,0
1,0,1,0
3.612203146645886,1.1178442846882,0.1451915545945106,-10.01697109336263
1,0,1,0
1,0,1,0
1,0,1,0
1,0,1,0
1,0,1,0
1,0,1,0
9.137689082590612,5.262698599381071,0.0108936056679213,-13.68769023109028
1,0,1,0
1,0,1,0
1,0,1,0
1,0,1,0
1,0,1,0
1,0,1,0
1,0,1,0
7.48333814157527,4.556628621826448,0.01639578154173044,-18.25692650845096
1,0,1,0
1,0,1,0
1,0,1,0
1,0,1,0
5.64667360488876e-15,0.5856964503908557,0.2220440582538569,-11.94147237601897
1,0,1,0
1,0,1,0
3.452246328256851,1.054998887864581,0.1521793003251983,-11.54843858106853
4.936130869128893e-15,0.5930662900800776,0.2206179234708186,-9.229002744238317
1,0,1,0
1,0,1,0
1,0,1,0
8.783834516003418,7.669988205073359,0.002807341204425329,-20.62058219498085
1,0,1,0
1,0,1,0
3.340435439247871,1.007319083738643,0.1577729806849636,-9.773036924688828
1,0,1,0
1,0,1,0
2.093959926088373e-15,0.6017201360685611,0.2189612339588413,-9.939953764364557
1,0,1,0
1,0,1,0
15.42732398417523,17.83666079978975,1.203503380786675e-05,-30.98566495078271
1,0,1,0
1,0,1,0
1,0,1,0
1,0,1,0
1,0,1,0
1,0,1,0
1,0,1,0
1.038263951005382e-15,0.6017201344395815,0.2189612342688949,-16.48564018672149
1,0,1,0
1,0,1,0
1,0,1,0
1,0,1,0
1,0,1,0
1,0,1,0
1.038263951005382e-15,0.2987441681596472,0.2923353938476254,-10.88514809152479
1.028145822447522e-15,0.5394565064980519,0.2313290275590725,-10.34640390118186
3.421686244915654,1.039847887216407,0.1539284260049183,-12.32094572967625
1,0,1,0
1,0,1,0
1,0,1,0
1,0,1,0
1,0,1,0
1,0,1,0
2.804502661847769e-15,0.6673660341638872,0.2069857187003233,-10.55660541752847
4.936130869128893e-15,0.5846291506712866,0.2222517703033073,-11.50167455025039
1,0,1,0
1,0,1,0
1,0,1,0
1,0,1,0
1,0,1,0
1,0,1,0
1,0,1,0
1,0,1,0
1,0,1,0
1,0,1,0
1,0,1,0
1,0,1,0
1,0,1,0
2.297418574301127,0.5325401736737909,0.2327704356473539,-9.075893681333923
2.820291748422826,0.7800333689757188,0.188565467307073,-10.28812921414984
1,0,1,0
2.986104991681517,0.8543981088414334,0.1776555521496033,-9.328690745102261
1,0,1,0
1,0,1,0
1,0,1,0
2.623466937319368,0.6892313338894027,0.2032129778489429,-9.372537860333468
1,0,1,0
1,0,1,0
1,0,1,0
2.093959926088373e-15,0.5018340310189657,0.2393476857673231,-13.01333327060336
1,0,1,0
1,0,1,0
1.028145822447522e-15,0.5394420309508448,0.2313320294840571,-9.651982325546351
1,0,1,0
1,0,1,0
1,0,1,0
1,0,1,0
1,0,1,0
3.763766491882643,1.176989107398889,0.1389849034707231,-18.44682589013214
1,0,1,0
1,0,1,0
3.003249434909285,0.8618323376422552,0.1766132162681953,-10.96081751657094
1,0,1,0
1,0,1,0
1,0,1,0
1,0,1,0
3.448792785195016,1.051183059442813,0.1526173874939447,-9.382028171476088
1,0,1,0
1,0,1,0
2.804502661847769e-15,0.7190250196416272,0.1982319533717308,-10.04133344123959
1.038263951005382e-15,0.5389839034155344,0.2314270675758536,-11.10007201542998
1,0,1,0
1,0,1,0
1,0,1,0
1,0,1,0
1,0,1,0
1,0,1,0
1,0,1,0
1,0,1,0
3.345921738471241,1.009584032842593,0.1575012562708842,-10.74173981929759
1,0,1,0
1,0,1,0
1,0,1,0
1,0,1,0
1,0,1,0
1,0,1,0
4.936130869128893e-15,0.301000242776265,0.2916280184595129,-12.20341966303951
1,0,1,0
1,0,1,0
4.936130869128893e-15,0.7674833193879174,0.1904983677000485,-10.74663928690232
1,0,1,0
1,0,1,0
1,0,1,0
3.340434592273221,1.007318728558761,0.1577730233437421,-9.77283101745728
1,0,1,0
1,0,1,0
1,0,1,0
1,0,1,0
1,0,1,0
1,0,1,0
1,0,1,0
4.936130869128893e-15,0.6978541045840494,0.2017528435087791,-10.99380001681179
1,0,1,0
1.038263951005382e-15,0.7676539136891307,0.1904719064364901,-23.38539959077162
1,0,1,0
1,0,1,0
1.038263951005382e-15,0.6673660331542521,0.2069857188769051,-19.58641594541408
1,0,1,0
1,0,1,0
1,0,1,0
1,0,1,0
1,0,1,0
1,0,1,0
1,0,1,0
1,0,1,0
1,0,1,0
1,0,1,0
5.64667360488876e-15,0.601720134914423,0.2189612341785154,-9.969988207525457
1,0,1,0
1,0,1,0
1,0,1,0
1,0,1,0
1,0,1,0
1,0,1,0
1,0,1,0
1,0,1,0
5.70731058720603,1.82521493905017,0.08834689011754543,-11.56510046036399
1.038263951005382e-15,0.5931242101219567,0.2206067713435395,-10.62262422209287
1,0,1,0
4.936130869128893e-15,0.6479433628911551,0.2104244710349594,-10.19429219710024
2.804502661847769e-15,0.7676539198040864,0.1904719054880789,-11.461700710141
1,0,1,0
1,0,1,0
1,0,1,0
1,0,1,0
1,0,1,0
1,0,1,0
1,0,1,0
1,0,1,0
1,0,1,0
1.038263951005382e-15,0.5856964504265925,0.222044058246907,-10.68342614761309
1,0,1,0
1,0,1,0
1,0,1,0
4.936130869128893e-15,0.5394638336462023,0.2313275080858082,-11.04618130650545
4.936130869128893e-15,0.5930666553322688,0.2206178531411672,-9.236491651123218
1,0,1,0
4.936130869128893e-15,0.5394566303756747,0.2313290018697183,-10.35265012305141
1,0,1,0
1,0,1,0
1,0,1,0
1,0,1,0
1,0,1,0
1,0,1,0
1,0,1,0
1,0,1,0
1,0,1,0
1,0,1,0
1.038263951005382e-15,0.5856964492905306,0.2220440584678416,-16.3699031253312
2.804502661847769e-15,0.5930668619884436,0.2206178133493424,-9.238066669414945
1,0,1,0
1,0,1,0
1,0,1,0
1,0,1,0
1,0,1,0
1,0,1,0
1,0,1,0
1,0,1,0
1,0,1,0
1,0,1,0
4.400736639457793,1.413084388389535,0.1172725207037842,-11.48775712271773
1,0,1,0
1,0,1,0
1,0,1,0
1,0,1,0
1,0,1,0
1,0,1,0
4.936130869128893e-15,0.3592352359006625,0.2744656364866493,-10.32308727040805
1.028145822447522e-15,0.67469820083004,0.2057091900681657,-9.113811276555893
1,0,1,0
1,0,1,0
1,0,1,0
1,0,1,0
1,0,1,0
1,0,1,0
1,0,1,0
1,0,1,0
1,0,1,0
1,0,1,0
1,0,1,0
1,0,1,0
1,0,1,0
1.038263951005382e-15,0.4654325651056084,0.2475479704198451,-10.63619165831918
1,0,1,0
1,0,1,0
4.936130869128893e-15,0.667366033210989,0.2069857188669821,-9.842651391640725
3.105306205365097,0.9065644273987061,0.1705138117799451,-11.16002817691966
1,0,1,0
1,0,1,0
1,0,1,0
1,0,1,0
1,0,1,0
1,0,1,0
1,0,1,0
1,0,1,0
1,0,1,0
1,0,1,0
1,0,1,0
1,0,1,0
1,0,1,0
1,0,1,0
1,0,1,0
1,0,1,0
1,0,1,0
1,0,1,0
1,0,1,0
1,0,1,0
1,0,1,0
1,0,1,0
1,0,1,0
1,0,1,0
1,0,1,0
6.198163805414884,3.920327800042482,0.02385278871137231,-14.26692869489495
3.558577717322638,1.095314948409602,0.1476482906295508,-9.646364620798025
1,0,1,0
1,0,1,0
1,0,1,0
1,0,1,0
1,0,1,0
1,0,1,0
1,0,1,0
1,0,1,0
1,0,1,0
1,0,1,0
1,0,1,0
1,0,1,0
1,0,1,0
4.127712053663475,1.314868920445136,0.1257574997123597,-16.05398562637437
1,0,1,0
1,0,1,0
1,0,1,0
1,0,1,0
1,0,1,0
1,0,1,0
1,0,1,0
1,0,1,0
3.029787279956282,0.8743206839168352,0.174880965667102,-10.88126657351484
1,0,1,0
2.845566343372702,0.7911131727151641,0.1868818693524421,-10.83785769176754
1,0,1,0
1,0,1,0
1,0,1,0
1,0,1,0
1,0,1,0
1,0,1,0
1,0,1,0
1,0,1,0
2.983499735099698,0.8532247660038337,0.1778208325138083,-10.48764079705591
1,0,1,0
1,0,1,0
1,0,1,0
1,0,1,0
1,0,1,0
1,0,1,0
1,0,1,0
1,0,1,0
1,0,1,0
1,0,1,0
1,0,1,0
1,0,1,0
1,0,1,0
8.48884454792928e-15,0.3592168907954267,0.2744707381454491,-10.02995124737536
1,0,1,0
1,0,1,0
1,0,1,0
1,0,1,0
1,0,1,0
1,0,1,0
1,0,1,0
1,0,1,0
1,0,1,0
1,0,1,0
1,0,1,0
1,0,1,0
1,0,1,0
4.936130869128893e-15,0.5394566313381262,0.2313290016701282,-10.35271695562255
1,0,1,0
1,0,1,0
1,0,1,0
1,0,1,0
1,0,1,0
1,0,1,0
5.957123962388433,3.787080148794804,0.02582483681038811,-14.75835073618089
1,0,1,0
1,0,1,0
1,0,1,0
1,0,1,0
3.875408589519651,1.222132268292256,0.1344712995713548,-10.81601724104631
1,0,1,0
3.347299900659815,1.010150945581476,0.1574333399486625,-10.04800865778951
3.325252524828636,1.000936192416582,0.1585420413749899,-11.42573262532986
1,0,1,0
1,0,1,0
1,0,1,0
1,0,1,0
1,0,1,0
1,0,1,0
1,0,1,0
1,0,1,0
1,0,1,0
1,0,1,0
5.64667360488876e-15,0.5662716642802614,0.2258721365082346,-9.855312559451878
1,0,1,0
1,0,1,0
1,0,1,0
1,0,1,0
1,0,1,0
1,0,1,0
3.734141426517168,1.165673083955461,0.1401460461587756,-9.929994289179666
1,0,1,0
1,0,1,0