dN/dS,LRT,p-value,Log(L)
2.271595610028619e-15,0.916450231497727,0.1692043775353214,-4.143700263194261
4.6687352397607e-17,0.597244887568511,0.2198155806512678,-3.933566533224933
4.936130869128893e-15,0.5757249170509162,0.2239964563962104,-4.165817208911713
2.744589317728e-16,0.5931805488800173,0.2205959245144224,-4.136670548700569
4.936130869128893e-15,0.6145448980154065,0.2165408448017,-10.70987654089701
6.728744545674702e-16,0.64623269155876,0.2107314097952432,-4.451473050542523
4.936130869128893e-15,0.3942982054127242,0.2650243455699618,-4.606848032152615
6.728744545674702e-16,0.725100377671362,0.1972379859295398,-4.092176765032818
1.028145822447522e-15,0.5329018353599757,0.2326947081202224,-4.003904276537806
2.093959926088373e-15,0.5931781631333894,0.2205963838225327,-4.06962012196637
1.028145822447522e-15,0.3579806988770073,0.2748149240060291,-7.805374728087769
2.093959926088373e-15,0.6468402229611421,0.2106223263860877,-10.80571394900922
4.0479524494288e-15,0.3688099569548129,0.27182682959459,-4.970450440825641
2.093959926088373e-15,0.6306735044412708,0.2135541878511406,-4.371782180197191
1.340273035413137e-15,0.6177507537406939,0.215942175005285,-4.352937958594528
6.728744545674702e-16,0.64623269155876,0.2107314097952432,-4.451473050542523
1,0,1,0
9.682324783204268e-17,2.211297279648349,0.06850170967376834,-10.69437322652658
1,0,1,0
1,0,1,0
2.449231293967717e-15,2.483206727358386,0.05753371709017691,-20.0595343696608
1,0,1,0
1,0,1,0
0.8410344659569621,0.03157576887618418,0.4294809733897342,-13.32431404125816
1,0,1,0
3.822142874139236,4.764433672732139,0.01452680806666345,-35.00623607930798
6.728744545674702e-16,2.391179286788645,0.06101077419088707,-15.03173107832072
1,0,1,0
1,0,1,0
1.028145822447522e-15,2.393469145288268,0.06092148638496231,-10.16753120673544
1.028145822447522e-15,1.735382374961439,0.09386248780844803,-11.47558469249147
5.840566125974614e-16,2.625022091903872,0.05259552055827044,-13.81813979144683
6.728744545674702e-16,2.49502936204739,0.05710312313903843,-11.48367473637252
1,0,1,0
1,0,1,0
5.840566125974614e-16,2.333745008117237,0.06329849094638867,-9.046615754086675
0.8981068397039801,0.01191928075065363,0.4565316625907128,-11.42298926538227
1,0,1,0
1,0,1,0
6.728744545674702e-16,2.13088739383149,0.07217858135291788,-11.13225458508769
2.04523067647707,0.8124164261636935,0.1837033983436445,-16.82857020987572
1,0,1,0
1,0,1,0
1,0,1,0
1,0,1,0
6.728744545674702e-16,2.130887392926518,0.07217858139552863,-14.67796415672445
9.682324783204268e-17,2.384484160621149,0.06127266869540804,-9.979661669982395
1,0,1,0
1.247528282411561,0.04526183449961962,0.4157616498209866,-19.52631715407303
1,0,1,0
1,0,1,0
1.028145822447522e-15,2.333745065658299,0.06329848860720166,-28.55006319088995
1,0,1,0
1,0,1,0
1,0,1,0
1,0,1,0
1.028145822447522e-15,2.471632749817893,0.05795872737453167,-10.9938794793815
1,0,1,0
1,0,1,0
1,0,1,0
1,0,1,0
1,0,1,0
1,0,1,0
0.9379030407838391,0.004174082089765108,0.4742434012319953,-11.1917941112428
3.098538440774574,3.594845048787931,0.02897951578179025,-27.03149811546677
3.431870918288535,4.151224975508889,0.02080220774869035,-25.34366857483036
0.7324693855260094,0.1071395152440182,0.3717122791799478,-10.61361865611524
1,0,1,0
1.529675252877635,0.3128714558915604,0.2879617337507307,-19.9434471391934
1,0,1,0
1,0,1,0
2.804502661847769e-15,2.494663257796994,0.05711640362451487,-17.09159705047378
2.460654811437614,1.218144395997562,0.1348625613629311,-19.20102662028051
1.028145822447522e-15,2.194965566156714,0.06923115166108185,-8.634593003010405
1,0,1,0
1,0,1,0
5.840566125974614e-16,2.483539163170729,0.05752156056879931,-11.53803586999614
1.639234577154064,0.4141412240619005,0.2599375161119365,-13.47382100221084
1,0,1,0
1,0,1,0
6.728744545674702e-16,2.130887175614227,0.07217859162770035,-10.00001111643375
2.804502661847769e-15,1.363898477393175,0.1214314912662082,-8.775391063703163
1,0,1,0
1,0,1,0
5.840566125974614e-16,2.391179724891252,0.06101075709420684,-10.44591174156477
1,0,1,0
2.804502661847769e-15,1.45748580147599,0.1136652900488085,-11.28102076780656
1,0,1,0
1,0,1,0
1.028145822447522e-15,2.241314380795718,0.06718336052344909,-11.10288885002682
0.9498625517905984,0.00267735833102023,0.4793666589509132,-11.79530172774966
1,0,1,0
1.522105894512976,0.3060929563398531,0.2900438292953411,-21.60957440130505
1.52917919874489,0.3125078412193076,0.2880726678459027,-25.97466962761656
1,0,1,0
1,0,1,0
1.028145822447522e-15,2.384483522488367,0.06127269371670674,-9.975897887941656
1,0,1,0
1.732753755795379,0.5019830100224567,0.2393150491753318,-19.51004208896327
1,0,1,0
1,0,1,0
1,0,1,0
1,0,1,0
1,0,1,0
1,0,1,0
1,0,1,0
0.7591404477030278,0.08297209887865264,0.3866547001438765,-13.75859691508918
0.9087056904980034,0.009397767870261475,0.4613861935406616,-18.29272064056113
1.685420847765337,0.4583248672821369,0.2492039454898101,-20.824859242206
1,0,1,0
1,0,1,0
1.028145822447522e-15,2.384195543083045,0.06128398659638123,-16.33950858967715
1,0,1,0
1,0,1,0
1,0,1,0
1,0,1,0
1,0,1,0
1,0,1,0
1,0,1,0
1,0,1,0
1,0,1,0
0.8465839784283306,0.02918983889878035,0.4321707224267007,-14.58372740827309
1,0,1,0
1,0,1,0
1.028145822447522e-15,2.544521558743394,0.05533871641997656,-14.43119208492393
1,0,1,0
1,0,1,0
2.621563888015848,2.054278939629313,0.07588954639565504,-23.58920730544602
1.028145822447522e-15,2.39117972488469,0.06101075709446302,-9.060695858110872
9.682324783204268e-17,1.694417160954677,0.09650985611272422,-4.497453907053193
1.028145822447522e-15,1.9042691801139,0.08380061973221598,-17.20941289867739
6.728744545674702e-16,2.631145249708336,0.05239305312251114,-11.52583917074008
2.804502661847769e-15,2.130887370787249,0.07217858243795827,-30.59596922312756
1,0,1,0
1,0,1,0
1.028145822447522e-15,2.284562436308406,0.06533349416548317,-16.16182044885529
2.634190052391503,2.071375281474701,0.07504306353545914,-24.18157572730011
0.8410561778093506,0.03156540857527901,0.4294924220754722,-10.45833585101957
1,0,1,0
0.747246404035415,0.09329543386888517,0.3800143833708495,-14.40820899431167
1,0,1,0
1.028145822447522e-15,2.384484432916853,0.06127265801864895,-9.980981919429176
1,0,1,0
3.866370415131775,4.835829284170615,0.01393711586556107,-27.81882559819018
1,0,1,0
1,0,1,0
1.791932097867412,0.5613968630339983,0.2268489861020178,-23.09869524840108
2.449231293967717e-15,1.652977059804417,0.09927711064245681,-10.14540272994479
1.681631029397553,0.4543101665521014,0.2501476000219059,-13.98493839891397
1,0,1,0
1,0,1,0
1,0,1,0
1.017575792580729,0.0002999996319132947,0.4930904667281645,-10.64200288579511
2.581354573372298,1.998200799274613,0.07874302429638835,-32.70321170483423
1,0,1,0
0.9064095931286746,0.009910664976782613,0.4603498732992687,-10.06452696642319
0.7870089257155639,0.06186393792562939,0.401786900566234,-16.21521673330853
0.8342946717561791,0.03470725741580694,0.4261052089381979,-8.727906299295045
1.028145822447522e-15,2.028269889973849,0.07719814066087005,-11.29331162941787
4.377903118600083,6.933858943886037,0.004228950205075188,-34.54834619839247
1,0,1,0
1,0,1,0
2.449231293967717e-15,2.283905153899102,0.06536117930661811,-8.781980993951068
1,0,1,0
1,0,1,0
1,0,1,0
2.804502661847769e-15,1.457529295259192,0.1136618226155826,-11.04837893693907
1,0,1,0
1,0,1,0
1.028145822447522e-15,1.456085225083168,0.1137770155068273,-10.90472018682637
4.57389593334823,7.30036852247035,0.003447023461770005,-39.89974588053776
4.281125907053902,5.454653526741595,0.009758136973403997,-43.22404727776437
2.629526804658267,0.9790635518601931,0.1612150547870111,-27.35284447033312
1.807562617854072,0.5760364054890488,0.2239350653742391,-19.67585398394778
1.008632315054388,7.290394795944621e-05,0.4965937202518259,-18.42487389553149
1,0,1,0
2.804502661847769e-15,1.972686918570041,0.0800814746954806,-16.54739515417053
1,0,1,0
0.8406123203508513,0.03180494799679678,0.4292282119652583,-20.01445867251474
2.804502661847769e-15,1.411346576176925,0.1174164912952393,-18.14918656912322
1,0,1,0
0.8609854328352363,0.02344064805546964,0.4391583712538621,-19.57047174174682
1.899738745225578,0.6671805488705473,0.2070181632034701,-19.02266444107871
1,0,1,0
1,0,1,0
0.8408910976165345,0.0316398978564969,0.4294101505160991,-12.6262534018999
1.720946332119309,0.4916889231325499,0.241587440184979,-18.80706987209452
1.625015355759122,0.4006486646919925,0.263377224749955,-16.18239566452224
1,0,1,0
1,0,1,0
1,0,1,0
1,0,1,0
2.804502661847769e-15,1.457063592086993,0.113698956246414,-10.73940131569428
1,0,1,0
1,0,1,0
1,0,1,0
1,0,1,0
2.804502661847769e-15,2.333745307518349,0.0632984787749914,-18.17728960789609
4.150566346873225,6.575118298905849,0.005170706483865251,-41.81140085164856
1,0,1,0
1,0,1,0
5.687270779921697,12.66149070151195,0.0001866322416377852,-43.73089866899785
2.804502661847769e-15,2.130887381697562,0.0721785819242452,-25.62907286227237
1.028145822447522e-15,2.644881217975307,0.05194196079817182,-10.98363591733863
0.7475260669783985,0.09301342494843823,0.3801903024999244,-11.47293646697291
0.7774443843945033,0.06869939036502615,0.3966199818037732,-16.76187890059066
1,0,1,0
2.792252026473931,2.290633620866508,0.06507838946766281,-19.2836154448734
1.501402887304594,0.2877586191865973,0.2958302264555238,-19.45284511307414
2.917609239806427,1.643948817917995,0.09989226726916689,-18.4059832676926
1,0,1,0
2.556957788123296,1.96514843763633,0.08048188551810675,-23.92353110422921
1.219680555982226,0.03674729903526597,0.4239902283370364,-9.523748672851838
1.701191529636952,0.4734236822560263,0.2457081584247229,-20.32783997083619
1,0,1,0
1.028145822447522e-15,2.57715562439256,0.05420816088649694,-16.94004090143215
1,0,1,0
2.773786023998855,2.268460545358487,0.06601549784994254,-22.39382133228734
9.682324783204268e-17,2.130887175576984,0.07217859162945395,-11.89017167331158
0.8587927499393033,0.0242665147966008,0.4381043483636047,-18.01756067815579
1,0,1,0
1.028145822447522e-15,2.130887697289221,0.07217856706458187,-10.18387633046833
6.728744545674702e-16,2.211279997042364,0.06850247701998274,-10.522109521752
2.804502661847769e-15,2.398368627234859,0.06073092835395721,-16.36802699294259
1,0,1,0
1,0,1,0
1,0,1,0
1,0,1,0
1,0,1,0
1.028145822447522e-15,2.195366180388675,0.06921315472552098,-10.98393266520474
1,0,1,0
0.8394995496113663,0.0322631596779992,0.4287256530210012,-15.50179674222452
0.9131402732445386,0.008462863996054892,0.4633514725243612,-11.70618389000029
0.8038034154563963,0.05107446836824892,0.4106020279375792,-19.46921890685933
1.993174515708883,0.7607899379415954,0.1915407133313849,-20.85531856504824
4.290897378282035,6.807306177455729,0.004539281111886562,-40.58743797834203
1,0,1,0
2.090601751185224,0.8587764128034863,0.1770406652264912,-18.59930812050573
2.632208247482781,2.06933565886532,0.07514348706947011,-29.96701627407116
1,0,1,0
1.58454366532968,0.3634712675538161,0.2732923371716955,-15.80872710900037
8.645104112404722,22.21601010135771,1.218168666272668e-06,-64.4385101874188
0.9868051033559562,0.0001767708326774198,0.4946960114889978,-11.43199716357446
9.682324783204268e-17,2.682637266914405,0.05072379844653185,-8.656757622911147
1.689360110509707,0.461445202386038,0.2484746647193499,-20.05614111325131
1.481963538939328,0.270425722390172,0.3015231685346993,-16.6303583766619
1,0,1,0
1,0,1,0
0.9983456171564082,2.725643078349549e-06,0.4993413656744251,-10.84283207432189
1,0,1,0
1,0,1,0
1,0,1,0
1,0,1,0
0.9076271774914486,0.009637171251441146,0.4608990111840287,-10.38154247926149
6.728744545674702e-16,2.241310641663276,0.06718352296790087,-12.20755420942891
6.728744545674702e-16,2.492350820655975,0.05720036636174658,-9.99866049835425
1,0,1,0
1,0,1,0
2.804502661847769e-15,2.162643009171596,0.0707006441864953,-18.77430109817525
1.038263951005382e-15,1.456559354198497,0.1137391789521235,-16.96976668310931
1,0,1,0
0.8421285832546217,0.03106816599169804,0.4300441982239701,-18.15688044333574
1,0,1,0
0.9395335159516156,0.003948758296509425,0.4749472966432287,-23.67119282341564
2.804502661847769e-15,2.62845289048888,0.05248197287594891,-17.16247251309322
9.682324783204268e-17,2.383829293727821,0.06129835210359752,-8.46786922747197
1,0,1,0
1,0,1,0
1,0,1,0
1,0,1,0
9.682324783204268e-17,2.272078378840096,0.06586157349720823,-10.40706736506465
1,0,1,0
1.016867216979663,0.0002758742815807125,0.4933740873642433,-12.20976997112765
1,0,1,0
0.906577161284387,0.009872686224987604,0.4604256678662295,-10.35217410697824
0.7339850571248673,0.1056399032226629,0.3725818597723494,-13.4756491325008
5.840566125974614e-16,1.484268102574937,0.1115539651364018,-10.96818148596958
0.7475587337113841,0.09297922623922616,0.3802116557013274,-10.57556921000533
1,0,1,0
1.825300683142381,0.5929947696101507,0.2206316954691199,-16.76190517129094
1,0,1,0
1,0,1,0
0.7343266399989445,0.1053050201774859,0.3727769793206636,-11.1326540601853
1,0,1,0
1.028145822447522e-15,2.484976729008956,0.05746902423861933,-17.31063188529965
1,0,1,0
1,0,1,0
0.8407970013611452,0.03172201889346837,0.4293195655763399,-12.10185892953226
0.8977680847815384,0.01200865127835726,0.4563696534090708,-10.41281107600736
1.028145822447522e-15,2.203880959173937,0.06883188010500146,-12.3523298648228
0.7620001617191663,0.08061650628668815,0.3882318363862451,-11.77501034643602
3.534319038657785,3.74280942758687,0.02651760101758732,-26.23140629655384
1.028145822447522e-15,2.393409457865204,0.06092381192033364,-9.732233777578218
1.6971042735684,0.4688055394057287,0.2467685950484015,-16.81201108628263
1,0,1,0
0.8144315783804817,0.04490250219560465,0.4160917040898692,-9.056988263561601
1,0,1,0
1.028145822447522e-15,2.195080527058405,0.06922598669479463,-8.935811098103773
1,0,1,0
1,0,1,0
1,0,1,0
1,0,1,0
1,0,1,0
1,0,1,0
2.804502661847769e-15,2.241314380797647,0.06718336052336515,-10.38351981380914
0.8409512254112792,0.03161269327609872,0.4294401857063092,-12.13529121002402
0.7584730952221006,0.08351102821408674,0.3862972901388576,-12.17979348603069
1,0,1,0
9.682324783204268e-17,2.241310442807503,0.06718353160708757,-15.92137270451502
1,0,1,0
1,0,1,0
1,0,1,0
1,0,1,0
1,0,1,0
1.581158796393375,0.359754171073817,0.2743213971610197,-17.28035559024992
1,0,1,0
1,0,1,0
1,0,1,0
5.840566125974614e-16,2.632114126115793,0.0523610947285798,-5.069141370280025
0.8414220671592287,0.03144283569851325,0.4296280190296996,-14.56591707774367
9.682324783204268e-17,2.393464329674508,0.06092167400677184,-10.14390248841357
1,0,1,0
2.449231293967717e-15,2.401126374866493,0.06062396048382557,-13.04700294125042
1,0,1,0
6.728744545674702e-16,2.333745307518306,0.06329847877499328,-10.07507193510633
1,0,1,0
1,0,1,0
0.8508795267961389,0.02736108995850373,0.4343099019036546,-13.38700737541755
2.449231293967717e-15,2.130887697197299,0.07217856706890979,-11.95161724002956
1,0,1,0
1,0,1,0
1,0,1,0
1,0,1,0
5.840566125974614e-16,2.130887175629642,0.07217859162697465,-11.79968681173445
1,0,1,0
1,0,1,0
1.028145822447522e-15,2.014838949992964,0.07788389887406788,-22.65802726113289
1,0,1,0
2.287852447174094e-16,2.333744860898523,0.06329849693119532,-14.51209729647108
2.804502661847769e-15,2.241307939939574,0.06718364034300145,-10.23196553021642
1.028145822447522e-15,2.471546787669457,0.05796189694373166,-10.30156180264028
1,0,1,0
1,0,1,0
1,0,1,0
1,0,1,0
2.744589317728e-16,0.7112013810752131,0.1995226354180377,-4.420036009593706
2.343274780572546e-16,0.7380925474485105,0.1951362945789612,-3.740400613039173
2.271595610028619e-15,0.615341837155869,0.2163917870914013,-7.735936583348761
4.936130869128893e-15,0.7111983164532774,0.1995231433740009,-7.79985620522536
6.728744545674702e-16,0.6462323266395948,0.2107314753425325,-4.194710953861222
2.744589317728e-16,0.5931805488800173,0.2205959245144224,-4.136670548700569
1.177629422548942e-16,0.646232479346283,0.2107314479131405,-4.687189353932746
2.744589317728e-16,0.7111983166916431,0.1995231433344922,-7.801834858923799
1.340273035413137e-15,0.6177507537406939,0.215942175005285,-4.352937958594528
2.343274780572546e-16,0.7380925474485105,0.1951362945789612,-3.740400613039173
8.005405863007662e-18,0.6676897936068134,0.2069291057277495,-3.726765839049436
1.107442391759267e-15,0.6441159931673237,0.2111121273538072,-3.694892296760473
4.936130869128893e-15,0.7112013746957135,0.1995226364754272,-4.352984389986362
1.038263951005382e-15,0.4063503190513327,0.2619138881163857,-4.36686587633431
4.936130869128893e-15,0.6677365407102194,0.2069209333631515,-4.219222374855749
5.64667360488876e-15,0.6702293397474506,0.2064858301226394,-4.09622229330506
2.271595610028619e-15,0.916450231497727,0.1692043775353214,-4.143700263194261
5.274234073435061,3.349825923962968,0.03360606038177744,-11.6022892891581
4.936130869128893e-15,0.7146299216277274,0.1989555308629591,-4.047596714817741
4.936130869128893e-15,0.7112013746957135,0.1995226364754272,-4.352984389986362
1.038263951005382e-15,0.4063503190513327,0.2619138881163857,-4.36686587633431
2.093959926088373e-15,0.5329018352622477,0.2326947081406803,-10.08912811185794
4.936130869128893e-15,0.7112013746957135,0.1995226364754272,-4.352984389986362
1.340273035413137e-15,0.6177507537406939,0.215942175005285,-4.352937958594528
1.827506400178574e-15,0.6887002684125108,0.2033034098826902,-4.279037938048537
1.340273035413137e-15,0.6743522259839008,0.2057691628532614,-4.232703347413551
4.936130869128893e-15,0.4466992493978701,0.2519533051961361,-10.66406300930166
1.107442391759267e-15,0.6441159931673237,0.2111121273538072,-3.694892296760473
3.804119374694589,1.178397546419365,0.1388412324429419,-11.30752529192882
4.936130869128893e-15,0.6677365407102194,0.2069209333631515,-4.219222374855749
2.744589317728e-16,0.7112013810752131,0.1995226354180377,-4.420036009593706
1.340273035413137e-15,0.5757244904630703,0.2239965404900312,-3.909055112230409
5.64667360488876e-15,0.6831828810463847,0.2042464302659572,-10.72079844184462
1.340273035413137e-15,0.4468041658415256,0.2519282625843673,-3.978921048071703
6.728744545674702e-16,0.6462323266395948,0.2107314753425325,-4.194710953861222
6.728744545674702e-16,0.6462323266395948,0.2107314753425325,-4.194710953861222
9.682324783204268e-17,0.7146238247914853,0.1989565372514807,-3.980548138391285
4.0479524494288e-15,0.5903785626119742,0.2211363841399491,-8.070823192597754
6.417811044515268e-16,0.5971981419423198,0.2198245315846646,-3.441109997418625
6.728744545674702e-16,0.725100377671362,0.1972379859295398,-4.092176765032818
4.936130869128893e-15,0.5757249170509162,0.2239964563962104,-4.165817208911713
1.340273035413137e-15,0.4468041658415256,0.2519282625843673,-3.978921048071703
6.728744545674702e-16,0.6462323266395948,0.2107314753425325,-4.194710953861222
6.728744545674702e-16,0.6462323266395948,0.2107314753425325,-4.194710953861222
2.744589317728e-16,0.5931805488800173,0.2205959245144224,-4.136670548700569
2.142163145282438e-15,0.6441220899831057,0.2111110292803315,-3.761940873186927
4.936130869128893e-15,0.4464050984843304,0.2520235390667438,-9.285188417459691
2.744589317728e-16,0.5931805488800173,0.2205959245144224,-4.136670548700569
2.142163145282438e-15,0.6417175180031514,0.2115447712887701,-7.14493949794116
5.64667360488876e-15,0.7111945967611728,0.1995237599092657,-4.588700693376587
6.417811044515268e-16,0.5971981419423198,0.2198245315846646,-3.441109997418625
4.0479524494288e-15,0.3688099569548129,0.27182682959459,-4.970450440825641
2.271595610028619e-15,0.6436854668310303,0.2111896893677639,-8.8586587766506
3.067888816612395,0.8767317287130219,0.1745491989129908,-9.685494151939945
4.936130869128893e-15,0.357095588833797,0.275061856267179,-9.102193252142934
4.936130869128893e-15,0.5929486065576164,0.2206405853398126,-8.919747982236087
3.001327803017759,0.8526936040335578,0.1778957227489277,-7.592305301516566
6.417811044515268e-16,0.5971981419423198,0.2198245315846646,-3.441109997418625
4.936130869128893e-15,0.5757245830374274,0.2239965222407227,-7.528300420966463
4.936130869128893e-15,0.6435291247243917,0.2112178659299045,-8.545198664181374
4.936130869128893e-15,0.6677365407102194,0.2069209333631515,-4.219222374855749
6.417811044515268e-16,0.5971981419423198,0.2198245315846646,-3.441109997418625
1.340273035413137e-15,0.6177507537406939,0.215942175005285,-4.352937958594528
2.271595610028619e-15,0.6739443283551232,0.2058399026985815,-9.493407749206991
4.936130869128893e-15,0.4446284050485225,0.2524484697674618,-7.583971431589185
2.093959926088373e-15,0.5931781631333894,0.2205963838225327,-4.06962012196637
8.005405863007662e-18,0.6676897936068134,0.2069291057277495,-3.726765839049436
6.417811044515268e-16,0.5971981419423198,0.2198245315846646,-3.441109997418625
8.005405863007662e-18,0.6676897936068134,0.2069291057277495,-3.726765839049436
1.340273035413137e-15,0.6177507537406939,0.215942175005285,-4.352937958594528
2.804502661847769e-15,0.4578740265106873,0.2493096146747943,-4.151018515581289
8.005405863007662e-18,0.6676897936068134,0.2069291057277495,-3.726765839049436
2.093959926088373e-15,0.6306731259066432,0.2135542572151975,-4.11502008351589
8.005405863007662e-18,0.6676897936068134,0.2069291057277495,-3.726765839049436
5.64667360488876e-15,0.7111945967611728,0.1995237599092657,-4.588700693376587
1.340273035413137e-15,0.647707785810689,0.2104667000087466,-3.786581402187992
4.936130869128893e-15,0.5930096397664322,0.2206288319594344,-9.232781107976692
4.936130869128893e-15,0.4468640951465019,0.2519139599069489,-4.471377583878013
4.936130869128893e-15,0.7145224127545902,0.1989732781459151,-10.53840289658303
3.502167804525399,1.062329290204982,0.151342264283566,-11.9732534888649
4.936130869128893e-15,0.6677365407102194,0.2069209333631515,-4.219222374855749
6.417811044515268e-16,0.5971981419423198,0.2198245315846646,-3.441109997418625
5.840566125974614e-16,0.5329018347134404,0.2326947082555638,-3.936855700111353
5.64667360488876e-15,0.6306735044412655,0.2135541878511416,-10.91338014383484
4.936130869128893e-15,0.6677365407102194,0.2069209333631515,-4.219222374855749
4.936130869128893e-15,0.7146299216277274,0.1989555308629591,-4.047596714817741
4.936130869128893e-15,0.5757249170509162,0.2239964563962104,-4.165817208911713
6.417811044515268e-16,0.5971981419423198,0.2198245315846646,-3.441109997418625
2.343274780572546e-16,0.7380925474485105,0.1951362945789612,-3.740400613039173
9.682324783204268e-17,0.7146238247914853,0.1989565372514807,-3.980548138391285
1.028145822447522e-15,0.5904056090364005,0.2211311575593385,-4.690989474769557
1.038263951005382e-15,0.4063503190513327,0.2619138881163857,-4.36686587633431
5.840566125974614e-16,0.4827058940241145,0.2435996038248341,-7.77026382431734
1.028145822447522e-15,0.5329018353599757,0.2326947081202224,-4.003904276537806
2.271595610028619e-15,0.6417165640638185,0.2115449436271298,-7.142961321016696
1.177629422548942e-16,0.646232479346283,0.2107314479131405,-4.687189353932746
4.936130869128893e-15,0.6677365407102194,0.2069209333631515,-4.219222374855749
4.0479524494288e-15,0.590405552715259,0.2211311684429079,-4.623937883320754
4.0479524494288e-15,0.590405552715259,0.2211311684429079,-4.623937883320754
2.093959926088373e-15,0.6306735044412708,0.2135541878511406,-4.371782180197191
3.17603086687411e-16,0.6462326915590459,0.2107314097951918,-4.518524670149869
1.038263951005382e-15,0.3688101631193064,0.2718267732818739,-10.52429360239583
4.936130869128893e-15,0.6677365407102194,0.2069209333631515,-4.219222374855749
2.142163145282438e-15,0.6441220899831057,0.2111110292803315,-3.761940873186927
1.340273035413137e-15,0.4468041658415256,0.2519282625843673,-3.978921048071703
1.340273035413137e-15,0.6743522259839008,0.2057691628532614,-4.232703347413551
1.340273035413137e-15,0.5757244904630703,0.2239965404900312,-3.909055112230409
2.093959926088373e-15,0.5931781631333894,0.2205963838225327,-4.06962012196637
9.682324783204268e-17,0.7146238247914853,0.1989565372514807,-3.980548138391285
4.936130869128893e-15,0.3688081364998279,0.2718273268429563,-4.477971839048741
4.936130869128893e-15,0.5757249170509162,0.2239964563962104,-4.165817208911713
4.936130869128893e-15,0.7146299216277274,0.1989555308629591,-4.047596714817741
2.804502661847769e-15,0.4578740265106873,0.2493096146747943,-4.151018515581289
8.005405863007662e-18,0.6676897936068134,0.2069291057277495,-3.726765839049436
2.271595610028619e-15,0.916450231497727,0.1692043775353214,-4.143700263194261
2.142163145282438e-15,0.6441220899831057,0.2111110292803315,-3.761940873186927
6.417811044515268e-16,0.5971981419423198,0.2198245315846646,-3.441109997418625
4.0479524494288e-15,0.3688099569548129,0.27182682959459,-4.970450440825641
2.093959926088373e-15,0.6177446478820698,0.2159433128396252,-4.285889382168075
8.005405863007662e-18,0.6676897936068134,0.2069291057277495,-3.726765839049436
3.20717819974925,0.9347366057347344,0.1668175690861566,-15.16579103888287
1.340273035413137e-15,0.5757244904630703,0.2239965404900312,-3.909055112230409
4.6687352397607e-17,0.597244887568511,0.2198155806512678,-3.933566533224933
4.6687352397607e-17,0.597244887568511,0.2198155806512678,-3.933566533224933
1.340273035413137e-15,0.4468041658415256,0.2519282625843673,-3.978921048071703
2.804502661847769e-15,0.3691925741297482,0.2717223568473457,-12.13997526564529
1.827506400178574e-15,0.6887002684125108,0.2033034098826902,-4.279037938048537
8.005405863007662e-18,0.6676897936068134,0.2069291057277495,-3.726765839049436
1.107442391759267e-15,0.6441159931673237,0.2111121273538072,-3.694892296760473
6.728744545674702e-16,0.64623269155876,0.2107314097952432,-4.451473050542523
4.936130869128893e-15,0.6677365407102194,0.2069209333631515,-4.219222374855749
9.682324783204268e-17,0.7146238247914853,0.1989565372514807,-3.980548138391285
2.271595610028619e-15,0.916450231497727,0.1692043775353214,-4.143700263194261
2.744589317728e-16,0.7112013810752131,0.1995226354180377,-4.420036009593706
1.107442391759267e-15,0.6441159931673237,0.2111121273538072,-3.694892296760473
4.936130869128893e-15,0.7112013746957135,0.1995226364754272,-4.352984389986362
4.162828811893032e-17,0.6468851143162091,0.2106142694058689,-4.267091591957244
1.340273035413137e-15,0.6177507537406939,0.215942175005285,-4.352937958594528
6.417811044515268e-16,0.5971981419423198,0.2198245315846646,-3.441109997418625
2.343274780572546e-16,0.7380925474485105,0.1951362945789612,-3.740400613039173
1.028145822447522e-15,0.5329018353599757,0.2326947081202224,-4.003904276537806
1.20578150638828e-15,0.6743583685062351,0.205768097857117,-4.299751923840004
6.417811044515268e-16,0.5971981419423198,0.2198245315846646,-3.441109997418625
4.162828811893032e-17,0.6468851143162091,0.2106142694058689,-4.267091591957244
4.936130869128893e-15,0.7146299216277274,0.1989555308629591,-4.047596714817741
1.107442391759267e-15,0.6441159931673237,0.2111121273538072,-3.694892296760473
3.184414243357124,0.9291051748400356,0.1675477764401794,-10.20635628238065
2.804502661847769e-15,0.646887518238346,0.2106138379693472,-4.334140168383698
2.343274780572546e-16,0.7380925474485105,0.1951362945789612,-3.740400613039173
2.920268988872749,0.813411007341859,0.1835568516091243,-10.3432928588972
2.804502661847769e-15,0.4578740265106873,0.2493096146747943,-4.151018515581289
2.744589317728e-16,0.5931805488800173,0.2205959245144224,-4.136670548700569
1.340273035413137e-15,0.647707785810689,0.2104667000087466,-3.786581402187992
1.107442391759267e-15,0.6441159931673237,0.2111121273538072,-3.694892296760473
4.936130869128893e-15,0.6713630675986835,0.2062883915035709,-9.403132291448106
4.936130869128893e-15,0.5757249170509162,0.2239964563962104,-4.165817208911713
5.840566125974614e-16,0.5329018347134404,0.2326947082555638,-3.936855700111353
4.936130869128893e-15,0.7146299216277274,0.1989555308629591,-4.047596714817741
1.340273035413137e-15,0.6743522259839008,0.2057691628532614,-4.232703347413551
9.682324783204268e-17,0.7146238247914853,0.1989565372514807,-3.980548138391285
2.093959926088373e-15,0.6306731259066432,0.2135542572151975,-4.11502008351589
1.028145822447522e-15,0.5329018353599757,0.2326947081202224,-4.003904276537806
1.340273035413137e-15,0.647707785810689,0.2104667000087466,-3.786581402187992
2.271595610028619e-15,0.7122253394664408,0.1993530208018861,-7.430595339571973
4.936130869128893e-15,0.667140383384865,0.207025189814075,-8.71456759732876
6.728744545674702e-16,0.6462323266395948,0.2107314753425325,-4.194710953861222
2.804502661847769e-15,0.3677846041418,0.2721071660247976,-10.73919031213221
2.142163145282438e-15,0.6441220899831057,0.2111110292803315,-3.761940873186927
2.142163145282438e-15,0.6441220899831057,0.2111110292803315,-3.761940873186927
4.0479524494288e-15,0.6186684935743845,0.2157712564144201,-4.86695981678944
4.936130869128893e-15,0.6173199328673391,0.2160224813413336,-9.455779341739431
4.936130869128893e-15,0.4468640951465019,0.2519139599069489,-4.471377583878013
2.744589317728e-16,0.5931805488800173,0.2205959245144224,-4.136670548700569
6.417811044515268e-16,0.5971981419423198,0.2198245315846646,-3.441109997418625
2.885732228409644,0.7990279572558485,0.1856920766771669,-9.155626500195327
2.093959926088373e-15,0.6306735044412708,0.2135541878511406,-4.371782180197191
4.936130869128893e-15,0.6677365407102194,0.2069209333631515,-4.219222374855749
4.0479524494288e-15,0.3688099569548129,0.27182682959459,-4.970450440825641
4.936130869128893e-15,0.5968929315218574,0.2198829875603385,-8.922682574801012
2.804502661847769e-15,0.4578740265106873,0.2493096146747943,-4.151018515581289
5.64667360488876e-15,0.6702293397474506,0.2064858301226394,-4.09622229330506
1.028145822447522e-15,0.5329018353599757,0.2326947081202224,-4.003904276537806
6.417811044515268e-16,0.5971981419423198,0.2198245315846646,-3.441109997418625
9.682324783204268e-17,0.7146238247914853,0.1989565372514807,-3.980548138391285
1.038263951005382e-15,0.4063503190513327,0.2619138881163857,-4.36686587633431
4.936130869128893e-15,0.5931174580664482,0.2206080713632341,-10.22178797060239
1.038263951005382e-15,0.3686048911466457,0.2718828528818812,-10.95489938442774
1.038263951005382e-15,0.4063503190513327,0.2619138881163857,-4.36686587633431
2.093959926088373e-15,0.5931781631333894,0.2205963838225327,-4.06962012196637
4.936130869128893e-15,0.5489031584897148,0.2293831048177262,-4.474832231869939
2.093959926088373e-15,0.6177446478820698,0.2159433128396252,-4.285889382168075
3.17603086687411e-16,0.6462326915590459,0.2107314097951918,-4.518524670149869
2.343274780572546e-16,0.7380925474485105,0.1951362945789612,-3.740400613039173
2.804502661847769e-15,0.4578740265106873,0.2493096146747943,-4.151018515581289
4.162828811893032e-17,0.6468851143162091,0.2106142694058689,-4.267091591957244
2.093959926088373e-15,0.6177446478820698,0.2159433128396252,-4.285889382168075
4.936130869128893e-15,0.3942982054127242,0.2650243455699618,-4.606848032152615
4.0479524494288e-15,0.590405552715259,0.2211311684429079,-4.623937883320754
4.162828811893032e-17,0.6468851143162091,0.2106142694058689,-4.267091591957244
3.382290931632209,1.015467351021767,0.1567982921743536,-7.285119957348506
4.57253909409782,1.560597815898337,0.1057888550314163,-11.19268431154143
1.038263951005382e-15,0.3884041088400849,0.266569732451177,-10.83769888756762
4.936130869128893e-15,0.3750803322923062,0.2701239956817286,-8.318538762230437
5.64667360488876e-15,0.7111945967611728,0.1995237599092657,-4.588700693376587
1.340273035413137e-15,0.6177507537406939,0.215942175005285,-4.352937958594528
2.744589317728e-16,0.5931805488800173,0.2205959245144224,-4.136670548700569
2.271595610028619e-15,0.916450231497727,0.1692043775353214,-4.143700263194261
1.038263951005382e-15,0.4063503190513327,0.2619138881163857,-4.36686587633431
3.17603086687411e-16,0.6462326915590459,0.2107314097951918,-4.518524670149869
2.804502661847769e-15,0.646887518238346,0.2106138379693472,-4.334140168383698
1.340273035413137e-15,0.4468041658415256,0.2519282625843673,-3.978921048071703
6.417811044515268e-16,0.5971981419423198,0.2198245315846646,-3.441109997418625
2.744589317728e-16,0.7112013810752131,0.1995226354180377,-4.420036009593706
2.142163145282438e-15,0.6441220899831057,0.2111110292803315,-3.761940873186927
4.0479524494288e-15,0.593093909455483,0.2206126054315492,-9.925645357527396
4.936130869128893e-15,0.687164030155337,0.203565338761897,-9.140224088238121
2.804502661847769e-15,0.646887518238346,0.2106138379693472,-4.334140168383698
2.142163145282438e-15,0.6441220899831057,0.2111110292803315,-3.761940873186927
2.093959926088373e-15,0.5931781631333894,0.2205963838225327,-4.06962012196637
2.804502661847769e-15,0.646887518238346,0.2106138379693472,-4.334140168383698
2.093959926088373e-15,0.5931781631333894,0.2205963838225327,-4.06962012196637