dN/dS,LRT,p-value,Log(L)
1,0,1,0
4.489498617102159,1.432176845302848,0.1157047522829814,-8.126794157810432
1,0,1,0
1,0,1,0
1,0,1,0
1,0,1,0
1,0,1,0
1,0,1,0
1,0,1,0
1,0,1,0
1,0,1,0
1,0,1,0
8.248833173775934,2.441060262833524,0.05909815548727376,-11.46574938313661
1,0,1,0
1,0,1,0
3.88021822165764,1.217645662146328,0.1349115935706043,-10.71639300916847
6.914908029300535,2.131504952212719,0.07214951014936333,-11.09314570586919
1,0,1,0
1,0,1,0
1,0,1,0
3.530903257465179,1.08034417852997,0.1493102868674449,-9.258393053873899
1,0,1,0
1,0,1,0
1,0,1,0
1,0,1,0
4.936130869128893e-15,0.4684354640172756,0.2468539050586626,-8.752762121359769
1,0,1,0
1,0,1,0
1,0,1,0
1,0,1,0
1,0,1,0
1,0,1,0
1.038263951005382e-15,0.4751539768060731,0.2453128023625557,-11.21865670768045
1,0,1,0
1,0,1,0
1,0,1,0
1,0,1,0
1,0,1,0
1,0,1,0
1,0,1,0
1,0,1,0
1,0,1,0
1,0,1,0
1,0,1,0
1,0,1,0
1.038263951005382e-15,0.4684354663367394,0.2468539045238233,-9.252437701471582
1,0,1,0
1.028145822447522e-15,0.5320099605972786,0.2328815270371795,-8.238979057108969
1,0,1,0
1,0,1,0
1,0,1,0
1,0,1,0
1,0,1,0
1,0,1,0
1,0,1,0
1,0,1,0
1,0,1,0
8.545869257063204,2.503564414098097,0.05679447572128277,-12.62073031990072
1,0,1,0
1,0,1,0
1,0,1,0
1,0,1,0
1,0,1,0
4.333280798643157,1.381413502073332,0.1199302616357008,-9.349700157820475
1,0,1,0
1,0,1,0
1,0,1,0
1,0,1,0
3.864975844006716,1.20985185588253,0.1356807317495884,-7.794463898930145
1,0,1,0
1,0,1,0
1.028145822447522e-15,0.4748918491381602,0.2453726277810596,-9.015881113654842
1,0,1,0
1,0,1,0
1,0,1,0
1,0,1,0
2.804502661847769e-15,0.5759209050808529,0.2239578262107559,-9.802781023537527
1,0,1,0
1.028145822447522e-15,0.4769668741161013,0.2448997098714943,-14.4924067121831
1,0,1,0
1,0,1,0
1.038263951005382e-15,0.2386635229087588,0.3125865297995969,-10.65798478811568
1,0,1,0
1,0,1,0
4.936130869128893e-15,0.5235086958320849,0.2346743989297942,-10.71929587904913
1.038263951005382e-15,0.2386633631945578,0.3125865876765347,-11.71391127271277
1,0,1,0
1,0,1,0
1,0,1,0
1,0,1,0
1,0,1,0
1,0,1,0
1,0,1,0
3.486198689929811,1.062537034956076,0.1513186293224686,-8.497188338469046
1,0,1,0
1,0,1,0
1,0,1,0
1,0,1,0
1,0,1,0
1,0,1,0
1,0,1,0
1,0,1,0
1,0,1,0
1,0,1,0
1,0,1,0
1,0,1,0
1,0,1,0
1,0,1,0
1,0,1,0
1,0,1,0
1,0,1,0
1,0,1,0
1,0,1,0
1,0,1,0
1,0,1,0
1,0,1,0
1,0,1,0
1,0,1,0
1,0,1,0
1,0,1,0
1,0,1,0
2.804502661847769e-15,0.5235086958319499,0.2346743989298229,-14.14545822114335
1,0,1,0
1,0,1,0
1,0,1,0
1,0,1,0
1,0,1,0
4.367274355483925,1.39391500210273,0.1188725303260535,-8.05254301042679
1,0,1,0
1,0,1,0
1.038263951005382e-15,0.3629916552956871,0.273424711550866,-10.95951545044897
1,0,1,0
1,0,1,0
1.038263951005382e-15,0.2425481703051595,0.3111858596784088,-12.67022551716146
1,0,1,0
1,0,1,0
1,0,1,0
4.317023847231074,1.372209510249725,0.1207163109216058,-10.16310329976472
1,0,1,0
1,0,1,0
1,0,1,0
1,0,1,0
1,0,1,0
8.993159795509753,5.155499852301951,0.01158643239442209,-16.69693145265634
1,0,1,0
1,0,1,0
1,0,1,0
1,0,1,0
1,0,1,0
5.64667360488876e-15,0.5918546520992223,0.2208514155691471,-8.814375638451093
4.715180969566315,1.507432177797099,0.1097656659036623,-9.629153858900334
1,0,1,0
1,0,1,0
3.921010989798274,1.232965625089829,0.1334155344895473,-12.46027305685041
1,0,1,0
1,0,1,0
1,0,1,0
1,0,1,0
1,0,1,0
1,0,1,0
19.47253436698433,15.64165456819927,3.827482244211922e-05,-24.8264444273298
1,0,1,0
1,0,1,0
1,0,1,0
1,0,1,0
1,0,1,0
1,0,1,0
1,0,1,0
1,0,1,0
1,0,1,0
1,0,1,0
1,0,1,0
1,0,1,0
1,0,1,0
5.794825785087901,1.837284910474214,0.08763475303359519,-10.19427988075431
1,0,1,0
1,0,1,0
1,0,1,0
1,0,1,0
1,0,1,0
1,0,1,0
1,0,1,0
1,0,1,0
1,0,1,0
1,0,1,0
1,0,1,0
1,0,1,0
1,0,1,0
1,0,1,0
1,0,1,0
8.48884454792928e-15,0.5322406203964576,0.2328331882784013,-16.47057751082285
1,0,1,0
8.48884454792928e-15,0.2482267543748513,0.3091632255173509,-11.99178240398386
1,0,1,0
1,0,1,0
1,0,1,0
1,0,1,0
1,0,1,0
1,0,1,0
1,0,1,0
1,0,1,0
4.936130869128893e-15,0.5887415982077613,0.2214530739461263,-8.52924290370937
1,0,1,0
2.804502661847769e-15,0.5322730200047552,0.2328263996644486,-9.552394913624187
1,0,1,0
1,0,1,0
1,0,1,0
1,0,1,0
1,0,1,0
1,0,1,0
1,0,1,0
1,0,1,0
5.64667360488876e-15,0.2986781486151742,0.292356145972279,-9.816356954273255
1,0,1,0
1,0,1,0
1,0,1,0
1,0,1,0
1,0,1,0
1,0,1,0
1,0,1,0
1,0,1,0
1,0,1,0
1,0,1,0
1,0,1,0
1,0,1,0
1,0,1,0
1,0,1,0
1,0,1,0
1,0,1,0
1,0,1,0
1,0,1,0
1,0,1,0
1,0,1,0
1,0,1,0
2.804502661847769e-15,0.4031881019085723,0.2627236822080755,-9.905338131997375
1,0,1,0
1,0,1,0
1,0,1,0
8.48884454792928e-15,0.4709220076263172,0.2462816537598435,-9.444290321418537
1,0,1,0
2.804502661847769e-15,0.5973360600311679,0.2197981244000346,-11.11786493220981
4.739607423410473,1.519424953174621,0.1088532678891314,-17.97118672186007
1,0,1,0
4.936130869128893e-15,0.5887413881133625,0.2214531146362143,-8.527409281902683
2.804502661847769e-15,0.5526965375710091,0.2286089894537149,-8.7254614348044
1,0,1,0
1,0,1,0
1,0,1,0
1,0,1,0
1,0,1,0
1,0,1,0
1.038263951005382e-15,0.5514426952322964,0.2288644040936189,-11.16269789238195
1,0,1,0
1,0,1,0
1,0,1,0
1,0,1,0
1,0,1,0
1,0,1,0
1,0,1,0
1,0,1,0
1,0,1,0
13.53160210647209,9.839476204798167,0.0008540306398561737,-18.76176006589608
1,0,1,0
1,0,1,0
1,0,1,0
1,0,1,0
1,0,1,0
1,0,1,0
1,0,1,0
1,0,1,0
1,0,1,0
1,0,1,0
1,0,1,0
1,0,1,0
1,0,1,0
1,0,1,0
1,0,1,0
4.136348896980781,1.310564310275234,0.1261462546988579,-7.708510242252223
1,0,1,0
1,0,1,0
1,0,1,0
1,0,1,0
1,0,1,0
1,0,1,0
1,0,1,0
1,0,1,0
1,0,1,0
1,0,1,0
1,0,1,0
1,0,1,0
3.877776548315691,1.215776242463274,0.135095580859489,-8.860464442287965
1,0,1,0
1,0,1,0
1,0,1,0
1,0,1,0
1,0,1,0
1,0,1,0
1,0,1,0
1,0,1,0
1,0,1,0
1,0,1,0
1,0,1,0
1,0,1,0
1,0,1,0
1,0,1,0
1,0,1,0
1,0,1,0
1,0,1,0
1,0,1,0
1,0,1,0
1,0,1,0
1,0,1,0
1,0,1,0
1,0,1,0
1,0,1,0
4.703534580363748,1.50624715134715,0.1098563160563069,-8.424709186628709
1,0,1,0
1,0,1,0
1,0,1,0
1,0,1,0
1,0,1,0
1,0,1,0
1,0,1,0
1,0,1,0
1,0,1,0
1,0,1,0
1,0,1,0
1,0,1,0
4.936130869128893e-15,0.4684354738759318,0.24685390278538,-10.06854035977042
1,0,1,0
5.64667360488876e-15,0.4538326709259941,0.250260238571486,-8.288029667991003
1,0,1,0
1,0,1,0
1,0,1,0
1,0,1,0
1,0,1,0
1,0,1,0
1,0,1,0
1,0,1,0
1,0,1,0
1,0,1,0
1,0,1,0
1,0,1,0
1,0,1,0
1,0,1,0
1,0,1,0
1,0,1,0
1,0,1,0
1,0,1,0
1,0,1,0
1,0,1,0
1,0,1,0
1,0,1,0
1,0,1,0
1,0,1,0
1,0,1,0
1,0,1,0
1,0,1,0
1,0,1,0
1,0,1,0
1,0,1,0
1,0,1,0
4.305977351502765,1.371837387464417,0.1207482229538603,-8.924943936982851
1,0,1,0
1,0,1,0
1,0,1,0
1,0,1,0
1,0,1,0
1,0,1,0
1,0,1,0
5.64667360488876e-15,0.4749594326772844,0.2453572008549363,-9.274580176129177
1,0,1,0
1,0,1,0
1,0,1,0
1,0,1,0
1,0,1,0
1,0,1,0
1,0,1,0
1,0,1,0
1,0,1,0
1,0,1,0
1,0,1,0
1,0,1,0
2.804502661847769e-15,0.4539644452552238,0.2502291451392024,-9.001401421710515
1,0,1,0
1,0,1,0
1,0,1,0
1,0,1,0
1,0,1,0
1,0,1,0
4.021469149536152,1.26675522977234,0.1301881401788271,-12.80127206783985
1,0,1,0
1,0,1,0
1.028145822447522e-15,0.4771997753245003,0.2448467243308264,-9.306942248979668
1,0,1,0
5.64667360488876e-15,0.4538326709259941,0.250260238571486,-8.288029667991003
1,0,1,0
1,0,1,0
4.936130869128893e-15,0.573327092025032,0.2244699197057619,-9.875031051366568
1.038263951005382e-15,0.2306407321734341,0.3155245708807671,-9.349032657866386
1,0,1,0
1,0,1,0
1,0,1,0
2.093959926088373e-15,0.4684354659666532,0.2468539046091605,-13.84780921743642
1,0,1,0
1.038263951005382e-15,0.5089115112762812,0.2378052172822771,-8.577708086724321
1,0,1,0
1,0,1,0
1,0,1,0
1,0,1,0
1,0,1,0
1,0,1,0
1,0,1,0
1,0,1,0
8.48884454792928e-15,0.3973104414007871,0.2642407679673409,-9.786137060046913
1,0,1,0
1,0,1,0
1.038263951005382e-15,0.4709220066726942,0.2462816539788831,-11.05438661190108
1,0,1,0
1,0,1,0
1.038263951005382e-15,0.5519694482162336,0.228757046749346,-10.9301088133992
1,0,1,0
5.64667360488876e-15,0.2987818532783564,0.2923235495044811,-11.2497189195251
1,0,1,0
1,0,1,0
1,0,1,0
1,0,1,0
1,0,1,0
1,0,1,0
1,0,1,0
1,0,1,0
1,0,1,0
1,0,1,0
1,0,1,0
1.038263951005382e-15,0.5320756829418443,0.232867752145465,-8.442644711861355
1,0,1,0
1,0,1,0
1,0,1,0
1,0,1,0
1,0,1,0
1,0,1,0
1,0,1,0
1,0,1,0
1,0,1,0
6.365931714542788,2.141132779255937,0.07169798634401003,-9.811439395152899
1,0,1,0
1,0,1,0
1,0,1,0
1.038263951005382e-15,0.4771252729563322,0.2448636717065937,-8.772685545408393
1,0,1,0
1,0,1,0
1,0,1,0
1,0,1,0
1,0,1,0
1,0,1,0
1,0,1,0
1,0,1,0
1,0,1,0
1,0,1,0
1,0,1,0
1,0,1,0
1,0,1,0
1,0,1,0
1,0,1,0
1,0,1,0
1,0,1,0
1,0,1,0
1,0,1,0
1,0,1,0
1,0,1,0
1,0,1,0
1,0,1,0
1,0,1,0
1,0,1,0
1,0,1,0
1,0,1,0
1.038263951005382e-15,0.5322730767848718,0.2328263877677218,-9.552996082867416
1,0,1,0
1,0,1,0
1,0,1,0
1,0,1,0
1,0,1,0
1,0,1,0
1,0,1,0
1,0,1,0
1,0,1,0
1,0,1,0
1,0,1,0
1,0,1,0
1,0,1,0
1,0,1,0
1,0,1,0
1,0,1,0
1,0,1,0
1,0,1,0
1,0,1,0
1,0,1,0
1,0,1,0
1,0,1,0
1,0,1,0
1,0,1,0
1,0,1,0
3.829225486304003,1.195831178790968,0.13707824311222,-10.00937678291881
1,0,1,0
1,0,1,0
1.038263951005382e-15,0.4709220067302908,0.2462816539656537,-9.263095916439953
1,0,1,0
3.707875231837292,1.149838273977306,0.1417915035755898,-8.190154691855829
1,0,1,0
1,0,1,0
1,0,1,0
1,0,1,0
1,0,1,0
1,0,1,0
1,0,1,0
1,0,1,0
1,0,1,0
1,0,1,0
1,0,1,0
1,0,1,0
1,0,1,0
4.096189902463483,1.294809801846846,0.1275817269770616,-10.81808364499901
1,0,1,0
1,0,1,0
5.64667360488876e-15,0.354527967467984,0.2757805407188736,-10.43175681088566
1,0,1,0
1,0,1,0
1,0,1,0
1,0,1,0
1,0,1,0
1,0,1,0
1,0,1,0
1,0,1,0
1,0,1,0
4.936130869128893e-15,0.4031881573632958,0.2627236679679585,-10.43818612781461
1,0,1,0
1,0,1,0
1,0,1,0
1,0,1,0
1,0,1,0
1,0,1,0
8.569789576427781e-15,0.2491149695836725,0.308849472551832,-16.17562586856381
1,0,1,0
1,0,1,0
1,0,1,0
1,0,1,0
1,0,1,0
5.64667360488876e-15,0.2386639232128296,0.3125863847382513,-9.812930415845839
1,0,1,0
1,0,1,0
1,0,1,0
1,0,1,0
1,0,1,0
1.028145822447522e-15,0.5235086953663277,0.2346743990286266,-11.3185769180783
1,0,1,0
1,0,1,0
1,0,1,0
1,0,1,0
1,0,1,0
1,0,1,0
1,0,1,0
1,0,1,0
4.238134706461914,1.344731465929684,0.1231006425783521,-10.13403961648303
1,0,1,0
1,0,1,0
1,0,1,0