dN/dS,LRT,p-value,Log(L)
2.449231293967717e-15,2.699679184170263,0.05018422054224025,-4.040798088503775
3.357904758241566,3.043177091359247,0.04053854636829402,-26.38722733992013
2.804502661847769e-15,1.785430195619739,0.09074197051655275,-11.90726384151574
1.517908719352235e-15,1.826472564704838,0.08827237871442145,-4.213625433421669
1.517908719352235e-15,1.826466670451403,0.08827272776616463,-4.12005019345944
2.449231293967717e-15,1.978620954342084,0.07976788091933312,-11.53899101091573
1.038263951005382e-15,1.440773447473685,0.1150071104536003,-12.01068795999783
0.8668356164533498,0.02139262762747407,0.4418572072210347,-12.80226859881274
2.570007678902349,1.328142658664042,0.1245679548654747,-17.96028380472917
1.517908719352235e-15,1.826466670451403,0.08827272776616463,-4.12005019345944
1.498238936000913,0.1432706705007867,0.3525254660808551,-13.49502698923173
2.804502661847769e-15,2.028666042119138,0.07717801816786185,-9.643277809307481
5.564591327405353e-16,1.331506836258491,0.1242686634783856,-12.7508854904956
1.07551941916151,0.005164355417669242,0.47135528882435,-13.12177893897806
0.9838307911697493,0.0002673196828126834,0.493477618680719,-11.73056430285629
1.022716373809906,0.0004992709142435103,0.4910866273941658,-11.40751936108788
0.8639801061141339,0.02242412172958907,0.4404821684886304,-12.65061989138355
6.728744545674702e-16,2.505341688054941,0.05673043695417268,-3.45051289696506
3.890817927765348,6.142799984302215,0.006597410911698798,-35.05135608713584
2.804502661847769e-15,2.701414938477562,0.05012961633167912,-20.43595266076934
0.7606033912988549,0.08207436304950022,0.3872528672447755,-12.43655082186637
0.7179553795179369,0.1227610403137334,0.3630294997743047,-11.45151819645484
2.449231293967717e-15,3.071969838908217,0.0398264504534156,-4.144903446893776
2.804502661847769e-15,2.802709110959455,0.04705258948094776,-10.68774188331791
1.242726734011658,0.08778366061348208,0.3835069550619716,-20.31716148004854
4.0479524494288e-15,2.485479852600918,0.05745064992418036,-17.82266849269761
2.449231293967717e-15,2.754392000592716,0.04849384024967268,-12.34809652109017
2.804502661847769e-15,2.485479842931117,0.05745065027726398,-12.1802244880129
1.517908719352235e-15,1.85074300204495,0.08684850180814768,-12.60444037128002
2.804502661847769e-15,2.825185825830488,0.04639807575221472,-4.705166512763082
0.7889955206253951,0.06080980598219554,0.4026102786008393,-13.66336388580515
1.873180087232287e-15,2.913769023325607,0.04391320337955695,-11.94015601941262
6.728744545674702e-16,3.018991967959435,0.04114730196530147,-4.618328792748847
6.728744545674702e-16,3.018972069781157,0.04114780685848651,-4.517514111036854
2.449231293967717e-15,2.754392000749196,0.04849384024492792,-10.9594333332748
2.804502661847769e-15,2.591526604169772,0.0537183695890921,-11.38288851716274
0.7415619581561048,0.09891609516632727,0.3765671298950943,-13.89092301710838
2.804502661847769e-15,2.803057569694219,0.04704236619445373,-3.817422052161724
1.873180087232287e-15,2.633301376894369,0.0523219623725053,-9.955549165097501
4.936130869128893e-15,2.485479826419407,0.05745065088017326,-49.06272184195489
2.10681380839672,1.315266392281011,0.1257216777748115,-24.51561480137143
9.682324783204268e-17,2.591526713892042,0.05371836586813933,-5.086066927668326
1.670014447509064,0.4462839717006091,0.2520524700145534,-18.76812196943014
2.804502661847769e-15,2.485479725348744,0.05745065457067128,-4.370361038840445
1.517908719352235e-15,2.542624709250164,0.05540522244276647,-4.364236294450273
0.8050362612278905,0.05054102666187532,0.4110622536223292,-20.78241825995943
2.804502661847769e-15,2.803037685779617,0.04704294949537507,-3.716607370449732
2.449231293967717e-15,3.071969838908217,0.0398264504534156,-4.144903446893776
5.64667360488876e-15,2.31685416330566,0.06398930746260872,-11.9003141527717
0.7873477498209157,0.06188145671757184,0.4017732798728718,-25.96557114228197
2.804502661847769e-15,2.772778052949729,0.04793981377272272,-9.502833653655781
1.028145822447522e-15,2.591526904382381,0.05371835940814301,-12.74621257511673
2.804502661847769e-15,2.485480048574416,0.05745064276839745,-9.689771332861403
2.804502661847769e-15,2.803037685779617,0.04704294949537507,-3.716607370449732
2.449231293967717e-15,2.754392265541973,0.04849383221586862,-4.971101689358147
2.804502661847769e-15,2.485480048588286,0.05745064276789075,-4.643620294626096
2.804502661847769e-15,2.772893432193634,0.04793635889997327,-16.46773428600149
2.731941657024047e-16,1.85096695015578,0.08683548713615596,-5.903283297192464
1.517908719352235e-15,2.591526904394696,0.05371835940772535,-4.700898081412719
2.804502661847769e-15,2.317190078603142,0.06397548740662062,-4.909784178324347
1.884890799964936,0.9843121466003382,0.1605682602222268,-24.5980317369835
0.8193041942158842,0.04244408419748069,0.4183877924030858,-12.51367724987586
1.112821995688976,0.01101332666555521,0.4582099644863502,-12.77372211833449
2.804502661847769e-15,2.485479725348744,0.05745065457067128,-4.370361038840445
0.6864537062204714,0.1608550470920243,0.3441852564565329,-13.29118597591996
1.463173043967104,0.2556237272963102,0.3065713908124564,-15.50204722556401
1.517908719352235e-15,2.855974524470947,0.04551752857024399,-3.833477333168049
2.804502661847769e-15,2.825185825830488,0.04639807575221472,-4.705166512763082
3.976386739178716,7.558231811222711,0.002986828684264808,-38.570807691256
1.038263951005382e-15,3.224261804353176,0.03627725111588548,-4.268553674770197
2.449231293967717e-15,2.701414938638138,0.05012961632663054,-5.444527035213219
4.0479524494288e-15,3.018119868693958,0.04116943674967294,-18.00659693848563
1.730464056440775,0.504047126729219,0.2388636135675996,-27.3156294855824
0.7875543492288807,0.06175496736164376,0.4018716701619207,-12.29741543204115
0.7894667521147799,0.06049126246405478,0.4028605791606488,-19.01272693324765
6.728744545674702e-16,3.071597906388817,0.03983556257492898,-10.97925579293594
2.804502661847769e-15,2.631524293280968,0.0523805478237927,-19.21783939796192
0.7213244775285638,0.1191314432272179,0.3649892125552692,-12.68705180046607
2.804502661847769e-15,2.802702433217039,0.04705278542006786,-10.66882602932611
2.804502661847769e-15,2.825185825830488,0.04639807575221472,-4.705166512763082
0.8050835559111412,0.0505124364155165,0.4110869916817922,-12.9757289718604
1.080447888447895,0.00582850970589277,0.4695724412183548,-20.16210238007386
1.517908719352235e-15,2.855974524470947,0.04551752857024399,-3.833477333168049
6.728744545674702e-16,3.071949954985731,0.03982693754064653,-4.044088765181782
1.873180087232287e-15,2.754392265533845,0.04849383221611508,-17.53962474391809
1.038263951005382e-15,1.850966771091873,0.08683549754150033,-5.244855117580591
1.038263951005382e-15,2.005310806902891,0.07837458201107689,-19.56543893788879
1.873180087232287e-15,2.630765649145866,0.05240558007570839,-4.612271459630478
2.449231293967717e-15,3.071969838908217,0.0398264504534156,-4.144903446893776
2.449231293967717e-15,2.701414938638138,0.05012961632663054,-5.444527035213219
5.64667360488876e-15,2.316982465600915,0.06398402852273766,-12.06941219009157
2.804502661847769e-15,2.825178265734845,0.04639829422817371,-4.60435183105109
6.728744545674702e-16,3.071388500807863,0.03984069387330047,-18.42726456708579
0.686467072212475,0.1608373648487991,0.3441933713852633,-12.89456666770694
2.287852447174094e-16,2.861530205014551,0.04536057934826448,-4.52053387875967
2.093959926088373e-15,2.31706198925141,0.06398075680149201,-4.251419637552186
2.804502661847769e-15,2.801759082479769,0.04708047425271139,-16.51170680534176
6.728744545674702e-16,2.505469209327224,0.05672584516628759,-4.108877437737225
0.784889936860757,0.06357556982539592,0.4004656676284722,-11.15311478580236
2.804502661847769e-15,2.178166846110713,0.06999055302601526,-4.561228878788083
2.449231293967717e-15,3.07175693122559,0.03983166628783702,-11.5078622924602
2.731941657024047e-16,2.538549241130763,0.05554841131014432,-5.174323595447729
2.804502661847769e-15,2.861510311504217,0.04536114029529414,-4.41971919704768
0.77322011030842,0.07209313085128954,0.3941566062208711,-10.49777048996368
2.804502661847769e-15,2.774203073030917,0.04789716250893883,-3.777994291697114
1.827506400178574e-15,2.852491837717025,0.04561621581228714,-13.50590338695264
0.6209775899810114,0.2674124757193894,0.3025364053048795,-12.18149170875326
6.728744545674702e-16,2.505341688054941,0.05673043695417268,-3.45051289696506
2.449231293967717e-15,2.754392265542002,0.04849383221586784,-5.071926308032309
1.8392735813711,0.610867456149812,0.2172306922316006,-16.74192567421338
1.038263951005382e-15,3.224281684471789,0.03627681062035176,-4.369368356482189
0.7158289054378417,0.1249144140638379,0.3618821748159531,-18.16876796444367
2.804502661847769e-15,2.825178265734845,0.04639829422817371,-4.60435183105109
2.804502661847769e-15,2.183953103657625,0.06972792972470421,-9.920334402241608
2.449231293967717e-15,2.701414938638138,0.05012961632663054,-5.444527035213219
2.804502661847769e-15,2.183953105147358,0.06972792965723162,-4.052405526730628
6.728744545674702e-16,3.071949954985731,0.03982693754064653,-4.044088765181782
9.682324783204268e-17,2.591526713892042,0.05371836586813933,-5.086066927668326
2.449231293967717e-15,2.701414412747997,0.05012963286050853,-12.29506794001479
6.728744545674702e-16,3.070882074125521,0.03985310635506834,-9.8695593054673
2.804502661847769e-15,2.183953105147358,0.06972792965723162,-4.052405526730628
1.456051313522147,0.2496045143596035,0.3086768444072455,-18.82863621334378
2.449231293967717e-15,2.445384462389779,0.05893550120491003,-5.080243069581159
2.731941657024047e-16,2.538548543910849,0.05554843584131069,-11.22468745614019
2.449231293967717e-15,3.031623472198575,0.04082813746830616,-11.90920299057276
2.449231293967717e-15,1.801364600385256,0.08977380446204175,-11.66198972895575
1.038263951005382e-15,1.850502604555349,0.08686247492878796,-12.63985333741212
0.7751607217415608,0.0706306781058359,0.3952103587661003,-12.52070806065477
2.449231293967717e-15,2.754392265542002,0.04849383221586784,-5.071926308032309
2.449231293967717e-15,1.80094419545358,0.08979919411092979,-4.706159195121345
2.804502661847769e-15,2.44474075985822,0.05895968261928997,-44.53262724643421
2.804502661847769e-15,2.914182241629785,0.04390195590819429,-10.42288281434896
2.804502661847769e-15,2.485479725348744,0.05745065457067128,-4.370361038840445
1.038263951005382e-15,1.850966992622972,0.08683548466840174,-13.06256940312592
2.804502661847769e-15,2.773814443118852,0.04790879021470895,-11.00530384877249
2.804502661847769e-15,2.861510311504217,0.04536114029529414,-4.41971919704768
2.155609688338431,1.38792639335643,0.1193777972634713,-24.33093317931471
2.804502661847769e-15,2.803037685779617,0.04704294949537507,-3.716607370449732
2.804502661847769e-15,2.774203073030917,0.04789716250893883,-3.777994291697114
0.6207985265576864,0.2677641984919035,0.3024177626307764,-14.12960256553781
2.287852447174094e-16,2.860462645544104,0.04539069248669741,-10.27176216052491
2.804502661847769e-15,2.801989280280452,0.04707371594941434,-9.560457471041675
2.804502661847769e-15,2.178166846110713,0.06999055302601526,-4.561228878788083
2.423716626643974,1.782761984052605,0.09090526810348742,-30.90083205331075
2.804502661847769e-15,2.631271562676275,0.05238888547730369,-11.56804345812906
3.17603086687411e-16,2.591526904394748,0.05371835940772374,-4.80172270008688
2.804502661847769e-15,2.485480048068371,0.05745064278687517,-11.46501292594564
2.093959926088373e-15,2.31706198925141,0.06398075680149201,-4.251419637552186
0.7166015688030487,0.1236326712469378,0.3625637402185159,-39.6808985569965
1.873180087232287e-15,2.6310184813977,0.05239723615680042,-12.26175871743624
2.804502661847769e-15,2.485479725348744,0.05745065457067128,-4.370361038840445
1.038263951005382e-15,3.224281684471789,0.03627681062035176,-4.369368356482189
1.028145822447522e-15,2.44538444279444,0.05893550194086422,-4.979418450906994
4.428659690328289,8.541979462915933,0.001735240080970424,-53.47344440269134
2.804502661847769e-15,2.825185825830488,0.04639807575221472,-4.705166512763082
1.441997124727611,0.2374357527241671,0.3130321573095807,-17.97357548002109
1.738688558207614e-15,3.032084051315866,0.04081655045486005,-4.749810774361372
1.474736237450415,0.2657056289755815,0.3031135649875669,-17.69078286847654
0.8204863284801243,0.04181118120062166,0.4189900592352215,-19.22451311965752
2.152398491927658,1.380305009963038,0.1200245999721229,-32.90014912038068
2.804502661847769e-15,2.801132434455842,0.04709887715932076,-3.817422052161724
1.038263951005382e-15,3.224261804353176,0.03627725111588548,-4.268553674770197
2.287852447174094e-16,2.861530205014551,0.04536057934826448,-4.52053387875967
2.804502661847769e-15,2.860932716651568,0.04537743030297225,-10.87966469069473
1.038263951005382e-15,3.224261804353176,0.03627725111588548,-4.268553674770197
0.7282235447866143,0.1118670469493637,0.3690142299674443,-18.70083393504817
1.038263951005382e-15,1.996688036546821,0.07882166982182176,-26.05382319963402
2.804502661847769e-15,2.802824764394067,0.04704919610478664,-11.15459147840428
2.804502661847769e-15,2.178166846110713,0.06999055302601526,-4.561228878788083
8.054333073515119e-16,2.006338819296346,0.07832147246250637,-12.88945742638994
2.804502661847769e-15,2.485480048588323,0.05745064276788947,-4.744444913300259
0.6641879932562312,0.1921266903927972,0.330576227322796,-30.94760585780485
4.59448992757588,5.89633901658334,0.007586194839155014,-33.87085554242134
4.073216206999681,6.455255328112983,0.005531232300123368,-37.09662521580007
1.410381417204899,0.2112105481179256,0.3229101194914146,-17.79860007037889
6.728744545674702e-16,2.505341688054941,0.05673043695417268,-3.45051289696506
2.804502661847769e-15,2.183447523051179,0.06975083257125148,-10.31012730811168
0.7430506698333265,0.09752556242413846,0.3774097542689304,-19.7490300185994
2.449231293967717e-15,2.754392000493166,0.04849384025269127,-4.697842433572497
8.054333073515119e-16,2.00672864584944,0.07830134379651826,-5.027824142599783
4.936130869128893e-15,2.798065773282175,0.04718904938929358,-34.76608573492366
9.682324783204268e-17,2.591526713892042,0.05371836586813933,-5.086066927668326
2.804502661847769e-15,2.485480048588208,0.0574506427678938,-10.98150582654369
0.5327252539766095,0.4940776116076435,0.2410569959244995,-13.42554444125607
2.449231293967717e-15,2.701414144456304,0.05012964129554653,-11.18449371477421
2.804502661847769e-15,2.803057569694219,0.04704236619445373,-3.817422052161724
2.152456004279223,1.383257148500078,0.1197735573902088,-23.06906163811934
2.804502661847769e-15,2.774203073030917,0.04789716250893883,-3.777994291697114
9.11855160337257,28.73104854222282,4.157986377428813e-08,-73.04343634740643
2.804502661847769e-15,2.861297484499786,0.04536714195350255,-11.85795134572206
2.449231293967717e-15,3.071969838908217,0.0398264504534156,-4.144903446893776
6.728744545674702e-16,2.504637855069046,0.05675578795421182,-9.88644850296788
8.054333073515119e-16,2.00672864584944,0.07830134379651826,-5.027824142599783
2.804502661847769e-15,2.183953104852712,0.06972792967057684,-10.41448975579417
0.787088735947064,0.06207372411002865,0.4016239281502361,-12.19794896078477
2.804502661847769e-15,2.178166846110713,0.06999055302601526,-4.561228878788083
1.873180087232287e-15,2.914181651349772,0.04390197197291751,-5.270699561671738
2.323946083199446,1.637499038116161,0.1003344778759738,-42.31423003310837
6.728744545674702e-16,3.018638768017393,0.04115626499820402,-11.48342396356282
6.728744545674702e-16,3.018991967959435,0.04114730196530147,-4.618328792748847
2.449231293967717e-15,2.701414413020771,0.05012963285193267,-13.38371092427231
2.073620110214376,1.266495255489637,0.1302125993768943,-27.65848124908165
0.1028961658876838,14.03892176468425,8.953279149720439e-05,-20.01428976951953
0.1628081584318272,10.65480218115028,0.0005489274264477428,-15.72098613695277
0.1514511785519067,9.404100034031067,0.001082503802183998,-18.09844174203332
0.2207197700080215,7.405290082954316,0.003251617827090769,-24.92152123759971
0.6643740174469861,0.3715817412392113,0.2710716718131593,-40.46650169776157
0.4166075520439825,2.772109215619352,0.04795984653007129,-38.17637651362099
0.1912848247546931,6.051073823931951,0.006948921188645152,-27.94232946565451
0.2372779393181383,6.765323172127431,0.004647304534302732,-28.85708128629586
0.2988280650011753,6.192047187521624,0.006416282686076247,-19.25505657176554
0.262145757852426,5.569652535689002,0.009137193377146802,-25.74584327163534
0.367171335783744,2.596556258415376,0.05354809844220826,-36.65431134919872
0.1736523601186523,7.859890202600859,0.002527173084746037,-23.79304370377688
0.08285092885393609,13.58819204648167,0.000113806371119296,-35.94973167263601
0.1435528516151588,7.985173335499482,0.002358098983302692,-17.84228815191344
0.1391686938280723,7.650362622215333,0.002838045533116285,-16.89848201757503
0.4054759984799034,2.434861473857993,0.05933218869483581,-30.99659949747331
0.1512027071128626,9.928726368806728,0.0008135954386384037,-21.65821507038443
0.2289947308526762,7.305534049339002,0.003437128139765822,-17.88836503156176
0.1937584019927304,7.061263926783091,0.003938420274271714,-18.79818548526141
0.1404116529699272,9.290175056483839,0.001151930717364136,-14.28300629999554
0.1988434334262869,6.76603643720199,0.004645447471421704,-28.70700430697882
0.08120902927917162,12.71398186984078,0.0001814659136850638,-36.93506335800873
0.1323532832216715,10.5488621090523,0.0005812981925592542,-17.01079829147172
0.2544646335888071,5.862643831266247,0.007732773256127035,-27.59026473106964
0.1259818648305607,10.30834697597948,0.0006621492560410225,-23.48366140060404
0.2390211547628221,5.946093953803327,0.007374967124560816,-37.49607250694736
0.3248946808878661,3.815007970441769,0.02539768173789075,-37.67788314003385
0.4655890256214683,1.279008585036266,0.1290417267924399,-37.55566983968244
0.4936626420516672,1.692225479279401,0.0966539308631012,-34.59827416535069
5.557027398478566,13.28285368271167,0.0001339222447241384,-86.03930638554412
0.09281196508189996,13.43294670481657,0.0001236217239178328,-15.09131464690736
0.2292893989342742,4.383537751970564,0.0181438028414817,-32.91582534326956
0.3602784981386997,3.35872201533801,0.0334249641689327,-28.52576323160332
0.2181140061149472,5.287439373048272,0.01073989050279023,-20.68936353569291
0.3505127073978538,3.080471733667885,0.0396187703790411,-20.1291781200828
0.2078729526340617,6.518043456438861,0.005339270867884494,-19.70202239666807
0.1207936970521619,11.64862554888533,0.0003212499450322981,-13.73258009230817
0.3173877392109821,3.727692038924808,0.02675864671718181,-20.21981062665864
0.8397635623369607,0.1294033655989253,0.3595257268124419,-31.1080165115936
0.2865908899441532,4.935149480797669,0.0131578932174477,-25.22048314642277
0.7203443972684199,0.3594425856810233,0.2744079861192952,-34.53086157680573
0.2976888506399967,2.71937832849099,0.04956831001837941,-35.94416387136957
0.402015034114948,3.25808910262829,0.03553595170587781,-22.61486307166781
0.5028102406027142,1.65179292016655,0.09935754036079869,-28.39385740101704
0.2258963728819747,5.54408699348906,0.009271613825380498,-18.60784380858949
0.3552147873069156,3.722914808786065,0.0268353009653966,-26.77986859662844
0.232281228756461,5.734024245831456,0.008319655066065135,-20.96520600616206
0.39237201693123,3.450816477500602,0.03161026628211772,-20.45677181386615
0.4936919117381223,1.625561620595349,0.1011590197769787,-35.80122758905461
0.33320484832244,4.653000765298906,0.01549965588330909,-20.52288601408197
0.2769505841599421,4.534620264204349,0.01660791276482454,-29.99517708793157
0.09780399561311846,8.499927761602173,0.001775802904814439,-26.77037676399628
0.4101991486886232,3.051801234954738,0.04032382673014984,-21.96964881559155
0.3583868455290743,4.109247473652779,0.02132466774967873,-21.20369351632104
0.4202028475295896,2.802882455247094,0.04704750350261117,-29.54370517342872
0.477453751702642,2.256752537238256,0.06651638666023552,-27.91346653860585
0.4734694641238336,1.784368928101962,0.09080688058259473,-24.59355832337576
0.3695094891896556,2.957673663258113,0.04273541576877038,-22.28217143109724
0.2574159844837361,6.384462142362786,0.005756182075815963,-18.92257114431453
0.3609128517560293,3.94973531700996,0.0234393703804992,-25.83390394805101
0.3100675363767226,4.904805965940056,0.01339103020182553,-19.86940431476954
0.521251672093116,1.856052953385003,0.08654051906111465,-30.12741920382084
0.4208641669459134,2.250811608772842,0.06677217236545868,-28.71929109369828
0.1874863873113672,9.127928124342191,0.001258683233695823,-17.24633141337496
0.2885459199055863,3.992768872278035,0.02284795675752371,-32.8036790599839
0.2043248520918175,7.291279065780792,0.003464506355446373,-19.49656479724507
0.4058158383813131,2.462093358858716,0.05831163142273987,-28.46849152507937
0.3078175146190079,3.307708829325989,0.03447778461394985,-29.38243093223493
0.2679549818037774,4.265581187257247,0.01944597151280353,-22.30413281879273
0.4309332010767337,2.314155860763435,0.06410044030059375,-23.38298744714236
0.6316085306573901,0.9389313937948529,0.166276405738424,-21.39876177619218
0.4170251832764732,2.848877636984973,0.04571887540601577,-22.02438403834125
0.3471131027619596,5.13460215202538,0.0117267309054454,-21.45046586333332
0.423966939712536,2.820619035626137,0.04653025336973393,-32.86793866656673
0.2048607475630235,7.6951489608538,0.002768471994474442,-17.87852627040433
0.3208596619391368,4.624552510449725,0.01575874082450474,-21.46766432563523
0.2436382167788805,5.721902120497397,0.008377285021979208,-26.11589845337651
0.4341838317308357,2.225561281663765,0.06787165943416873,-23.40791453769098
0.7643353471674883,0.3994079534102895,0.2636975864332236,-24.06715865479729
0.4872043432307434,2.153854034684258,0.07110625612979149,-36.33842874436272
0.5106134116897825,1.670144533310079,0.09811958830153694,-22.45062278393125
0.3899184606512387,2.586471594405083,0.05389009808442696,-36.50163494826621
0.4250297020716414,2.899265189968325,0.04430997098244255,-22.14321937238515
0.2222263247118535,5.366164607995422,0.01026553719642576,-21.38358561119224
0.8013398786473671,0.190633850384387,0.3311947961037828,-35.9421071108442
0.6147299744111178,0.8988033565071021,0.1715513890210343,-23.5066561098899
0.659106208011452,0.9347497895377472,0.1668158645833823,-35.33857939522492
0.7544325602344143,0.07073580830577697,0.3951342209024871,-19.53574853127826
0.6380567170109089,0.7124317167818361,0.1993188605010013,-32.47007812055677
0.8886851660629796,0.06117141604507026,0.4023269792106519,-33.22324253726794
1.154192986152447,0.0846917831849936,0.385518574908925,-44.26852320556041
0.863532819059186,0.06515234486526822,0.3992651722628355,-34.38763800831711
0.7530900697488053,0.2139147841094555,0.3218580938892785,-24.13728666967216
0.4555555251599136,2.19272985009637,0.06933168394726646,-27.9949288913259
1.085270333362419,0.02723034679918612,0.4344656149166102,-33.26129330205168
0.8673084281149294,0.1048413070546488,0.3730477287116999,-24.99585481795842
0.6016611032931144,1.052736785742184,0.1524388107679678,-47.89411860170695
0.7682704620306936,0.2560100829625611,0.3064373142589933,-26.91377894341547
0.8079826925126276,0.1610405749712385,0.34410014317009,-31.40043994137649
0.3826973278719475,3.184110473094634,0.0371787287323247,-19.61089340256527
1.104536872354577,0.04222414792148754,0.4185965485775559,-37.29677893234714
0.3677600696344056,3.864203311742919,0.02466330342043077,-21.84652391216055
1.221371150718865,0.1414500681392497,0.3534218414260932,-55.14595400058297
1.120255191811655,0.04171148259688096,0.4190853637988542,-45.07228241092465
0.3577150430023155,2.074330566675258,0.07489782527567002,-35.71042587426374
0.9935102086201055,0.0001557548728072788,0.4950212580956683,-58.96449127955491
1,0,0.5,-4.622256415401388
0.631618970142132,0.9881454574044284,0.1600980318761207,-29.83114357730887
1.927836987313739,1.856304272646085,0.08652597345247476,-40.11215392400371
1.065274048934101,0.009761073726402003,0.4606492701410223,-28.92060638934602
2.059977399884566,2.188380832605745,0.06952771337781161,-31.69481544225708
1.456425274147253,0.5457183120775113,0.2300362432467253,-27.5028728055022
1.410689976529933,0.4120470197318156,0.2604661717053499,-41.38479277047495
1.671712034056422,1.072368407963467,0.1502055453893018,-30.09633929829381
0.6856384853392787,0.4554643801870384,0.2498756826332834,-48.06229190797472
1.919875793978452,1.589906637978991,0.1036697366089098,-30.19482400646884
1.668484366769081,1.210492113970318,0.1356173409693923,-33.65660328376818
1.654691420304847,0.9682024030360736,0.162564451976106,-38.0097948770241
0.5598908065612958,1.064554820157838,0.1510893151395384,-34.61989410165467
1.662087761074559,0.9906820304460098,0.1597878687353989,-32.80355114932489
2.067962446739108,2.030094814040893,0.07710549330647098,-29.77990275913242
0.8124690807379367,0.1434988999502238,0.3524135571761759,-31.24237329291446
0.6947389900396035,0.457760649108323,0.2493362002881376,-27.68229923728037
2.359273842630452,2.833981974408516,0.0461446354192907,-46.11484088190505
2.073835691316347,1.776041230112781,0.09131809649199363,-33.78425648818404
2.912150679996598,5.585632777345808,0.009054194916772118,-46.45667214465653
0.09875957163633821,8.916970954578197,0.00141266363780751,-30.74011317799927
2.55531405788854,2.758463090548474,0.04837056752340557,-42.67362316884391
0.7270850395468392,0.3829613277889408,0.2680113147408786,-25.15952420655522
0.1040568609510115,12.803397638589,0.0001729952122796474,-27.20870742959244
1.892334585357812,1.335733529603601,0.1238938863099903,-49.35738563690487
2.141222081146963,2.20737777619027,0.06867598211459919,-34.22858116360794
2.301032484760897,2.260183163419171,0.06636918029797112,-31.88025858301067
1.26319294161071,0.2484636805488094,0.3090794653094289,-28.34954796768331
1.60841551941468,0.7844987003831818,0.1878843994537402,-31.16382880236224
0.7736664909862057,0.2925681583143103,0.2942897374592128,-45.69518052064783
1.763626659356433,1.09583068454296,0.1475914594855908,-39.30058213481091
2.719654020258725,3.229495122386709,0.03616149115401546,-34.87823362025878
0.8717733806263364,0.05170734262982535,0.4100592813443848,-31.32844665558744
2.460272499806075,2.999209607890279,0.04165257420727642,-33.05206956709812
0.9230986231777646,0.02119819587626637,0.442120162046397,-50.24761349680235
1.345463889646704,0.2159729380444873,0.3210628096490646,-36.7281750905697
0.594072057886843,0.9767840052837542,0.1614970376607545,-23.45905507126721
0.4187396772816311,1.846642121316798,0.08708722059431218,-22.46396275361695
0.5741371191242525,0.7102325163132832,0.1996833164867298,-39.82604005433667
1.279959215426266,0.1903729745405087,0.3313031876211162,-43.76349966230693
1.269670022108319,0.1350642248953164,0.3566190000472225,-45.04867211378846
1.261770244057327,0.2559052028000224,0.306473698127846,-28.49449878760749
1.459354844070619,0.2522289316877462,0.3077549863553669,-19.82016605270721
0.8459862446082984,0.07499048397497887,0.392102290977883,-25.14817199680973
0.335209022761802,2.696050537540785,0.0502985823123282,-21.19799499141586
0.2092723607790542,4.363655510059644,0.01835672188457377,-20.57180806860802
0.3645134173608462,1.897332300188467,0.08418861188518129,-30.21632970909045
0.4662516916159521,1.417336332950413,0.116921163826627,-30.23184216383343
0.7352667011076434,0.2105264351571634,0.323177551075384,-33.4732312309205
0.4815081641714458,1.228335693281274,0.1338654752332771,-29.94913194365892
0.8649602624248298,0.06237301918773142,0.4013919262359489,-32.25683998392316
0.8314982940146451,0.106402401868408,0.3721388621046651,-34.16731072805749
0.8452287587072863,0.06310303822879604,0.4008285126038241,-25.6148829161786
0.8125909733620242,0.127146431230706,0.360704630168164,-26.63599635508181
1.102724584124675,0.04290087381942698,0.4179560171463814,-26.7056722168524
0.5694189138173117,0.636819010143995,0.2124325162422747,-26.94095714403727
0.4596031284753788,1.433995644167496,0.115556726313402,-30.87720114393705
0.8172592114137115,0.1109356133682269,0.3695407286698149,-36.74249306347014
1.042128198383755,0.005626693867000654,0.4701028639077737,-33.74389381456779
0.5309320883673846,1.179866861390785,0.1386915508259459,-25.98713113861106
0.2530885081213671,3.974432402499673,0.02309801005461481,-21.08820579851815
0.7235785292564411,0.3262278782183756,0.28394436892578,-25.70108927128922
0.5602808790517679,0.9894836016994901,0.159934309778656,-25.34328051047378
0.4008124319754965,1.14816819058538,0.1419664700269646,-25.46460366157695
1.229871013565794,0.09906286581485801,0.3764785715483747,-61.40262012213454
0.5539236279645834,1.12459359611929,0.1444657398414835,-29.69762699626494
0.4819932400147559,1.535518954087223,0.1076430171356479,-33.74083649966604
0.3968908489702843,1.556574828516084,0.1060837184172976,-29.08465319509795
0.9462275053926117,0.007355606278210303,0.4658266820197451,-33.16108546585463
0.3001400685127957,2.103504443479125,0.07348098438790118,-25.06170723397116
0.7576782658317769,0.2418169741668663,0.3114484346844522,-25.53817775441347
0.894585971464349,0.02920555570878491,0.4321526411131699,-27.00820115547162
0.9594195267808185,0.006371731248940193,0.4681889660505294,-25.14395070254365
0.730915794901961,0.2900286849044704,0.2951010744680275,-32.75316065229067
0.588297559976767,0.5795001074173882,0.2232541648164071,-27.48018148988509
1.709285729925866,0.7494732268230706,0.1933215307914677,-54.04400924779382
0.8479527478670091,0.07282540407673821,0.3936332789326253,-32.69705348053443
0.7946818567364843,0.1527744945294955,0.3479489639172931,-24.31974227685943
0.4127651739288205,2.049721831846384,0.07611700097337593,-24.43330048898125
0.3184764197014876,2.714750739813489,0.0497122501791975,-24.75574853049116
0.7819795148203201,0.2015422438579364,0.32673943028735,-25.00114619251998
0.7956800141644123,0.1393108394027252,0.354483547280662,-36.75367197587388
0.4808180580048724,1.46886001714752,0.112762821764526,-23.7871403603407
0.650321177096356,0.5365621470416215,0.2319304933959751,-22.8364455385585
0.6106191379124791,0.9577653720047437,0.1638752668200454,-23.986060497628
0.573306924452002,0.5616771016610471,0.2267926505332398,-29.78218071288006
0.8044367633921651,0.1444317463819687,0.3519572048881938,-31.79860279889876
0.8134230494165033,0.09971432643069988,0.3760863615851583,-48.28975697771214
0.3927241053767792,1.947840716448319,0.08140986214902085,-23.9398627904154
0.4229748467865586,2.069944900468457,0.07511347433843046,-20.5429300124555
0.4565378349095186,0.9224994180565034,0.1684097807221102,-22.6038882676803
0.8252748637247466,0.09412201538010123,0.3795004246052146,-25.23811412933765
0.9968849444786716,2.480028979334747e-05,0.4980132800699091,-39.47108167651908
0.7491486379318969,0.1854488366552403,0.3333659088842644,-39.55999089029445
0.9167043085946892,0.02016358163777454,0.4435405846400619,-33.07140680170941
0.72876449709284,0.2079528375266051,0.3241883512301652,-29.10406821961391
0.7252810662620193,0.4225417216774474,0.257835745844494,-33.41562724253988
0.8496302969332061,0.07850226864236021,0.3896687219053119,-25.93961992156758
0.4696604010960289,1.670553628223942,0.09809219850304252,-24.74437273725205
0.7195240938913676,0.2847194115761056,0.2968122499424597,-27.16542285025248
0.4927348149292969,1.972929593879265,0.0800686226174287,-22.80109504771663
1.07940032160195,2.042810365310288e-14,0.4999999429804097,-3.183832396551778
0.7081795547053616,0.4257922101279021,0.2570304514800194,-26.86754575016213
0.7948659453008152,0.1061560101311656,0.3722818186028242,-26.64636355617113
0.8456096358775572,0.1108028913459549,0.3696159502703199,-26.84568930986372
1.110891514639346,0.03415098438796349,0.4266930129462066,-38.56505054768466
0.4984726745335094,1.829013298486501,0.08812206713846188,-36.4450505681994
0.2424671195600498,3.976807708738995,0.02306545620444395,-23.8805962440433
0.4239611845664193,1.504017013280091,0.1100271559599453,-22.57082378689859
1.714388824060094,0.817993283900833,0.1828837682543303,-41.31585516669134
0.5464632819685276,0.9228399619579832,0.1683651971485217,-23.14731424936326
1.199156180894966,0.07841260065893607,0.3897301212342178,-32.09761374743545
1.17541855801846,0.06572964479340726,0.3988295125514335,-37.98543297152389
0.4649712557453858,2.112436364907559,0.07305327015797375,-23.24197263099738
0.7391847738251169,0.1920579465573198,0.3306046487914123,-24.87980628681219
0.2383571354807837,4.766822205316828,0.01450666580397553,-29.51896693451504
0.7441228092778338,0.1565037762359793,0.3461980094077534,-33.62899850265794
0.5285397027825688,1.051765409285025,0.15255042370878,-41.91875051119465
0.6992244082935616,0.3685356519673704,0.2719017736086075,-27.78712340671064
0.5155102557865182,1.204896820154268,0.1361725769155107,-28.02661443209466
1.043264755706855,0.005838753976959765,0.4695457649604273,-34.72364486053238
0.7914383183156566,0.1702251658739442,0.3399558865889242,-39.70534890011739
3.070171325911804,3.468435643035491,0.03127521973964081,-57.4945715814405
1.027224514664488,0.002159637368848166,0.4814670657354708,-40.90781231285725
0.6821070555455763,0.3117359031682625,0.288308457158945,-30.10260463886594
0.8613842688197024,0.07312502071079052,0.3934199684583422,-33.75553237724394
0.9659740655630211,0.002681853132756373,0.4793493618495569,-27.17865954573911
1.152579839379944,0.05322238413683067,0.4087740258996195,-37.57260413036549
0.5067868690218957,1.273540044614755,0.1295518095373792,-24.85701705816457
0.4852724433905651,1.573072061412361,0.1048807181519835,-45.02547066677154
0.6998409234322429,0.3666741921495884,0.2724113615369482,-33.58219765251618
2.499272638634733,1.261870255966272,0.1306486867034362,-19.754770478751
1.517908719352235e-15,1.762441541570158,0.09216013545264823,-4.200156486099068
8.054333073515119e-16,1.734460303350708,0.09392113827304355,-22.45020870354045
2.804502661847769e-15,1.956491538226572,0.0809445198704602,-17.7252836917104
2.23597944768369,1.0053622235597,0.1580082381232779,-16.71810871210164
2.804502661847769e-15,1.923050998067353,0.0827603550365939,-4.30276178725783
5.564591327405353e-16,1.283005547629456,0.1286704758555151,-5.57754355974491
2.093959926088373e-15,1.73564907143907,0.09384553191714817,-24.05942472519313
2.449231293967717e-15,1.248336178940987,0.1319352481080814,-4.537700039384358
2.093959926088373e-15,1.886039005176968,0.08482467997547943,-36.66249855991242
2.804502661847769e-15,1.51382578624618,0.1092781161320837,-4.044219710415854
6.728744545674702e-16,1.736604068562855,0.09378484482057003,-3.368685807021785
0.9405295621968813,0.003828918366018286,0.4753298923978231,-18.83657406910558
1.325717193483774,0.07243900943143089,0.3939090667449373,-13.226639011716
1.517908719352235e-15,1.762245187734372,0.09217235868865509,-12.24546528388706
1.038263951005382e-15,1.282361031416013,0.1287302513351438,-11.67251055761189
2.804502661847769e-15,1.509804952755401,0.1095844256630176,-4.561228878788083
1.517908719352235e-15,1.762436392324867,0.09216045597465133,-4.107231420143637
1.028145822447522e-15,1.695030625737054,0.09646957368675013,-12.24543107350157
2.804502661847769e-15,1.983471231491347,0.0795125984822892,-4.31861251093154
2.449231293967717e-15,1.909224520347246,0.083524712851477,-4.87409172704554
1.010958681083603,0.000117759202495904,0.4956708865215202,-12.38613060928627
2.449231293967717e-15,1.248336178940987,0.1319352481080814,-4.537700039384358
2.804502661847769e-15,1.958045696218605,0.08086124104901382,-18.68593120377996
1.009608860033996,9.072545998023429e-05,0.4962001356928,-13.17172581110222
8.054333073515119e-16,1.390972825493597,0.1191204407310667,-4.828000493376127
2.731941657024047e-16,1.759607040204694,0.09233676876539726,-4.984385957060828
2.804502661847769e-15,1.957556670197697,0.0808874347353708,-9.742748249254326
2.250523943924017,1.019662768808068,0.1562995073704906,-23.15049955782072
3.157868419764667,2.792650719353674,0.04734873289813551,-25.83478016714354
1.439532941246503,0.1178059478520623,0.3657132035667878,-13.13165928610973
8.054333073515119e-16,1.390972825493597,0.1191204407310667,-4.828000493376127
2.804502661847769e-15,2.016180243042321,0.07781510512415735,-16.72063709265356
1.009522221384674,8.910607121137559e-05,0.4962341998891488,-13.44820366783435
2.449231293967717e-15,1.762360645631496,0.0921651710834005,-11.56308546044897
0.7693141008812897,0.07508954074965501,0.3920328168509191,-11.87290508787868
2.804502661847769e-15,1.509804952755401,0.1095844256630176,-4.561228878788083
1.048636864466843,0.002216713586935981,0.4812239414865123,-12.8878069851722
2.804502661847769e-15,1.958293649348974,0.08084796363906382,-4.596166014736315
5.64667360488876e-15,1.606086547087456,0.1025213933374224,-4.16959254760891
6.728744545674702e-16,1.736604068562855,0.09378484482057003,-3.368685807021785
1.873180087232287e-15,2.019986370073857,0.07762026752884155,-4.788520753103523
2.804502661847769e-15,1.942966210407167,0.08167341465455547,-3.708421554134958
1.517908719352235e-15,1.762436392324867,0.09216045597465133,-4.107231420143637
0.9538044318910501,0.002267129299319492,0.4810117852368598,-25.88635128795374
2.804502661847769e-15,1.958293649348974,0.08084796363906382,-4.596166014736315
1.031013991008904,0.0009215422429456055,0.4878912032262456,-13.42662789556175
1.517908719352235e-15,1.761910079188514,0.09219322389861295,-9.675390859193747
2.804502661847769e-15,1.948163710725691,0.08139243297242837,-4.59489208314103
1.517908719352235e-15,1.748771061104128,0.09301565088931502,-4.104495788536913