dN/dS,LRT,p-value,Log(L)
3.17603086687411e-16,5.769231703061335,0.008154581604935374,-4.061970638785194
0.5466378809879091,0.4356609290273852,0.2546121048897098,-18.19516751957035
1.070999068389732,0.008892470815858644,0.462435465361157,-20.48231688522694
0.5608618692768894,0.3974355258479285,0.2642083193818507,-11.92728415248632
0.56087843379733,0.3973835270073849,0.264221807712744,-12.38032509192258
9.555848176237971e-17,4.380483235982352,0.01817634484934344,-5.299909907566803
0.8711416997374098,0.01955894151743109,0.4443879555384486,-16.18252341586297
0.4153833951306475,1.030668390353203,0.1550008668774619,-13.69760411816694
2.70591723350875,2.81146838152079,0.04679633640330216,-25.92096065848492
1.748922198272982,0.7518403435191914,0.192947095987792,-31.62678249362732
2.287852447174094e-16,2.065567178752591,0.07532943332674918,-13.25197794090168
0.9908749901880555,0.0001644936527185337,0.4948835029064643,-18.68415406426653
4.936130869128893e-15,2.080828566522211,0.07457959553038851,-13.43495997232565
0.5046744343151174,0.5856959284308587,0.2220441597615083,-8.177038351073021
1.282777513302205,0.1125412512731288,0.3686346503773341,-24.99533950958072
0.4563679651098002,0.7944487355158572,0.1863791532357601,-25.65050550549311
1,0,1,0
9.682324783204268e-17,3.675829922907866,0.0276033814239402,-10.88181785524092
3.25295941753151,4.759754923628421,0.01456634794669504,-40.85979783021657
6.728744545674702e-16,3.921930442480445,0.02383006136207588,-17.68969899957977
0.4200050482428641,1.000522939164053,0.1585920025133939,-11.39250183147953
1.011650130999572,0.0002588423158833564,0.4935818632114511,-12.8722293538079
1,0,1,0
0.513219133435449,0.5450135776852463,0.2301811660919465,-12.06779545985584
0.4620259911496313,0.7733121445420181,0.1895971801399896,-12.34440359944484
2.084252974498643,1.641536774427003,0.1000573734913905,-24.26376832076209
1,0,1,0
6.728744545674702e-16,3.816552870172579,0.02537427167888473,-20.7801735563193
4.936130869128893e-15,2.087760927190288,0.07424177707236934,-16.50583963177115
1,0,1,0
0.5924714648015506,0.3228698425095828,0.2849440288104691,-18.02811200125406
5.840566125974614e-16,4.932250806841997,0.01317998108286006,-7.25283765535795
6.728744545674702e-16,4.003162075916656,0.02270749320766996,-20.45257765403207
1,0,1,0
1,0,1,0
3.17603086687411e-16,3.996772560729717,0.02279373905632431,-11.78791298097812
1.028145822447522e-15,3.921624884229267,0.02383439277315469,-17.50764438947296
5.840566125974614e-16,3.892475564830116,0.0242514401390701,-6.034146914907149
5.840566125974614e-16,4.751451744355133,0.01463679389422023,-9.849608841398592
5.840566125974614e-16,3.816552869413044,0.02537427169038847,-21.04540347129335
0.9738535825633347,0.001388553864572373,0.4851375319521203,-16.42000957532042
1,0,1,0
1,0,1,0
1,0,1,0
1.028145822447522e-15,3.592817475649419,0.02901489003239893,-19.53079186219865
0.5242717751758308,0.5096259043543654,0.2376504220588005,-19.12274082238244
1.546756269593608,0.4808353255466571,0.244022095988114,-18.0232924516751
1,0,1,0
0.795297503656774,0.05517885052605465,0.4071424804640964,-18.93597090179426
9.682324783204268e-17,3.581428351125496,0.02921444589431782,-10.87702106137238
1,0,1,0
2.287852447174094e-16,3.996785203811175,0.02279356805934513,-8.956377289458002
6.728744545674702e-16,3.816565297790028,0.02537408345415759,-11.51237199978487
0.5138630212181117,0.5426436072182881,0.2306695951390826,-21.22667913343747
1,0,1,0
3.17603086687411e-16,3.816565298861754,0.02537408343792563,-13.05153431296128
5.840566125974614e-16,4.250357242024478,0.01962103737698873,-10.50937512662724
1,0,1,0
2.287852447174094e-16,3.99679133130714,0.0227934851857865,-11.96362181465188
1.123699228904745e-16,2.537431501038872,0.05558775348098649,-7.028555414172868
1.742374137158843,0.9900291290675796,0.1598676276268606,-37.65581351695678
1,0,1,0
1,0,1,0
1.068271522698137,0.008255670361180023,0.4638016311430653,-25.38146954844873
1,0,1,0
1.415747864335134,0.3181515332931433,0.2863603145098459,-14.52108610929232
1,0,1,0
3.17603086687411e-16,4.11059918709908,0.02130763089786164,-6.953661173948625
0.9123050330646585,0.01697113187445609,0.448175103018627,-13.23463527757185
0.4146647911163491,1.035453850845716,0.1544405741053139,-11.25430834243567
9.682324783204268e-17,3.921930764250384,0.02383005680129535,-17.04366081466124
9.682324783204268e-17,3.997073944746255,0.02278966322196585,-11.99808461376859
0.7476816901244303,0.09137709136274808,0.3812168575089158,-10.45564461971439
3.17603086687411e-16,3.581455483884774,0.02921396875539617,-10.92735577745425
1,0,1,0
1,0,1,0
5.840566125974614e-16,4.772026893011997,0.01446287584260808,-18.32396879217286
2.560860330863917,3.192770898043719,0.03698227076062233,-33.29952617390612
5.840566125974614e-16,3.892475564830116,0.0242514401390701,-6.034146914907149
5.840566125974614e-16,4.112903567532381,0.0212786197175252,-9.818056766769399
1,0,1,0
4.936130869128893e-15,2.085847074767621,0.07433486727993405,-19.5128857165439
1,0,1,0
1,0,1,0
0.4562357387090283,0.7951385182779021,0.1862754295373685,-14.45509012798629
1,0,1,0
6.728744545674702e-16,2.192182942787866,0.06935630136304366,-10.90821848324208
5.840566125974614e-16,4.751558548217751,0.01463588549825873,-9.744009432561976
9.682324783204268e-17,4.472650910893144,0.0172207583022948,-17.21093761666453
1,0,1,0
0.748035530162358,0.09101117005048565,0.3814477883883522,-25.75460202329925
1,0,1,0
1,0,1,0
0.4057683808299463,1.104387876799517,0.1466525807455429,-8.627133224727148
2.447138957471938,2.345746143200671,0.06281269896024083,-30.78974881348415
1,0,1,0
6.728744545674702e-16,3.892186835692922,0.02425560937823784,-11.01173031893121
1,0,1,0
1.08167754595846,0.01166783168388719,0.4569908108981749,-13.35445919933791
1,0,1,0
3.17603086687411e-16,4.4722615871536,0.01722468236891794,-8.792342096065836
2.287852447174094e-16,3.517543145069599,0.03036119887628774,-14.68785224299963
1,0,1,0
0.5005218206742411,0.5957313256194219,0.2201056846818291,-12.16658652678479
1,0,1,0
4.936130869128893e-15,3.965597706472181,0.02321951624019292,-33.05028277035401
0.414384027630303,1.037357145298596,0.154218463806066,-13.16798118922493
1.801577448807384,0.8374878886911574,0.1800581128497137,-20.06867212548849
5.840566125974614e-16,4.390584343667449,0.01806896271744923,-15.61426656682577
1.362332480968773,0.1667316759918478,0.3415164784590141,-20.8149810565696
1,0,1,0
1,0,1,0
3.17603086687411e-16,4.11059617311945,0.02130766886981611,-6.913675407026709
1,0,1,0
1,0,1,0
1,0,1,0
0.495029389078645,0.6240410071245286,0.2147747872272264,-15.53308001737316
9.682324783204268e-17,3.996779448118382,0.02279364590460503,-12.20435916515215
1,0,1,0
1,0,1,0
1.349733175115918,0.1573712997740557,0.3457941596490354,-17.61497253123545
0.4550274478289681,0.8013834798459278,0.1853400267491655,-12.75154785504951
3.17603086687411e-16,3.386941239366916,0.03285737589667592,-11.46915841568093
1,0,1,0
1,0,1,0
1,0,1,0
1.738688558207614e-15,2.085138487439522,0.07436936656607041,-11.39002328268973
2.121353216097501,1.710585059237211,0.09545473985860631,-31.01848956647687
1,0,1,0
1.028145822447522e-15,2.906197045580061,0.0441198602807506,-11.46359731482478
1.028145822447522e-15,3.39132623305909,0.03277010613080944,-16.97380545667785
1,0,1,0
5.840566125974614e-16,3.816555598018006,0.02537423036368219,-8.340110094490715
4.0479524494288e-15,2.104281384285677,0.07344366782354844,-31.08637799401227
3.17603086687411e-16,4.244125460102673,0.01969317509393348,-12.46390374061179
9.682324783204268e-17,3.424578849197335,0.03211631223963163,-11.32102917665318
1.118011358154581,0.02338472054431051,0.439230431549175,-15.28665626177527
2.867753885796999,3.92428931268477,0.02379665136513232,-27.89181898486241
1,0,1,0
0.8415166970709893,0.0611136820041196,0.4023721505879485,-27.32724720580014
1,0,1,0
1,0,1,0
1,0,1,0
0.5247238588265914,0.5077820999763887,0.2380502737326298,-27.67963280509567
1,0,1,0
0.5003510638583246,0.5963928198215314,0.2199788239657124,-15.18181265176449
6.728744545674702e-16,3.816565298900979,0.02537408343733155,-11.25788984073808
1.028145822447522e-15,2.541720371966143,0.05543696063964715,-9.410789454156953
1.023607228554939,0.001047350234912869,0.4870913677479436,-46.27174558537692
5.840566125974614e-16,4.750484409133257,0.01464502401885526,-11.94139431257513
0.5724432121460952,0.3736316453950366,0.2705156673005503,-9.991201535223656
1,0,1,0
0.6493746730709358,0.2142503115990166,0.321728127770641,-10.22157485953924
3.43576694455045,7.122631009310055,0.003805846132777124,-53.91222463468347
1,0,1,0
2.521282538893406,3.100847497884516,0.03912577384841887,-34.39080528103983
1,0,1,0
1.399152486576665,0.2948928365087085,0.2935510058783024,-19.88957099262033
6.728744545674702e-16,3.391325384182977,0.03277012300110083,-12.33636852794234
2.230800238947667,1.967971410898357,0.08033167502164884,-35.51509855481711
2.802746589762827,3.670195806323079,0.02769683809751972,-44.36846695580839
9.682324783204268e-17,4.813268664446316,0.01412071422279065,-10.88786710987335
1,0,1,0
1,0,1,0
1,0,1,0
0.9110272557277594,0.0173059002134579,0.4476693697817423,-21.81081805673651
1.028145822447522e-15,2.165570578430447,0.07056611448327277,-19.66519988603351
6.728744545674702e-16,3.898194086049919,0.02416902054835895,-14.6093156022178
1,0,1,0
2.804502661847769e-15,2.191398790036409,0.06939161478892353,-16.9657099477057
1.226487360092608,0.07735224348970604,0.3904590804333807,-16.25835060189195
0.5423933342525574,0.4550002067295225,0.2499849754011063,-39.36002543764819
5.632150273738542,8.6865105105826,0.001602868932709944,-31.99334965743421
3.952043424624379,8.430349279087238,0.001845047280856216,-42.45508761192092
1.295871888395715,0.1215269420036122,0.3636921312306747,-17.9063270043837
9.682324783204268e-17,3.675715805018278,0.02760527104853228,-9.501707027944917
5.840566125974614e-16,3.040136179629107,0.04061455125701785,-6.414808671693462
1,0,1,0
3.17603086687411e-16,4.384648505472734,0.0181319842925437,-7.072341500547986
1.028145822447522e-15,2.136645414445383,0.07190803682708313,-20.82992493815086
1.028145822447522e-15,3.89858782601442,0.02416335656415564,-16.60743415203652
5.840566125974614e-16,3.99677599679363,0.02279369258361574,-25.2247969094385
9.682324783204268e-17,3.816565298897757,0.02537408343738035,-9.057768786167667
1,0,1,0
5.840566125974614e-16,3.921624883045745,0.02383439278993321,-11.51260111195218
3.17603086687411e-16,3.898789339889619,0.02416045831122987,-4.200880308179399
5.840566125974614e-16,3.898009915602977,0.02417167033751511,-8.177505958116132
1.966214991650306,1.416112298808756,0.1170221805268459,-30.32057825895398
6.119442443492467,13.06535067868647,0.0001504044399145976,-44.40974430831744
1,0,1,0
1,0,1,0
9.682324783204268e-17,3.675180670958255,0.02761413391215206,-7.990277174314819
1,0,1,0
2.287852447174094e-16,3.040150691254457,0.0406141881870461,-10.09261365172934
1,0,1,0
1,0,1,0
1,0,1,0
0.5009419727119585,0.5940836840604007,0.2204221569928369,-25.40476659493541
1.564342546548448,0.5032727384072118,0.2390328141464724,-31.88944912882719
1,0,1,0
1.028145822447522e-15,3.921737401204496,0.02383279770318436,-30.07510273624055
0.4029653355691648,1.11733987913863,0.1452459843316602,-15.26431310843903
5.840566125974614e-16,3.816552869817862,0.02537427168425721,-10.80682566812322
0.9098223595341048,0.01779961416939102,0.446932514614741,-17.48136433113703
2.662670669983446,3.419637722476956,0.03221257493525675,-30.61575861739344
3.17603086687411e-16,4.46720031481048,0.01727578103079008,-4.514671569074657
1,0,1,0
1.126903852092551,0.02666270747075927,0.4351461584558737,-15.9140944896681
2.735226698307942,2.952016105209722,0.04288524812997535,-24.63451701280516
1.949779052547033,0.7051166978990793,0.200534866104886,-26.58811240836173
0.6623253513435295,0.1899738383618157,0.331469196268072,-18.95653894663681
0.9296215340678796,0.01065643736958322,0.4588902066822086,-17.55015020265322
1,0,1,0
1,0,1,0
1,0,1,0
3.17603086687411e-16,4.770819856940527,0.01447301904125825,-6.922413913446793
5.840566125974614e-16,4.461826030393325,0.0173302133894308,-9.690533621178897
1.113267183222357,0.02171687407429346,0.4414213880269253,-22.01003717001321
1,0,1,0
1.028145822447522e-15,3.996791326590412,0.02279348524957953,-32.25030467817019
9.682324783204268e-17,3.391235652113199,0.0327719063597412,-7.277535250039245
1.028145822447522e-15,3.816555718072621,0.02537422854536936,-17.11802875608256
0.5452196142335118,0.439540834217766,0.2536720792239352,-16.68804320124119
1,0,1,0
1,0,1,0
5.840566125974614e-16,2.542024828163722,0.05542627335495792,-11.02141694029547
1,0,1,0
0.5225799738140076,0.5151109231119264,0.2364673536756834,-17.49581757944626
0.4983776064634769,0.6044402439791128,0.2184444346867198,-21.76054252745074
0.5596115441821694,0.4008672183668942,0.2633208644054683,-13.54201662704837
0.5103436701003646,0.5637320347479005,0.2263802226130788,-13.62030921883442
3.17603086687411e-16,3.892467353064776,0.02425155870623741,-5.994161147985233
9.555848176237971e-17,3.576874435015412,0.029294645527142,-14.00179304974064
0.4202133599216809,0.9991628731759512,0.1587565764612119,-12.64011002269356
5.840566125974614e-16,3.391324936791239,0.03277013189242434,-9.931106978579063
2.287852447174094e-16,4.465260900124566,0.01729540335972379,-14.71708543120912
3.17603086687411e-16,3.910468738852016,0.02399310577213115,-5.939342457979987
0.4850980222410112,0.6609384734520916,0.2081144111596976,-49.66596914171256
2.097250801788426,1.669605033795655,0.09815572267071071,-25.77872454183892
5.840566125974614e-16,4.663671775402328,0.01540362163919645,-10.51418184542289
9.167483856817817,40.41404431834133,1.027294360689268e-10,-78.18884091829561
0.5495518135585403,0.4340941562728489,0.2549934080196237,-21.91802896988328
1.048615083064975,0.004365844087914184,0.4736592425968012,-32.00479527991994
1,0,1,0
0.4824288026451601,0.6727977796152302,0.2060389355505657,-22.40130498960379
1,0,1,0
1,0,1,0
1,0,1,0
1,0,1,0
1,0,1,0
1,0,1,0
1,0,1,0
1,0,1,0
1,0,1,0
5.840566125974614e-16,3.921737406528198,0.02383279762771684,-11.07438412872198
5.840566125974614e-16,4.751156320160071,0.01463930686338333,-10.14912179626696
9.682324783204268e-17,4.472731042542588,0.01721995075642418,-10.7201751011709
0.4397482627308204,0.8770467278975786,0.1745059173377408,-12.05428447270024
1,0,1,0
1.028145822447522e-15,2.190245265429901,0.06944359911765585,-22.89046150660116
1,0,1,0
1,0,1,0
0.4144391680075621,1.036987001694865,0.1542616262334958,-12.47428575113685
5.840566125974614e-16,3.81654565541271,0.02537438095201205,-11.64659161431212
5.840566125974614e-16,4.93171380908138,0.01318407722898463,-12.51228034337977
1,0,1,0
1,0,1,0
1,0,1,0
9.682324783204268e-17,4.390584336359002,0.01806896279490267,-14.17767670068107
1,0,1,0
3.17603086687411e-16,4.312308054285644,0.0189187961357361,-9.586099963840685
1,0,1,0
6.728744545674702e-16,3.040150691486254,0.04061418818124674,-18.37377273831984
5.840566125974614e-16,3.431148243941742,0.03198880263076864,-23.92294839288133
5.840566125974614e-16,3.675791833368017,0.02760401211551067,-10.18986834719347
0.8955740983181695,0.02429131660115047,0.4380729811008358,-17.59256062792588
3.015936659730846,3.42000788813268,0.03220535273868796,-21.32342632800807
9.682324783204268e-17,4.812336702310464,0.01412835244857547,-13.64163245919309
1,0,1,0
0.5446892653667522,0.4412726489398651,0.2532544203681094,-11.68841991840965
1,0,1,0
1,0,1,0
0.9109451791964336,0.01715806613965043,0.4478920830631457,-25.09431687109228
0.6969619302428218,0.2862042269187981,0.2963316411600883,-18.15610129381749
0.4590385280985025,0.777671516844471,0.1889271100352779,-12.6278535180801
1,0,1,0
1,0,1,0
3.17603086687411e-16,4.390567591604903,0.01806914025333467,-10.48358444039121
1,0,1,0
1,0,1,0
1,0,1,0
0.541591838263677,0.4508441947776376,0.2509671660909853,-9.067124056926476
1,0,1,0
6.728744545674702e-16,3.898635639912953,0.02416266885239454,-10.3576645486514
1,0,1,0
0.9568175418028679,0.003811325127202281,0.4753865630258814,-16.87498393278332
3.17603086687411e-16,4.112977396629013,0.02127769092709014,-10.63035017651566
9.555848176237971e-17,3.579171612107041,0.02925416042898449,-6.553522136641848
1.028145822447522e-15,3.816565298491177,0.02537408344353825,-27.90587613149145
1,0,1,0
1,0,1,0
5.840566125974614e-16,4.752772399572869,0.0146255654865643,-9.049641523977872
3.17603086687411e-16,4.813383450984269,0.01411977374636597,-11.63762474458667
5.840566125974614e-16,3.58138441915122,0.02921521847078218,-9.959834302843824
1,0,1,0
1,0,1,0
0.4463966769233799,0.8431666462517455,0.1792463381056726,-19.61350158333774
1,0,1,0
9.555848176237971e-17,3.921779931125187,0.02383219481727106,-9.104705650599278
9.555848176237971e-17,3.425029564234379,0.03210754672415439,-6.798588511878389
9.682324783204268e-17,2.542024914935784,0.055426270309333,-11.02255324140097
1,0,1,0
2.804502661847769e-15,3.996772562555861,0.02279373903162568,-33.0060373556551
5.840566125974614e-16,3.898749399311161,0.02416103272340453,-11.09983049062183
3.17603086687411e-16,4.662095107034308,0.01541777178414172,-15.3209551605731
1.143139869898714,0.03300355618061701,0.4279213226940884,-17.60602026072149
5.840566125974614e-16,3.816545654967971,0.025374380958748,-10.68067091592966
1.028145822447522e-15,3.040136177898866,0.04061455130030739,-18.17018101752143
1,0,1,0
5.840566125974614e-16,4.390584353438889,0.01806896261389351,-27.05428747644608
6.728744545674702e-16,4.112978456432277,0.02127767759478255,-11.27558992965269
5.840566125974614e-16,3.921781975903215,0.02383216583178016,-9.338161328220798
0.4481334736563257,0.8339692318598004,0.1805636448370109,-13.88877234476979
1,0,1,0
1.022344795598596,0.0009378621339664051,0.4877844876779093,-44.58842539362567
3.17603086687411e-16,3.676223060384299,0.02759687269492683,-8.891880561491387
1,0,1,0
1.047959517319035,0.004153650574565404,0.4743064284896363,-19.61517707827107
1,0,1,0
4.936130869128893e-15,2.085612984658582,0.07434626252229259,-23.1430726097122
1,0,1,0
1,0,1,0
1,0,1,0
1,0,1,0
9.682324783204268e-17,4.939551970863747,0.01312441984176216,-17.59244102686971
1,0,1,0
5.840566125974614e-16,2.892488616856014,0.04449668154852288,-14.09255317590135
1,0,1,0
1,0,1,0
1,0,1,0
1,0,1,0
0.5452508097602744,0.4395911005369619,0.2536599398975642,-11.686950653067
1,0,1,0
1,0,1,0
1,0,1,0
5.840566125974614e-16,4.9417701692762,0.01310758779057103,-12.78129240780375
2.731941657024047e-16,4.523683744672668,0.01671439048710666,-3.718452529617184
9.555848176237971e-17,3.417148066510473,0.03226119481562301,-6.756975110932838
5.840566125974614e-16,4.941499510603869,0.01310964039055584,-29.04367361222095
9.555848176237971e-17,4.380466473415611,0.01817652360177802,-4.891803012931282
1.028145822447522e-15,3.602855444858804,0.02884020899029888,-27.34948251136134
5.840566125974614e-16,4.380469542428933,0.01817649087433726,-13.35489066957757
9.682324783204268e-17,4.942144664550884,0.01310474827342228,-14.02326090567808
9.682324783204268e-17,3.363071308344328,0.03333680613848911,-9.776629482164839
2.731941657024047e-16,4.443666616759871,0.01751546787105479,-3.714849925452543
9.555848176237971e-17,4.16497020644288,0.02063406940436729,-3.986443320392191
3.17603086687411e-16,3.820888548727174,0.02530869435658673,-4.068371929062891
9.555848176237971e-17,4.855044645150327,0.01378270016760919,-5.133644757691493
2.804502661847769e-15,2.112885271931704,0.07303184800497692,-4.597705057641743
6.728744545674702e-16,4.065946965717359,0.02187807228007838,-9.958841063514074
3.17603086687411e-16,4.046979329015333,0.0221252290277813,-12.61846686179473
1.028145822447522e-15,4.90119718556582,0.01341904169963526,-4.061970638785194
9.682324783204268e-17,3.387545117002997,0.03284534285778046,-10.63581803799964
3.17603086687411e-16,3.783871853323593,0.02587439193714497,-6.200318375736288
3.17603086687411e-16,4.198497469813519,0.02022990653983631,-5.011592418384033
2.804502661847769e-15,1.873520510971769,0.08553620758294994,-4.597705057641743
3.17603086687411e-16,2.576359623868717,0.05423543312815587,-4.466300663735828
2.287852447174094e-16,4.198229377974005,0.02023310514487003,-12.93159916726755
9.682324783204268e-17,2.910037730634908,0.04401490766473892,-4.850080503920754
9.682324783204268e-17,3.949143183580659,0.02344761977546839,-25.60918207648342
6.771941737530898e-17,3.394636356897557,0.03270439224568722,-4.807400962115845
5.840566125974614e-16,2.15503476414044,0.07105161355166578,-4.431171667185803
3.17603086687411e-16,3.302705609311372,0.03458293573553928,-3.974790688517865
9.682324783204268e-17,2.876117253857952,0.04495128061366283,-9.995356525067072
5.840566125974614e-16,3.594896997388972,0.02897861005764435,-17.6966444226877
3.17603086687411e-16,4.047607815218242,0.02211699267699235,-8.387336582604746
0.5969325604543222,0.3126461812643697,0.2880304521227109,-9.858117636332718
3.17603086687411e-16,4.02597307591763,0.02240238302602132,-4.626999803191274
5.840566125974614e-16,2.15503476414044,0.07105161355166578,-4.431171667185803
9.555848176237971e-17,3.722004255999167,0.02684993784144518,-4.777068689442667
2.731941657024047e-16,3.72200425607458,0.0268499378402326,-11.28364874768232
5.840566125974614e-16,3.790120184803335,0.02577797323599323,-4.288581949413124
1.367329573826457,0.1718142530882432,0.3392522157072426,-20.2208564125473
5.840566125974614e-16,3.113492155143994,0.0388231572847344,-3.598561393587822
3.17603086687411e-16,4.073172802521663,0.0217846821045895,-6.457758015932426
9.682324783204268e-17,3.234608946471973,0.03604875694397336,-11.81488105115147
5.840566125974614e-16,2.15503476414044,0.07105161355166578,-4.431171667185803
9.555848176237971e-17,3.722004255999167,0.02684993784144518,-4.777068689442667
9.555848176237971e-17,3.722004255999167,0.02684993784144518,-4.777068689442667
3.17603086687411e-16,3.034876233961441,0.04074638205999198,-10.79055857770358
0.534931067693967,0.4752098056190199,0.2453000636925695,-14.50740337100056
5.840566125974614e-16,2.15503476414044,0.07105161355166578,-4.431171667185803
9.555848176237971e-17,3.034905500438057,0.04074564727412677,-4.586231943993838
0.6634811274260827,0.188921891904311,0.3319077181233581,-11.45657752120868
9.682324783204268e-17,4.196675912794255,0.02025165000011375,-22.47692357506737
5.840566125974614e-16,3.107826519832763,0.03895843667936738,-11.30621678772884
2.804502661847769e-15,1.786523673855022,0.09067514653581776,-16.98567053867715
9.682324783204268e-17,3.302304354732602,0.03459138363014264,-8.634585335240029
2.287852447174094e-16,3.780766473214001,0.02592245325284831,-10.2824280700934
1.162234120095558,0.01984641831959522,0.4439834310946849,-17.82926528629879
2.287852447174094e-16,3.034905500354625,0.04074564727622143,-4.586230041274536
1.484051017362602,0.4044346455826116,0.2624039311861496,-40.3886374048688
5.840566125974614e-16,3.113492155143994,0.0388231572847344,-3.598561393587822
5.840566125974614e-16,3.234602537119752,0.03604889800200517,-14.01141820346514
5.840566125974614e-16,3.302617094338288,0.03458479911364942,-9.597006785793626
9.555848176237971e-17,3.601398995460347,0.02886548473596884,-10.77090092462765
5.840566125974614e-16,3.113492155143994,0.0388231572847344,-3.598561393587822
9.682324783204268e-17,2.910037730634908,0.04401490766473892,-4.850080503920754
6.771941737530898e-17,3.394636356897557,0.03270439224568722,-4.807400962115845
1.738688558207614e-15,2.154162477720885,0.07109197724104804,-14.85526019758204
9.555848176237971e-17,3.032590312803931,0.04080381828085133,-6.385139475914022
3.17603086687411e-16,3.600717191229152,0.02887732509503099,-3.91235265448308
9.682324783204268e-17,3.113337742426154,0.03882683751648847,-16.60330014461121
3.17603086687411e-16,3.600717191229152,0.02887732509503099,-3.91235265448308
9.682324783204268e-17,2.910037730634908,0.04401490766473892,-4.850080503920754
0.820784094459556,0.04053653822838044,0.420217584439202,-18.78888033392499
3.17603086687411e-16,3.600717191229152,0.02887732509503099,-3.91235265448308
5.840566125974614e-16,3.387547812204907,0.0328452891629622,-21.4652061892922
9.682324783204268e-17,3.600526431988349,0.02888063878451574,-9.501934737917537
1.028145822447522e-15,4.197614651466864,0.02024044145440557,-19.31691615261407
0.530062120868137,0.4870545522481429,0.2426220757519384,-11.6845381885378
3.17603086687411e-16,3.034850121108434,0.04074703768071186,-10.74996633555307
2.287852447174094e-16,2.156829680752207,0.07096863762733924,-10.87730901182028
5.840566125974614e-16,3.789749874199082,0.02578367693241757,-15.88852510903939
0.7071017398801548,0.1323613841662095,0.3579980650338481,-18.05576447500324
9.555848176237971e-17,3.601475408935752,0.02886415804446613,-4.816440502642303
5.840566125974614e-16,3.113492155143994,0.0388231572847344,-3.598561393587822
3.17603086687411e-16,2.576345112006782,0.05423593046744452,-6.267188871627342
5.840566125974614e-16,3.387556970832499,0.03284510670206564,-4.8565197563138
1.028145822447522e-15,3.594897353532573,0.02897860384838247,-16.93850191127117
2.287852447174094e-16,3.790070909173437,0.0257787321252147,-10.19281142271896
9.682324783204268e-17,3.234608946468306,0.03604875694405407,-30.65436321913252
5.840566125974614e-16,3.113492155143994,0.0388231572847344,-3.598561393587822
0.5212763277710886,0.5141529599466281,0.236673288442615,-12.58059951059412
5.840566125974614e-16,3.790120184803335,0.02577797323599323,-4.288581949413124
1.028145822447522e-15,2.99229018913125,0.04183088536373358,-11.28195265911862
2.804502661847769e-15,1.873520510971769,0.08553620758294994,-4.597705057641743
1.028145822447522e-15,2.514660478251262,0.05639596189999418,-8.536261247257778
6.728744545674702e-16,2.57635962007015,0.05423543325833668,-9.056650696061686
3.17603086687411e-16,3.30237524375821,0.03458989099307808,-8.675988939275372
1.028145822447522e-15,3.722010395032854,0.026849839129922,-25.75826957828428
9.555848176237971e-17,3.601475408935752,0.02886415804446613,-4.816440502642303
2.287852447174094e-16,2.986531674054923,0.04197990919826733,-12.74430899330357
2.287852447174094e-16,2.992287169013876,0.04183096337097436,-5.375366765942678
6.728744545674702e-16,3.387556968781446,0.03284510674292718,-11.1559713817582
0.5382375923687989,0.4636004778115037,0.2479730374894516,-12.08331351732522
2.325224113147194,1.065574916672816,0.1509735554288795,-38.9681871870819
6.728744545674702e-16,3.601322436826404,0.028866814012665,-10.0766915315308
5.840566125974614e-16,3.302777080441992,0.03458143123526813,-4.085638906949514
5.840566125974614e-16,2.15503476414044,0.07105161355166578,-4.431171667185803
2.731941657024047e-16,3.394195052197023,0.03271314506787981,-15.8471145662537
3.17603086687411e-16,3.234589351805267,0.03604918818834124,-4.463277428547409
9.555848176237971e-17,3.03487929572152,0.04074630518850336,-4.475361317190321
1.086198506031057,0.01274635045457728,0.4550550227057987,-28.87476303524252
5.840566125974614e-16,1.753732742126129,0.09270408103600897,-13.93840329321901
2.731941657024047e-16,3.234608946471971,0.03604875694397341,-4.847870043740168
3.17603086687411e-16,3.790191659758481,0.02577687249910227,-4.399430167844772
1.028145822447522e-15,2.464029004982155,0.05823983190428722,-4.843939185333722
9.682324783204268e-17,3.600679003037396,0.02887798843192496,-11.1114850029462
1.028145822447522e-15,4.90119718556582,0.01341904169963526,-4.061970638785194
5.840566125974614e-16,3.302777080441992,0.03458143123526813,-4.085638906949514
5.840566125974614e-16,3.113492155143994,0.0388231572847344,-3.598561393587822
2.449231293967717e-15,1.768994132021714,0.09175330609284216,-13.15472533755545
9.682324783204268e-17,2.903671065838052,0.04418903436810889,-6.650968711812269
3.17603086687411e-16,3.600717191229152,0.02887732509503099,-3.91235265448308
0.6258806759741943,0.2508305902777686,0.3082454198295328,-7.095696526856331
3.17603086687411e-16,3.234589351805267,0.03604918818834124,-4.463277428547409
0.6217155655672096,0.258710352361426,0.3055037737252795,-14.62675543034135
5.840566125974614e-16,3.114208549763852,0.03880608783547534,-11.14338149944134
5.840566125974614e-16,2.15503476414044,0.07105161355166578,-4.431171667185803
4.936130869128893e-15,1.769491804271645,0.09172249241549874,-16.40421477612973
0.5638848819068,0.3342238881636561,0.2815912157401377,-17.9455914584898
3.17603086687411e-16,3.600717191229152,0.02887732509503099,-3.91235265448308
3.17603086687411e-16,3.302705609311372,0.03458293573553928,-3.974790688517865
5.840566125974614e-16,3.722020977914948,0.02684966896521468,-5.161661304635428
6.728744545674702e-16,3.601398978546936,0.02886548502962683,-10.77067958321676
6.728744545674702e-16,3.783791945858937,0.02587562746587108,-12.47384475105501
1.028145822447522e-15,4.90119718556582,0.01341904169963526,-4.061970638785194
3.17603086687411e-16,4.198497759461553,0.02022990308433126,-5.122476147425369
3.17603086687411e-16,3.302705609311372,0.03458293573553928,-3.974790688517865
3.17603086687411e-16,4.198497469813519,0.02022990653983631,-5.011592418384033
3.17603086687411e-16,3.484915275030536,0.03096526572913921,-6.806041373882505
0.6907922781860679,0.1516653477888035,0.3484744727191054,-12.93819055309937
5.840566125974614e-16,3.113492155143994,0.0388231572847344,-3.598561393587822
2.731941657024047e-16,3.841087520708478,0.02500553662840721,-3.687653799636977
3.17603086687411e-16,2.576359623868717,0.05423543312815587,-4.466300663735828
3.17603086687411e-16,3.394710474288409,0.03270292244912631,-4.918249180547495
5.840566125974614e-16,3.113492155143994,0.0388231572847344,-3.598561393587822
2.731941657024047e-16,3.487326809028295,0.03092018398498592,-4.89430494755934
3.17603086687411e-16,3.790031707090922,0.0257793358895832,-9.911007070077154
3.17603086687411e-16,3.302705609311372,0.03458293573553928,-3.974790688517865
3.17603086687411e-16,3.722020978101984,0.02684966896220731,-12.17119812383636
3.17603086687411e-16,3.487295581943002,0.03092076730404036,-10.51536880539575
0.5206284679858693,0.5163940118927535,0.2361919802574952,-10.93889011630756
3.17603086687411e-16,4.02597307591763,0.02240238302602132,-4.626999803191274
1.028145822447522e-15,2.464029004982155,0.05823983190428722,-4.843939185333722
2.287852447174094e-16,3.034846642050837,0.04074712503097877,-10.09197075796761
5.840566125974614e-16,3.779763704371124,0.0259379930608134,-10.69960765644329
3.17603086687411e-16,3.302705609311372,0.03458293573553928,-3.974790688517865
3.17603086687411e-16,4.02597307591763,0.02240238302602132,-4.626999803191274
2.731941657024047e-16,3.234608946471971,0.03604875694397341,-4.847870043740168
9.682324783204268e-17,2.576359472840378,0.05423543830405619,-4.355452445304178
1.081944643376568,0.01158245628744226,0.4571478435638109,-26.86988521944786
5.840566125974614e-16,3.387863121309131,0.03283900810409146,-11.70062299026701
2.923456879741533,3.896362002671793,0.02419539366530932,-37.48458496389952
2.731941657024047e-16,3.387538246824704,0.03284547972846025,-4.471927141121038
3.17603086687411e-16,2.576359623868717,0.05423543312815587,-4.466300663735828
1.028145822447522e-15,3.781527393405533,0.02591066792191793,-16.28640159690018
6.728744545674702e-16,3.783831791289561,0.02587501136826709,-13.16602858552739
3.17603086687411e-16,3.595159395280783,0.02897403560845879,-6.094119201651282
9.555848176237971e-17,3.722004255999167,0.02684993784144518,-4.777068689442667
1.028145822447522e-15,1.714503943041095,0.09520102410605891,-30.18601050928953
5.840566125974614e-16,3.302052041830862,0.03459669688185851,-8.086312217683126
5.840566125974614e-16,3.296463305382488,0.03471460973470974,-5.918905513677264
6.728744545674702e-16,3.539231642095881,0.02996660925685607,-11.02847514124504
1.028145822447522e-15,2.909915037562662,0.04401825625520417,-10.63651709776414
0.9379161756626972,0.004078585344366559,0.4745393371875196,-13.88581555610433
9.555848176237971e-17,3.034905500438057,0.04074564727412677,-4.586231943993838
1.028145822447522e-15,3.112413323667198,0.03884887772080425,-34.48598742002206
1.301345859283439,0.1406006173963519,0.3538423229974363,-24.39625415048451
5.840566125974614e-16,3.387556970832499,0.03284510670206564,-4.8565197563138
0.6203387039041676,0.2639647136455778,0.3037046669024025,-10.60258979907277
4.936130869128893e-15,1.776888130606537,0.09126595544188099,-19.46698797055369
5.840566125974614e-16,3.114249943361763,0.03880510180197844,-4.502649241747045
6.728744545674702e-16,2.466160027074981,0.05816089814098346,-9.150085019590486
9.682324783204268e-17,4.152546516464021,0.02078597965604329,-22.04938183698387
3.17603086687411e-16,2.576359623868717,0.05423543312815587,-4.466300663735828
5.840566125974614e-16,3.113225081047176,0.03882952289478603,-15.69490765051152
5.840566125974614e-16,3.790120184803335,0.02577797323599323,-4.288581949413124
2.804502661847769e-15,1.873520510971769,0.08553620758294994,-4.597705057641743
0.665323419569551,0.1844265219735348,0.3337982173397412,-13.31284587899975
9.682324783204268e-17,1.76871236530048,0.09177075717106559,-11.85645343477677
2.804502661847769e-15,1.873520510971769,0.08553620758294994,-4.597705057641743
9.555848176237971e-17,3.03487929572152,0.04074630518850336,-4.475361317190321
3.17603086687411e-16,2.876118503899674,0.04495124571087017,-5.339415529567816
1.028145822447522e-15,2.909885791272156,0.04401905449789434,-11.0116671398877
9.555848176237971e-17,3.722020978101986,0.02684966896220731,-5.272545033676762
0.5017533694888165,0.5928144917484026,0.2206664156872127,-7.490710495558799
1.028145822447522e-15,2.464029004982155,0.05823983190428722,-4.843939185333722
6.728744545674702e-16,3.484871372379594,0.03096608710342091,-12.67403939950636
0.6914467978474953,0.1507921072885772,0.348889769334363,-15.92371739318295
6.728744545674702e-16,1.860076803530141,0.08630796818213898,-5.653792380496157
5.840566125974614e-16,2.992287153213944,0.04183096377907447,-12.33613365285258
2.731941657024047e-16,3.487326809028295,0.03092018398498592,-4.89430494755934
5.840566125974614e-16,3.387556970832499,0.03284510670206564,-4.8565197563138
0.5432559018408161,0.450713004093533,0.2509982772431038,-13.80485924894351
5.840566125974614e-16,1.840931858418166,0.08742088354067684,-12.89150173607006
1.028145822447522e-15,1.841873042856271,0.08736578691526414,-8.04143771147351
5.840566125974614e-16,4.198017413889621,0.02023563446521559,-5.531367514048464
1.028145822447522e-15,2.909312067565459,0.04403471677577109,-8.850753814654366
2.287852447174094e-16,3.032592385456139,0.04080376616369474,-6.417519670003727
0.4095482315395068,1.066080231658162,0.1509162550806636,-13.03239647898923
2.804502661847769e-15,1.873520510971769,0.08553620758294994,-4.597705057641743
1.100570691538728,0.01736835013150539,0.447575579277709,-24.30771087407988
5.840566125974614e-16,3.487354261777931,0.03091967117985123,-5.00515316599099
5.840566125974614e-16,2.15503476414044,0.07105161355166578,-4.431171667185803
5.840566125974614e-16,3.113492155143994,0.0388231572847344,-3.598561393587822
3.17603086687411e-16,4.198497759461553,0.02022990308433126,-5.122476147425369
5.840566125974614e-16,3.302777080441992,0.03458143123526813,-4.085638906949514
9.555848176237971e-17,3.03487929572152,0.04074630518850336,-4.475361317190321
1.051546662536546,0.00482904268532991,0.4722992732880574,-19.8846043553514
5.840566125974614e-16,3.487354261777931,0.03091967117985123,-5.00515316599099
5.840566125974614e-16,3.302777080441992,0.03458143123526813,-4.085638906949514
9.555848176237971e-17,3.03487929572152,0.04074630518850336,-4.475361317190321
5.840566125974614e-16,3.487354261777931,0.03091967117985123,-5.00515316599099
9.555848176237971e-17,3.03487929572152,0.04074630518850336,-4.475361317190321