dN/dS,LRT,p-value,Log(L)
5.508396347735731e-13,0.1050638391151484,0.3729177159397116,-4.398880012599256
1.45515385455761e-12,0.0732490302163562,0.3933318177760553,-4.359807932023406
4.365536900417327e-12,0.1220120451227809,0.3634312137288391,-3.968752300992902
3.962739898581834e-12,0.07176219765093705,0.3943940461961514,-3.985533240354825
7.82679724884855e-12,0.1099630504371092,0.3700931031456836,-4.200482689823994
2.069710338695924e-12,0.08942560834532998,0.3824543247417643,-3.871455330257187
1.974027175373293e-13,0.1024820350605289,0.374435591959347,-4.300194010617642
8.731111480673614e-12,0.0773878892763058,0.3904344880231507,-4.281451747244857
7.82679724884855e-12,0.1099632349490669,0.3700929980940471,-4.20474528706957
3.962739898581834e-12,0.08076991771257092,0.3881283705389471,-4.451760540662448
1.45515385455761e-12,0.1000948001294333,0.3758579499315233,-4.571401466125216
4.365536900417327e-12,0.1000956002464513,0.3758574700969299,-3.364301841355583
5.508396347735731e-13,0.1120611361830761,0.3689048269033648,-3.682482496269197
7.82679724884855e-12,0.1099630504371092,0.3700931031456836,-4.200482689823994
5.508396347735731e-13,0.1026763414755596,0.3743206277002882,-4.812789124644921
7.275919945955173e-12,0.1095306108313885,0.3703395813632963,-3.638833326973609
1.45515385455761e-12,0.1507706013591665,0.348900014587927,-4.143761662588922
1.673466485885088e-11,0.09562167826947121,0.3785742188114138,-3.800823003610665
1.673466485885088e-11,0.09562167826947121,0.3785742188114138,-3.800823003610665
5.508396347735731e-13,0.1050636916279455,0.3729178020576495,-4.075354489228865
1.164149451454781e-11,0.09747641281868447,0.3774396578728568,-4.67724818299877
9.458707245832127e-12,0.08448028223237092,0.3856576263634773,-3.910040662081762
1.164149451454781e-11,0.1092863869801572,0.3704790205801645,-4.524381237435237
26.17982205992628,4.367141716588073,0.01831919979177815,-5.935973085522679
5.508396347735731e-13,0.1050638391151537,0.3729177159397086,-4.39461732336624
1.45515385455761e-12,0.0732490302163562,0.3933318177760553,-4.359807932023406
3.825020576925248e-12,0.1116739043008614,0.3691232042695469,-4.253173858530349
1.673466485885088e-11,0.09562185016325131,0.3785741131058483,-4.120085837748049
1.45515385455761e-12,0.1507706013591665,0.348900014587927,-4.143761662588922
9.458707245832127e-12,0.08450152332568983,0.3856436528700086,-4.376258096340762
2.069710338695924e-12,0.08942560833915181,0.3824543247457051,-3.867192733011611
9.458707245832127e-12,0.08448028223237092,0.3856576263634773,-3.910040662081762
1.673466485885088e-11,0.09562175205802603,0.3785741734353502,-4.267050303918269
7.275919945955173e-12,0.1095306108313885,0.3703395813632963,-3.638833326973609
0.01120448951910724,0.1670187568535866,0.3413875193741666,-8.016874371015817
0.2863234046333245,2.67283632023657,0.05103698415640834,-18.67909479262114
0.1072384575646192,5.449993625177093,0.00978419905648531,-18.65289142448098
2.3375622674245,0.7318789581976333,0.1961374111317286,-30.49858084404459
0.8118256768602373,0.07729745364426321,0.3904968924409388,-26.21678581029157
0.08521165584232125,5.767386851266004,0.008163146949968281,-18.48870937645623
0.06614582074644787,7.533483493479721,0.003028134664282922,-16.59081904894191
0.09499613732234631,6.264549537477087,0.006158874177175977,-18.05313996682786
0.2677316049621322,2.209396293974962,0.06858617102801073,-26.14767845143986
0.162403680696967,3.286072232330298,0.03493498866216704,-27.10761488636533
0.3106686024188866,1.604073312347104,0.1026634584821987,-26.54645247365584
0.2056383299853984,3.463735636983003,0.03136422344589368,-18.2597278758243
0.2484818112801023,3.044828688174903,0.04049733046975207,-18.40963511426968
0.3601610193927608,1.407760788024362,0.1177142355727973,-40.26405034181933
0.4497744207076625,1.131560037331781,0.1437214123364178,-32.55148424468185
1.717067858393757,0.7239429168257345,0.1974267993573151,-61.4084320546436
0.2261581315357084,5.10752152320994,0.01191116421040056,-32.29242392665724
0.4098061928488991,1.581633425834781,0.1042627842873527,-41.93238278663695
0.2295701254349418,2.994683289402573,0.04176912285014411,-45.61726211136976
0.2547845959826915,4.235455803853981,0.0197939962010133,-27.55003363553842
0.1563054620526976,6.975666322644358,0.004131272599002644,-25.59852601220723
0.3908241475719653,1.978134960742054,0.07979351139557345,-33.25054675511178
0.4768202703575594,1.696112462278606,0.09639858404385149,-51.21641474663471
0.07236802767646668,8.513550242525632,0.001762558242430989,-19.80989454026057
0.211191860456956,5.455209867931913,0.009755030245191032,-39.69525267714534
0.05549616020908323,8.860877963407944,0.001456737044164047,-24.99427283874529
0.05756823083135897,10.36831244614439,0.0006409833812882071,-24.25697013634946
0.1847829639406008,6.132395570247056,0.006636345604299154,-39.35215149803708
0.05366091522203302,10.31899475963002,0.0006583399303283777,-23.65904888999799
0.07280037192398658,8.685822200691995,0.001603474375278857,-23.58837389634357
0.2006676431268364,5.634581925487943,0.008804772187923415,-19.9118705457856
0.3022174701851643,2.917687104187955,0.0438066817519478,-27.82385234302356
0.1165091007725463,8.205146676046127,0.002088586602917386,-27.65099203117312
0.5891450509581135,0.5776459855581066,0.2236182507608751,-38.44200161639565
0.06921805964848432,8.948644151361464,0.001388378018031544,-23.92050816052397
0.06794546475715377,8.480329451035665,0.001795035406900347,-17.20224718672826
0.0626473680239537,8.817755449131781,0.001491566942080136,-24.13059993053679
0.1598405229315614,6.736405733478144,0.004723238094349214,-25.60531132153123
0.1841906340096363,4.758299244441609,0.01457867266689122,-25.90711736725384
0.2088721603713974,5.712923569087138,0.00842023536814307,-25.27052778119427
0.07141666597755092,8.993371640746659,0.001354803037921626,-18.88909874932843
0.1297930421107936,7.690279308643525,0.002775951738042237,-25.05596448268594
0.1755031725999738,5.592673362174494,0.009017874822978833,-32.26654091102727
0.4936077092334604,1.261842579808075,0.1306513017068754,-59.46540373148574
0.6960487898404634,0.1973301224378332,0.3284422901039067,-46.41936496534485
0.3444361776456262,3.049740406197273,0.04037502446604768,-24.62648309515079
0.4690198342726031,1.073006685278671,0.1501336465748522,-33.57786522737768
0.6903835394199668,0.3855315083666255,0.2673288164993123,-38.20680683235208
0.313264201694619,2.942853216264517,0.04312912121046608,-23.93674550996036
0.5548391672842462,0.5430505160752119,0.2305856180654081,-36.28721328188269
1.531160163679181,0.5778537501746257,0.2235774070736005,-57.71726013638759
2.736110104843223,4.476641789362333,0.01718058734139055,-64.13169096854647
0.5279755222902259,0.8496498980588569,0.1783256994097766,-31.75292304501925
0.06074045204213507,9.224864554189161,0.001193751776364549,-21.3910609632591
0.4032688327701227,1.678084302425006,0.09758959915053816,-32.06868894914778
0.6430399472474176,0.406603575879501,0.2618492248062363,-60.07469784064297
0.2725914810443471,3.191841864734499,0.03700329201157671,-39.9656405874486
0.7813230250947366,0.1366768040595474,0.3558036639060435,-53.08645817073349
0.7320298280189222,0.2703770582641738,0.3015394752925655,-43.62128679356408
0.4945038518231138,0.9778135517737923,0.1613696009214342,-61.13736203738681
1.951168004361896,1.544410626234935,0.1069812422450731,-61.11474889516202
0.1447266983561827,5.06791641254236,0.01218633118922674,-29.0134631609716
0.7018986075437125,0.3155807891018014,0.2871378057441353,-35.65206254284666
0.7586522438766335,0.199579390240757,0.3275302822573214,-46.20859072182481
0.3377614674233506,1.979460324766663,0.07972363602413141,-30.69427468018418
0.6490356178615967,0.5411924319781889,0.2309694818859833,-27.02700322330175
0.4907687347520664,1.34121086844624,0.1234102710215629,-24.42837271228464
0.2660919996081353,3.910603743932818,0.02399117846969501,-28.31470868763232
0.1864553698227591,4.141954010863749,0.0209164270896488,-29.37310607014756
0.1908272618078967,4.430481091611107,0.01765127797709937,-21.75791432860568
0.5155089599632122,1.044713128500987,0.1533639253927772,-29.07388888155928
0.6305604424866063,0.5681360761117134,0.2255002710924573,-41.84908003680101
0.4413437768359559,1.114357972164001,0.145568290156885,-43.47049152916863
1.123185029351206,0.05294273849690967,0.4090097944352761,-52.76852592134799
0.5081984626685786,1.091135181434616,0.148109913126248,-24.96118574729091
0.6952218839315565,0.3337349922219914,0.2817340110551207,-46.90098533818106
0.6046661868511699,0.7086658593715711,0.1999435351876319,-23.86020325338089
0.6281501656744632,0.6130654100093409,0.2168179791007552,-26.91984608225382
0.3793818311999047,2.500933479619299,0.05688941992607427,-21.95425884644762
0.5397069145338641,0.9733057908472489,0.1619285529088439,-35.90562528977832
0.5183486693033944,0.895160098110054,0.1720413952008228,-37.62753960565914
1.854722541264649,1.175011344463755,0.1391869658594956,-55.35240946329204
0.342115442756096,2.313538942008158,0.06412587901220285,-29.64130643058177
0.8511255581934425,0.08433401857896428,0.385753897950515,-28.08048677792861
0.2576754436856606,2.459291831998257,0.05841572253607985,-22.52779621573286
0.4391401826928754,1.325078799832866,0.1248412975074216,-30.77367417952633
0.2438617254554968,2.104127676667943,0.07345104872281499,-43.15284895629285
0.5395210894044552,1.215184040197158,0.1351539304818324,-31.07062881179042
0.6304652606438644,0.6043081492019979,0.2184694885423878,-25.20149866723015
0.2245519054312432,3.737585239531782,0.02660063928865697,-22.15266355097195
0.1852246032983098,4.888518913658473,0.01351793486453629,-33.51565993393811
0.5693097157141528,0.6002233813928797,0.2192464043494269,-31.3882186101128
1.177240146316783,0.0911022648465547,0.3813902516892759,-38.82606391929308
0.5971694245937414,0.5400289169159578,0.2312103713175716,-24.82625854212923
0.3324551669822082,1.26157662519644,0.1306764339431321,-37.47095076445535
0.9093867048347681,0.02792298483750955,0.4336450063329483,-31.33089610490985
0.5482934571215522,0.8634925464930632,0.1763815847401464,-29.74777633009149
1.818789038159894,1.820972499393946,0.08859878057753784,-55.50857679542977
0.4027119027123003,2.019119590819308,0.07766458965695139,-23.4826897048178
0.4666422241634033,1.116451961633111,0.1453418615636046,-22.81476481904976
2.260238724580541,3.030715043494098,0.04085100165676137,-50.55700707062611
0.5880986751259861,0.6083191003208839,0.217710700721276,-29.47548073706972
0.4616953157562164,1.337658383629986,0.1237236697600101,-42.0641213018606
1.263064552156939,0.2158313654004047,0.321117366384894,-58.97161546804683
0.053542994340995,6.636221940720162,0.004996281436678462,-32.03181207040062
0.6699274070329672,0.5105359903245557,0.2374534610183442,-32.15453565059814
0.4842834578752764,1.291698270704309,0.1278676084066707,-29.70455463867906
0.4497955393806437,1.366406226915508,0.121215152317566,-23.29310594113355
0.3163154591631175,2.509606090469021,0.05657710622841677,-35.01457489217847
0.5586358102405284,0.8694023056709526,0.1755604144428674,-30.98022821673257
1.611662402396592,0.9063455800581153,0.1705429534218106,-65.38762907348331
0.670065836850722,0.4761057779762297,0.2450957771947082,-44.4767373966498
0.4504880198850914,1.10172651289475,0.1469437594834723,-24.41491560300622
0.5245894914243504,1.072519247072677,0.1501885501010674,-25.06400146190354
0.4229032058736204,1.901444884532495,0.08395833984767281,-22.7435357682703
0.3056806201812256,2.593693555452425,0.05364493806595244,-31.14239955161455
0.8723220443995561,0.06483828172861195,0.3995030439710127,-32.07259953451047
0.2922836537633889,3.226771709535548,0.03622168299328471,-24.36899659353085
0.7340549194826805,0.2100444533504202,0.3233662820956249,-37.00105917249053
1.05218980842312,0.007763485309254747,0.4648943689252668,-40.06698011557842
2.022489361922347,2.641817952022961,0.05204218935939975,-77.61892913164769
1.837680629569877,1.288380281263031,0.1281733294624051,-41.29339516738127
0.7431952583947752,0.2826023779875726,0.2975002885732186,-31.52829707198715
0.8247121795572399,0.1295261604917144,0.3594619193194823,-29.0514150641104
0.4300749847808651,1.388749788313952,0.1193081719954699,-29.46036845020412
0.5673023379947009,0.772109437335132,0.1897826355619832,-39.94250516082609
0.7632110915555771,0.2103084252511422,0.3232628854272105,-37.69294895828067
0.692973218661619,0.3982216095527633,0.2640045618953463,-32.63821880261744
0.3824235952756599,1.514874597402446,0.1091983851227317,-27.77311709095869
0.8773485706093209,0.04532297273512143,0.4157056295518179,-48.9508969238038
0.280417320079932,3.426164780199748,0.03208548032596126,-29.66735508362676
1.909845584962047,1.540121176133752,0.1072998846511556,-55.31909660361685
0.6089056218680801,0.5882022997074472,0.2215575607288355,-43.28990876539869
0.1547396370666521,2.907609743531317,0.0440812246459284,-28.72972352244154
0.4488334253052673,1.389146476026902,0.1192746461643506,-27.50543642354811
0.4341771229778312,1.726837223771994,0.09440765892643804,-40.42668953190845
0.5890908961685704,0.6073788939606359,0.2178882065913342,-31.31812679313146
0.1273992072577358,5.191212214519524,0.01135068813731216,-22.26027277563292
0.06475984624590649,8.534368198226979,0.001742511410774306,-20.17152452678173
0.7585954856572412,0.1935426819109551,0.3299921431215739,-42.28300216143367
1.344473050835391,0.2924710562005259,0.2943206768273132,-58.96145667017831
0.5414089875112377,1.086345221442983,0.1486412053417605,-32.36730514505334
1.403436284921488,0.361757228696149,0.2737659658676845,-52.70008148417374
0.8130203856363787,0.1324339762593212,0.3579608190530763,-45.29531850822337
0.4266999335227345,0.7650186629982727,0.1908812469910728,-33.82574934706841
0.6642144085928302,0.3593666835801628,0.2744290868894194,-33.53118934937245
1.667561673913412,0.8000233442904232,0.1855431950534941,-57.16400424365282
7.430265899018923,22.75196758094077,9.215766388348534e-07,-93.79434174490525
0.4158378359599116,1.311215968171872,0.1260873078742176,-31.13530063467427
1.105894393908788,0.0269647160392168,0.4347831639130199,-56.18367374145225
1.425753214779903,0.2543055472062008,0.3070297969333319,-39.61227268864975
0.5073770758964059,1.184603494097928,0.1382104022277716,-33.20914275015731
0.376459976015183,1.828647167855493,0.08814370946774364,-32.32911066619546
0.6052604433058976,0.4908556212909332,0.2417729397612049,-31.63067403509062
0.08962856641805625,7.179288686842852,0.003687497048195265,-36.71640314966368
0.494892593702423,0.91666718973255,0.1691757918985751,-28.96770857058088
0.283251435405143,3.03922939490154,0.04063724527589174,-23.60984486773395
0.1947480154780815,3.226675099353479,0.03622382020731535,-25.7207188794134
0.7488601630100548,0.1981042338376398,0.3281277124784562,-41.21714998604335
0.9363225571042018,0.0122853359060997,0.4558719161946241,-39.72729925783829
0.7063102457182675,0.2611010308325348,0.3046823695332744,-36.86580429504456
0.3164395503355821,1.876128277441268,0.08538742379392433,-35.4697448381628
0.8922532518180952,0.03268266154785238,0.4282687707831027,-34.95143627404354
0.5641876216049934,0.6860761351769469,0.2037511239941976,-49.32484003584219
0.6245946003742179,0.4617865176729907,0.2483951116667216,-41.59865590464528
0.9356350915718705,0.01152447773598908,0.4572548186899859,-42.81581953247577
0.6374378503211592,0.4283204815430821,0.2564071075889727,-37.79632047101343
0.8914660192410352,0.02847910149961308,0.4329936854686144,-44.85217827818257
2.139171364589827,2.377518474892184,0.06154647079992343,-85.41381423411285
3.229799934832962,6.534149659942358,0.005291139937285472,-70.58444340162625
0.07109038700059135,8.833855206232258,0.001478465339263435,-37.23569601389391
4.839498105265454,16.77073808420516,2.108937091083174e-05,-88.00143614290278
0.1112570592148943,6.474515621946288,0.005471606690214403,-20.14894565548531
0.4159329305663099,1.417557656705078,0.1169029097452479,-23.96527334119258
0.4198410194928079,2.082810597582011,0.07448283290346674,-23.63191647315089
0.0914145360037668,7.331614308795857,0.00338760882369965,-26.05576444328561
0.6136157645017355,0.456229237979386,0.2496957684168247,-32.12160066908113
0.5100777167272247,1.345542168358847,0.1230294777217871,-36.43228381546329
0.2830911874736338,3.359377349019468,0.03341166495479614,-19.25428157827763
0.2691839979478314,2.444004121395224,0.05898736873608451,-21.46025209655829
0.5382917950155938,0.9055477023204546,0.1706492553921298,-30.20859034111028
0.3992538418405757,1.393720444929002,0.1188889045473371,-30.54998980716631
0.326120747919512,3.33957215498608,0.03381609640898076,-21.60710859806419
0.3938786098505889,1.271101357637775,0.1297800838384368,-59.89646760371585
0.5841737569679903,0.8742766208516457,0.1748870368501971,-43.57663025216188
0.3813956796455368,2.105387989142379,0.07339055436087771,-23.00711081016062
0.1784704190181731,4.60022411416162,0.01598388848576959,-21.19885228589097
0.5305353358039291,1.059449821181339,0.1516703507849078,-30.48523470303431
0.4617564594157502,2.056454974741811,0.07578120758156082,-22.87796600475055
0.7258103497551234,0.3034360372981553,0.2908681547453358,-25.03306663055671
0.5039671649896684,1.18116435299779,0.1385595419628713,-30.35855291799056
0.4463971552366504,1.701197419249041,0.09606572764397359,-28.65736362757387
0.1540125790789784,6.64097224599584,0.004982976569855191,-37.91243188036614
0.4522082815673711,1.119951742576411,0.1449644226539232,-25.50329934558886
0.0739240647078267,6.628290467852992,0.005018577465620178,-35.07941712671881
0.5539216660402004,0.9421180892987877,0.165866858999464,-23.00574429304214
0.5198486894670599,0.8175594258195389,0.1829473500244272,-39.10381950373204
0.4787426357099817,1.055602862126747,0.1521101085156357,-28.44420675274267
0.9145203276036211,0.03034545591030735,0.4308543503959258,-31.50860760741422
1.375473933353892,0.3151379841548732,0.2872721472665641,-43.27053792386872
0.2697149289463472,2.861590536639127,0.04535887819401502,-28.54676218428736
0.6657780069225019,0.5219869165398592,0.2349976742514646,-39.2258797127056
0.8157427057720646,0.1195322771468383,0.3647711636491956,-29.696864221632
0.3207860308956469,3.453179498789446,0.03156510974347687,-26.63622574784149
0.3098221320220899,1.775568595834315,0.09134721013320535,-33.56461739747816
1.039812751206992,0.005927206994016387,0.4693164039335357,-33.19057055840355
0.2424466392416312,3.39826997876397,0.03263241807637468,-18.75156133045537
0.6628240314659019,0.4051014242287678,0.2622331797222678,-29.34930260634439
0.6143872610294572,0.5178336815023457,0.2358836187717659,-31.24407880570221
0.5036876729661524,1.118318806488311,0.1451403733098927,-20.48172726887861
0.5557599147275107,0.9350233124596201,0.1667805066960011,-26.807991047653
0.4301532178732456,1.723041853620316,0.09465098105902547,-20.02713365667172
0.5645369291335385,0.7366516917441999,0.1953677881686059,-26.66949150836875
1.026111261184389,0.002400038898429102,0.4804635561604543,-40.70170480853334
0.6761577880519611,0.4152211407444781,0.2596656429085492,-29.49126042280761
0.1771818190052476,4.453807724358136,0.01741175877972562,-22.8413736353038
0.4469025119651167,1.561018926687922,0.1057580461154556,-18.61005587156559
0.7154693418403943,0.2761982909861302,0.2996019437648315,-26.1315391227265
0.5029921683713325,1.029230647503148,0.1551697175033097,-26.80283193726474
0.461087660343169,1.406516537734319,0.1178177648357233,-19.6729643115624
0.6866402767302564,0.3959170061896984,0.2646027271731462,-26.80948745572355
0.46770801863294,1.361564709033786,0.121633243963803,-27.9855063585397
0.6048172909425318,0.6210919086043276,0.2153209075947035,-20.54912362823304
0.9408733118310927,0.01186989177809039,0.4566214577139577,-36.94895161791593
0.5167370863574247,1.013528765752319,0.1570294688499612,-25.32732964786434
0.5971132719173634,0.6255027433973979,0.2145048759783924,-20.20644026592125
0.6518342393396069,0.544354612987469,0.2303168078008537,-19.60381962070323
0.7470758920621887,0.2383843963857046,0.3126877157867501,-19.97329416606282
0.2098714344426947,3.767354920987302,0.02613110845828509,-29.66981990345839
0.4503367358659621,1.445700577655046,0.1146095430559535,-31.93948919071312
0.1998496579407086,3.89874357701342,0.02416111645896646,-17.34063219636645
0.0007769518881607559,5.504321881205104,0.009484767147888984,-14.78294792670299
3.637602124304271e-13,3.721777586234932,0.02685358280758543,-11.52419355522676
0.5658650096830516,0.3944608591082961,0.264981927744852,-12.67977243968367
3.182854773427423e-13,3.307267845342807,0.03448703887529431,-10.94115417935307
6.882199458209102e-14,4.128487174635401,0.02108351534584485,-5.437701963566398
4.543706680749203e-14,3.882302067138944,0.02439880244770154,-18.05809760074662
1.47755220760735e-13,3.955724632962713,0.02335610114302172,-4.683339805715751
1.70153573770953e-14,3.791572774356503,0.02575561265668896,-5.544002901865256
1.591239045290951e-13,3.808772829448149,0.02549239590996599,-11.27376165928129
3.182854773427423e-13,3.307267845513511,0.03448703887171145,-4.397070000992277
0.5281643105738841,0.5086584520134849,0.2378600896773598,-18.98898642071014
1.078480986470503,0.01108298382824557,0.4580785018208564,-31.65362237156001
1.273254914202528e-12,3.121392648473588,0.03863535901089676,-4.365496183526908
0.9676038438534117,0.002184818393835997,0.4813594115509821,-21.76348552123427
1.193335113304062e-13,3.535001744749039,0.03004313546932608,-10.90643633090605
2.614420584820667e-13,2.496365800712809,0.05705467252365864,-11.83975839392724
3.637602124304271e-13,3.702845538920347,0.02715987792715002,-9.597538710535041
2.614420584820667e-13,2.704134279222387,0.05004420041469715,-5.487817456264136
4.543706680749203e-14,3.882300536918223,0.02439882468379617,-4.846953435756024
1.193335113304062e-13,3.534999964458628,0.03004316772161036,-11.29025951529975
6.882199458209102e-14,4.127088050930229,0.02110095507904391,-11.69480002359312
1.47755220760735e-13,5.572918002382428,0.009120169500025255,-4.143761662589196
1.591239045290951e-13,2.539042618699725,0.05553105517412099,-23.76565429505892
5.45659152785509e-13,4.144500071046414,0.02088499385337378,-4.212359764248417
1.818612720734261e-13,3.787359846022671,0.02582052138519564,-4.752530123008072
1.70153573770953e-14,3.791563681870695,0.02575575255893431,-5.118160770864289
4.326198752887978e-13,4.04966920341532,0.0220900006994012,-22.21147486357427
0.5429731199512371,0.4602865524771573,0.2487450414979623,-19.34368818318667
1.273254914202528e-12,3.121392648473588,0.03863535901089676,-4.365496183526908
1.193335113304062e-13,3.535001744749131,0.03004313546932441,-18.39207591227468
1.591239045290951e-13,3.747248332019879,0.0264472604696806,-10.33008166148578
2.069710338695924e-12,1.188999013361943,0.1377657801102078,-4.488680262989471
1.45515385455761e-12,1.260448760730569,0.1307830817315676,-3.778530132075011
2.091800146023264e-12,1.169559776955317,0.139745856502823,-4.345744984881439
2.069710338695924e-12,1.188999013361943,0.1377657801102078,-4.488680262989471
9.094570334925628e-13,1.0886257177537,0.1483879530583083,-4.276330772811348
1.45515385455761e-12,1.034453621246412,0.1545574653496225,-4.212817660832293
9.094570334925628e-13,1.078809364034981,0.1494820310902451,-16.36102124315372
2.069710338695924e-12,1.147288576939047,0.142058732785046,-11.73013136985088
2.091800146023264e-12,1.128094786452532,0.1440910447701018,-10.4859671373965
1.45515385455761e-12,1.216233111673636,0.1350505871000492,-3.775247671098104
4.326198752887978e-13,1.125720971402942,0.1443449536768607,-3.756331727993541
5.45659152785509e-13,1.15179026386813,0.1415873490751138,-3.822286577353551
2.069710338695924e-12,1.147288583982382,0.1420587320459659,-4.484393058775851
2.38704691136917e-13,0.7937462726158593,0.1864848667434235,-4.281451747245158
4.326198752887978e-13,1.125762387842997,0.144340518797975,-4.291034271580468
2.069710338695924e-12,1.046815759822925,0.1531207937339284,-4.132881378011091
1.45515385455761e-12,1.548651400543108,0.1066673206014992,-4.143761662589937
1.818612720734261e-13,1.025048501116373,0.1556622382200175,-9.235326058512058
6.882199458209102e-14,1.214163616633396,0.1352545466244302,-8.9411540345715
2.069710338695924e-12,1.108047688810199,0.1462533658754657,-4.475792738232654
2.38704691136917e-13,0.7665966429361699,0.1906359858322964,-4.281451747245154
2.069710338695924e-12,0.8876757038258161,0.1730539741488611,-3.997051957900638
2.069710338695924e-12,1.098288903931891,0.1473209626441678,-9.518583958545904
2.091800146023264e-12,1.080332033567878,0.149311644880507,-4.329070058288808
1.591239045290951e-13,1.109975721580621,0.1460436131210472,-9.644669633454113
3.182854773427423e-13,1.170716838720256,0.1396269992361822,-4.361613063744604
2.54654749690125e-12,0.8006692873783265,0.1854466694842432,-10.01873916708798
5.45659152785509e-13,1.06392549076723,0.1511607880488092,-3.81083363428925
3.637602124304271e-13,0.879633941973772,0.1741509796965418,-10.66291683898041
4.326198752887978e-13,1.039881966720689,0.1539244624847356,-4.275316992260879
2.069710338695924e-12,0.9496689153689015,0.1649017932124311,-4.112428282989798
7.543512179094633,9.161394163334592,0.001235870937917327,-23.72393646912876
2.069710338695924e-12,0.9496689153689015,0.1649017932124311,-4.112428282989798
2.54654749690125e-12,0.786860400000851,0.1875255815784706,-4.015465238713853
9.094570334925628e-13,0.9786893350657522,0.1612613013104772,-4.253871747825612
9.094570334925628e-13,0.9786893350657522,0.1612613013104772,-4.253871747825612
6.882199458209102e-14,1.112228608862866,0.1457990055545357,-4.08045861395817
2.614420584820667e-13,0.9152170289553236,0.1693669831316645,-4.770458410885675
1.273254914202528e-12,0.9171283541300976,0.1691150520690936,-3.467623009868185
5.508396347735731e-13,1.115844910790884,0.1454074573002823,-9.387851977020658
1.45515385455761e-12,0.8753118403791991,0.1747444759424659,-4.323905607091889
2.54654749690125e-12,0.7728424031540992,0.1896695830222207,-4.013361830595393
9.094570334925628e-13,0.9612538061481537,0.1634355921683023,-4.250309378764947
9.094570334925628e-13,0.9612538061481537,0.1634355921683023,-4.250309378764947
2.179817933657029,0.4744489180173339,0.2454737733473152,-11.08755575530468
4.148697709263992,2.638166454365717,0.05216194138914648,-19.58586087613908
2.54654749690125e-12,0.7728424031540992,0.1896695830222207,-4.013361830595393
1.45515385455761e-12,0.9217332009802952,0.1685101507512716,-4.189762416401965
5.45659152785509e-13,1.026286552745224,0.1555162241557125,-3.805927128340426
2.069710338695924e-12,1.022272769176366,0.1559902539808765,-4.635313645793655
1.273254914202528e-12,0.917164621657423,0.1691102765252782,-3.994052730817737
2.464237994611834e-14,0.618021605056704,0.2158917106761106,-11.3375347438097
5.45659152785509e-13,1.026286552745224,0.1555162241557125,-3.805927128340426
1.949024487864267,0.3590816663969925,0.2745083486670556,-15.8027556850565
2.464237994611834e-14,0.6694615391894452,0.2066197010064206,-4.615568430167892
1.45515385455761e-12,0.9217332009802952,0.1685101507512716,-4.189762416401965
2.069710338695924e-12,1.022272769176366,0.1559902539808765,-4.635313645793655
1.273254914202528e-12,0.9171283541300976,0.1691150520690936,-3.467623009868185
1.45515385455761e-12,0.8753118268988125,0.1747444777978314,-10.0444111785185
5.45659152785509e-13,1.026286216935969,0.1555162637363871,-3.801164527941947
4.326198752887978e-13,1.003093932451847,0.1582815115878551,-4.268584216435203
1.273254914202528e-12,0.9170123542083735,0.1691303276291625,-3.467602224023635
2.091800146023264e-12,0.93006792056104,0.1674226383202891,-4.30916581269168
3.182854773427423e-13,1.007885430124558,0.1577049790121485,-4.341624865973281
2.54654749690125e-12,0.7148610469659538,0.198917385046732,-4.52601180098899
1.45515385455761e-12,0.8525449131127196,0.1779166949026952,-4.180331502757211
4.326198752887978e-13,0.9277676236540859,0.1677218396760156,-3.733453523728425
1.273254914202528e-12,0.8480338339682767,0.1785545761578387,-10.15591103456567
4.326198752887978e-13,0.9277676236540859,0.1677218396760156,-3.733453523728425
2.091800146023264e-12,0.93006792056104,0.1674226383202891,-4.30916581269168
3.637602124304271e-13,0.6075498014282363,0.2178559237682025,-4.145747902254111
4.326198752887978e-13,0.9277676236540859,0.1677218396760156,-3.733453523728425
1.818612720734261e-13,0.8673678084581535,0.1758425213474381,-4.1411458383812
4.326198752887978e-13,0.9271229741733933,0.1678058180342286,-17.12569592010573
2.069710338695924e-12,0.9455380415467847,0.165428828499361,-4.615492872179388
1.591239045290951e-13,0.8743623680579944,0.1748752225254849,-3.77404290268252
2.36212639307743,0.563272063408732,0.2264724373199553,-15.24092183622755
2.54654749690125e-12,0.7141959790000101,0.1990271790049475,-9.83438829164721
6.882199458209102e-14,1.02874110106608,0.1552272651833717,-4.065697104753162
2.391735235669375,0.5787908050827646,0.2233933387253371,-11.42908073424223
4.326198752887978e-13,0.9278003332023985,0.1677175801090355,-4.254804465879306
1.273254914202528e-12,0.8482909657692046,0.1785181326451214,-3.458922038110926
2.069710338695924e-12,0.7574902342002714,0.1920575452382315,-3.980596281991311
1.818612720734261e-13,0.8673678821546549,0.1758425111173648,-4.487195574653414
4.326198752887978e-13,0.9275422518118255,0.1677511924253514,-10.49041482365807
6.882199458209102e-14,1.02874110106608,0.1552272651833717,-4.065697104753162
1.45515385455761e-12,0.8096083433730819,0.1841180347382715,-10.64326513737612
1.273254914202528e-12,0.8482909657692046,0.1785181326451214,-3.458922038110926
2.010610128127414,0.3902090562247444,0.2660947667214918,-9.821876951326153
6.882199458209102e-14,1.028741403926263,0.155227229572644,-4.07041753086542
2.464237994611834e-14,0.8465121355084921,0.1787704569880634,-4.753682390129468
2.38704691136917e-13,0.6541554190694185,0.2093154575071806,-4.281451747245141
3.637602124304271e-13,0.6075498014282363,0.2178559237682025,-4.145747902254111
2.069710338695924e-12,0.7574902341991434,0.1920575452384086,-3.97587585587906
5.45659152785509e-13,0.9492529483264889,0.1649547629261939,-3.791165619135398
9.094570334925628e-13,0.8890964444142284,0.1728611402126623,-16.12640443677176
4.326198752887978e-13,0.9278003332023985,0.1677175801090355,-4.254804465879306
2.464237994611834e-14,0.8465121359914818,0.1787704569194856,-4.758402967357533
2.464237994611834e-14,0.8465121359914818,0.1787704569194856,-4.758402967357533
1.818612720734261e-13,0.8673678821546549,0.1758425111173648,-4.487195574653414
9.094570334925628e-13,0.8890964849721392,0.1728611347119826,-4.576898309932085
2.464237994611834e-14,0.5716252703795561,0.2248068995753586,-5.071163725417881
4.326198752887978e-13,0.9278003332023985,0.1677175801090355,-4.254804465879306
5.45659152785509e-13,0.9492529483264889,0.1649547629261939,-3.791165619135398
2.54654749690125e-12,0.71482782301862,0.1989228678041706,-4.004660858838103
3.182854773427423e-13,1.007450707372509,0.1577571731053007,-10.48811477034906
1.45515385455761e-12,0.8096082610780071,0.1841180469088783,-3.961037665511782
1.45515385455761e-12,0.8525449131127196,0.1779166949026952,-4.180331502757211
6.882199458209102e-14,1.028741403926263,0.155227229572644,-4.07041753086542
2.464237994611834e-14,0.5716259889903981,0.224806757115975,-10.32779347543292
1.45515385455761e-12,0.8096083433731032,0.1841180347382684,-4.307087401784005
6.882199458209102e-14,1.02874110106608,0.1552272651833717,-4.065697104753162
3.637602124304271e-13,0.6082070357549441,0.2177318463212968,-10.43472174258448
4.326198752887978e-13,0.9277676236540859,0.1677218396760156,-3.733453523728425
1.45515385455761e-12,1.276319443844436,0.1292922478707021,-4.143761662589739
5.45659152785509e-13,0.9492529483264889,0.1649547629261939,-3.791165619135398
1.273254914202528e-12,0.8477751120883816,0.1785912553405835,-9.460512247947525
2.464237994611834e-14,0.5716269390855118,0.2248065687667309,-10.04943814288075
2.091800146023264e-12,0.930068223535665,0.1674225989591877,-4.313886238803939
4.326198752887978e-13,0.9277676236540859,0.1677218396760156,-3.733453523728425
2.301042266406489,0.5339757329828281,0.2324700790411555,-9.090001051973031
1.45515385455761e-12,0.8096082610780071,0.1841180469088783,-3.961037665511782
1.273254914202528e-12,0.8483236752878476,0.1785134974286443,-3.980272980261812
1.273254914202528e-12,0.8483236752878476,0.1785134974286443,-3.980272980261812
2.54654749690125e-12,0.713668856948825,0.1991142621811311,-9.194410068559279
2.464237994611834e-14,0.5755865380201044,0.2240237378109458,-11.90354296943238
1.591239045290951e-13,0.9571849383158906,0.163948575575408,-4.295393844836414
4.326198752887978e-13,0.9277676236540859,0.1677218396760156,-3.733453523728425
5.45659152785509e-13,0.9492532511865921,0.1649547243514162,-3.795886045247659
9.094570334925628e-13,0.8890964849721499,0.1728611347119812,-4.581618887401645
4.326198752887978e-13,0.9278003332023985,0.1677175801090355,-4.254804465879306
6.882199458209102e-14,1.028741403926263,0.155227229572644,-4.07041753086542
1.45515385455761e-12,1.276319443844436,0.1292922478707021,-4.143761662589739
2.069710338695924e-12,0.9455385845864868,0.1654287590687397,-4.435454845096315
5.45659152785509e-13,0.9492532511865921,0.1649547243514162,-3.795886045247659
2.069710338695924e-12,0.9455385846756954,0.1654287590573338,-4.440175422565872
3.182854773427423e-13,0.9059281521054547,0.1705985565957854,-4.266866086716792
2.091800146023264e-12,0.93006792056104,0.1674226383202891,-4.30916581269168
1.273254914202528e-12,0.8482909657692046,0.1785181326451214,-3.458922038110926
1.45515385455761e-12,1.002368068076141,0.1583690912117507,-3.759370146240863
2.069710338695924e-12,0.7574902341991434,0.1920575452384086,-3.97587585587906
3.182854773427423e-13,1.007134188637032,0.1577951895001725,-9.965241973198776
1.273254914202528e-12,0.8482909657692046,0.1785181326451214,-3.458922038110926
3.182854773427423e-13,0.9059281521054547,0.1705985565957854,-4.266866086716792
1.951399483021254,0.3609120956232061,0.2740000584355795,-11.62598222644301
5.45659152785509e-13,0.9492532511865921,0.1649547243514162,-3.795886045247659
9.094570334925628e-13,0.8890964849721392,0.1728611347119826,-4.576898309932085
3.182854773427423e-13,0.9059280347135648,0.1705985722363171,-4.262145660604534
1.45515385455761e-12,1.002368068076141,0.1583690912117507,-3.759370146240863
2.069710338695924e-12,0.8710918622637216,0.1753266061744091,-9.082953310095428
3.637602124304271e-13,0.6075498014282363,0.2178559237682025,-4.145747902254111
1.45515385455761e-12,0.8519858377606653,0.1779955801750584,-11.20408632830141
1.591239045290951e-13,0.8743623680579944,0.1748752225254849,-3.77404290268252
5.45659152785509e-13,0.9492532511865921,0.1649547243514162,-3.795886045247659
2.069710338695924e-12,0.8627364299817497,0.1764870262649915,-4.094125686293567
1.45515385455761e-12,0.8096083433731032,0.1841180347382684,-4.307087401784005
2.069710338695924e-12,0.7574902342002714,0.1920575452382315,-3.980596281991311
6.882199458209102e-14,1.02874110106608,0.1552272651833717,-4.065697104753162
3.182854773427423e-13,1.007885430124558,0.1577049790121485,-4.341624865973281
6.882199458209102e-14,1.028741403926263,0.155227229572644,-4.07041753086542
1.818612720734261e-13,0.867367808798619,0.1758425213001769,-16.43070280613059
2.069710338695924e-12,0.7574902258041689,0.1920575465558277,-9.02568647979874
1.591239045290951e-13,0.8743623680579944,0.1748752225254849,-3.77404290268252
6.882199458209102e-14,1.028741403926263,0.155227229572644,-4.07041753086542
4.326198752887978e-13,0.9277676236540859,0.1677218396760156,-3.733453523728425
9.094570334925628e-13,0.8890964145071347,0.1728611442688217,-4.23556915112943
1.45515385455761e-12,0.5431398509340273,0.2305671878067744,-4.072668623077361
5.45659152785509e-13,0.9492529483264889,0.1649547629261939,-3.791165619135398
5.45659152785509e-13,0.9492529483264889,0.1649547629261939,-3.791165619135398
1.591239045290951e-13,0.8211083239543875,0.1824281586020203,-10.25362124894617
2.091800146023264e-12,0.93006792056104,0.1674226383202891,-4.30916581269168
2.54654749690125e-12,0.7148610469659538,0.198917385046732,-4.52601180098899
1.45515385455761e-12,0.8525447958102479,0.1779167114489935,-4.175610983938894
1.273254914202528e-12,0.8473884971106784,0.1786460852953053,-16.44556573898818
2.069710338695924e-12,0.945537715455778,0.1654288701919134,-16.52945893313128
2.316033967326149,0.5416124694989151,0.2308826170485253,-11.60528765240472
4.326198752887978e-13,0.9272837315562015,0.1677848709368615,-9.796158864634272
2.464237994611834e-14,0.5716252703795561,0.2248068995753586,-5.071163725417881
1.273254914202528e-12,0.8483236752878476,0.1785134974286443,-3.980272980261812
3.637602124304271e-13,0.6075498014282363,0.2178559237682025,-4.145747902254111
2.069710338695924e-12,0.8636978170088483,0.1763529743204436,-18.53672471784963
2.069710338695924e-12,0.7574902341991434,0.1920575452384086,-3.97587585587906
1.273254914202528e-12,0.8482909657692046,0.1785181326451214,-3.458922038110926
6.882199458209102e-14,1.028741403926263,0.155227229572644,-4.07041753086542
2.38704691136917e-13,0.6541554190694185,0.2093154575071806,-4.281451747245141
1.45515385455761e-12,0.8525447958102479,0.1779167114489935,-4.175610983938894
2.464237994611834e-14,0.5716251352792412,0.2248069263580311,-4.549796513616092
2.38704691136917e-13,0.6541554190694185,0.2093154575071806,-4.281451747245141
1.45515385455761e-12,0.8525449131127196,0.1779166949026952,-4.180331502757211
3.637602124304271e-13,0.7848206575808288,0.1878354271132723,-4.4870770610568
2.091800146023264e-12,0.930068223535665,0.1674225989591877,-4.313886238803939
9.094570334925628e-13,0.8890964849721392,0.1728611347119826,-4.576898309932085
1.99546606669591,0.3826810443884092,0.2680859339962606,-9.846672296069887
3.637602124304271e-13,0.6075498014282363,0.2178559237682025,-4.145747902254111
3.182854773427423e-13,0.9059281521054547,0.1705985565957854,-4.266866086716792
2.091800146023264e-12,0.930068223535665,0.1674225989591877,-4.313886238803939
2.464237994611834e-14,0.6192036897735171,0.2156716769152902,-4.594019565255651
2.464237994611834e-14,0.8465121359914818,0.1787704569194856,-4.758402967357533
3.182854773427423e-13,0.9059281521054547,0.1705985565957854,-4.266866086716792
1.818612720734261e-13,0.8673678821546549,0.1758425111173648,-4.487195574653414
4.622455154268946,2.977317124437082,0.04221956612405731,-15.18330600383885
2.464237994611834e-14,0.615183075529913,0.2164214690706573,-10.13187843697508
3.24618609150718,0.9686610816218497,0.1625071642278803,-12.15569040504338
2.139877018493018,0.4546811473804411,0.2500601471245584,-11.94339576310624
2.091800146023264e-12,0.93006792056104,0.1674226383202891,-4.30916581269168
1.45515385455761e-12,0.8525447958102479,0.1779167114489935,-4.175610983938894
1.45515385455761e-12,1.276319443844436,0.1292922478707021,-4.143761662589739
2.38704691136917e-13,0.6541554190694185,0.2093154575071806,-4.281451747245141
9.094570334925628e-13,0.8890964849721392,0.1728611347119826,-4.576898309932085
3.182854773427423e-13,0.9058134702916689,0.1706138369753836,-10.8156520885491
2.54654749690125e-12,0.7143121408903568,0.199007995891982,-10.00583705896377
1.273254914202528e-12,0.8477748985894458,0.1785912856127482,-9.46009823823659
2.069710338695924e-12,0.9455385845864868,0.1654287590687397,-4.435454845096315
5.45659152785509e-13,0.9488182409265953,0.1650101432380613,-9.941338994128044
1.45515385455761e-12,0.8525449131127196,0.1779166949026952,-4.180331502757211
1.591239045290951e-13,0.9571849383158906,0.163948575575408,-4.295393844836414
3.182854773427423e-13,0.9059280347135648,0.1705985722363171,-4.262145660604534
5.45659152785509e-13,0.9492529483264889,0.1649547629261939,-3.791165619135398
1.45515385455761e-12,0.8525449131127196,0.1779166949026952,-4.180331502757211
3.182854773427423e-13,0.9059280347135648,0.1705985722363171,-4.262145660604534
1.45515385455761e-12,0.8525449131127196,0.1779166949026952,-4.180331502757211