dN/dS,LRT,p-value,Log(L)
0.8212631077790169,3.215205879314453e-13,0.4999997737886147,-3.856380277781774
1.124592910838623,8.943956686380261e-13,0.4999996227103345,-3.805600768797141
1.124592910838623,8.93507490218326e-13,0.4999996228977145,-4.183431215430037
0.5395879991127813,4.138911435802584e-13,0.4999997433429888,-4.230414843492155
0.5395945910118917,4.387601393318619e-13,0.4999997357447352,-4.155282344025402
1.124592910838623,8.899547765395255e-13,0.4999996236481675,-4.016161588943633
0.5423675122454501,6.554756737386924e-13,0.4999996770105365,-4.326447921993055
1.124592910838623,8.93507490218326e-13,0.4999996228977145,-4.183431215430037
0.5395879991127813,4.103384299014579e-13,0.499999744446895,-4.276766602026458
1.122149595490008,6.501466032204917e-13,0.4999996783261813,-4.090956007299427
0.5395879991127813,4.103384299014579e-13,0.499999744446895,-4.276766602026458
1.124630945065275,6.288303211476887e-13,0.4999996836434702,-4.218988953092015
0.5395945910118917,4.387601393318619e-13,0.4999997357447352,-4.155282344025402
1.124628789283823,8.419931418757187e-13,0.4999996339298284,-4.608245290124837
0.5423675122454501,6.572520305780927e-13,0.4999996765731775,-4.070101733361206
1.124592910838623,8.979483823168266e-13,0.4999996219617431,-3.343725552551807
1.124592910838623,8.86402062860725e-13,0.49999962440012,-4.02155625444602
0.5422137313871094,4.884981308350689e-13,0.4999997211687029,-4.307869301718609
1.124592910838623,8.93507490218326e-13,0.4999996228977145,-4.768026601286955
1.124592910838623,8.979483823168266e-13,0.4999996219617431,-3.343725552551807
1.124592910838623,8.828493491819245e-13,0.4999996251535809,-3.976766346764909
1.124515343751091,6.021849685566849e-13,0.4999996904184851,-4.374315226284517
1.124592910838623,8.93507490218326e-13,0.4999996228977145,-4.214533915122228
0.8185087848705274,5.471179065352771e-13,0.4999997049126921,-4.250091652784245
1.122149595490008,6.52811138479592e-13,0.4999996776676877,-3.581493120909252
1.124592910838623,8.86402062860725e-13,0.49999962440012,-4.296443411318378
1.124592910838623,8.881784197001252e-13,0.4999996240239558,-4.365843164171667
0.5391635161722177,5.773159728050814e-13,0.4999996968784224,-4.65459704865927
1.124592910838623,8.881784197001252e-13,0.4999996240239558,-4.39019615465406
1.124239263324071,6.306066779870889e-13,0.499999683196954,-4.089778542653375
0.5423675122454501,6.483702463810914e-13,0.499999678765927,-4.447932179994104
0.5395879991127813,4.138911435802584e-13,0.4999997433429888,-4.230414843492155
1.123545144817792,6.874500968478969e-13,0.4999996692265412,-3.944101796219626
0.5422879390258182,6.163958232718869e-13,0.4999996867869062,-4.052658954138344
1.124592910838623,8.979483823168266e-13,0.4999996219617431,-3.343725552551807
1.124592910838623,8.93507490218326e-13,0.4999996228977145,-4.768026601286955
1.122149595490008,6.52811138479592e-13,0.4999996776676877,-3.581493120909252
1.124592910838623,8.952838470577262e-13,0.4999996225230475,-3.825277578089295
1.123545144817792,6.874500968478969e-13,0.4999996692265412,-3.944101796219626
1.122149595490008,6.483702463810914e-13,0.499999678765927,-3.61861270942429
1.122149595490008,6.52811138479592e-13,0.4999996776676877,-3.581493120909252
1.12421706389223,6.270539643082884e-13,0.4999996840906175,-3.550390421217072
1.124592910838623,8.93507490218326e-13,0.4999996228977145,-4.214533915122228
1.122149595490008,6.483702463810914e-13,0.499999678765927,-3.61861270942429
0.5423675122454501,6.483702463810914e-13,0.499999678765927,-4.447932179994104
1.12421706389223,6.270539643082884e-13,0.4999996840906175,-3.550390421217072
1.123545144817792,6.874500968478969e-13,0.4999996692265412,-3.944101796219626
1.122180194735167,6.421529974431905e-13,0.4999996803098004,-3.836703468489457
0.5395879991127813,4.138911435802584e-13,0.4999997433429888,-4.230414843492155
1.122180194735167,6.421529974431905e-13,0.4999996803098004,-3.836703468489457
1.124592910838623,8.86402062860725e-13,0.49999962440012,-4.296443411318378
1.124630945065275,6.288303211476887e-13,0.4999996836434702,-4.218988953092015
0.5423675122454501,6.572520305780927e-13,0.4999996765731775,-4.070101733361206
1.124592910838623,8.899547765395255e-13,0.4999996236481675,-4.016161588943633
0.5395879991127813,4.209965709378594e-13,0.4999997411492992,-4.186385043717601
0.5423675122454501,6.448175327022909e-13,0.4999996796472293,-4.564215490350383
1.122149595490008,6.52811138479592e-13,0.4999996776676877,-3.581493120909252
1.124151774637643,7.531752999057062e-13,0.499999653775258,-4.134985807073926
1.124592910838623,8.881784197001252e-13,0.4999996240239558,-4.39019615465406
1.12421706389223,6.270539643082884e-13,0.4999996840906175,-3.550390421217072
1.122149595490008,6.501466032204917e-13,0.4999996783261813,-4.090956007299427
1.124592910838623,8.970602038971265e-13,0.4999996221487519,-4.370477721767489
1.124515343751091,6.021849685566849e-13,0.4999996904184851,-4.374315226284517
0.5422137313871094,4.884981308350689e-13,0.4999997211687029,-4.307869301718609
0.5423675122454501,6.572520305780927e-13,0.4999996765731775,-4.070101733361206
0.5423675122454501,6.501466032204917e-13,0.4999996783261813,-4.467650612880674
1.124592910838623,8.952838470577262e-13,0.4999996225230475,-3.825277578089295
0.5391635161722177,5.773159728050814e-13,0.4999996968784224,-4.65459704865927
1.124592910838623,8.881784197001252e-13,0.4999996240239558,-4.39019615465406
1.124592910838623,8.926193117986259e-13,0.4999996230851877,-3.737436927554392
1.124592910838623,8.979483823168266e-13,0.4999996219617431,-3.343725552551807
0.5422980361420147,6.163958232718869e-13,0.4999996867869062,-4.72399680151254
1.124592910838623,8.93507490218326e-13,0.4999996228977145,-4.214533915122228
1.124592910838623,8.86402062860725e-13,0.49999962440012,-4.02155625444602
1.12421706389223,6.270539643082884e-13,0.4999996840906175,-3.550390421217072
1.124592910838623,8.926193117986259e-13,0.4999996230851877,-3.737436927554392
0.5395879991127813,4.138911435802584e-13,0.4999997433429888,-4.230414843492155
0.5395879991127813,4.103384299014579e-13,0.499999744446895,-4.276766602026458
1.124592910838623,8.917311333789257e-13,0.4999996232727542,-3.900071996444972
1.124592910838623,8.881784197001252e-13,0.4999996240239558,-4.409872963946218
1.124592910838623,8.926193117986259e-13,0.4999996230851877,-3.737436927554392
0.5416436923779321,6.892264536872972e-13,0.4999996687994611,-4.685699748351404
0.5423675122454501,6.572520305780927e-13,0.4999996765731775,-4.070101733361206
1.124592910838623,8.881784197001252e-13,0.4999996240239558,-4.365843164171667
1.124592910838623,8.881784197001252e-13,0.4999996240239558,-4.39019615465406
0.5396966457897914,3.090860900556436e-13,0.4999997782059986,-4.533112790658362
0.5423675122454501,6.483702463810914e-13,0.499999678765927,-4.447932179994104
1.124592910838623,8.979483823168266e-13,0.4999996219617431,-3.343725552551807
1.122149595490008,6.483702463810914e-13,0.499999678765927,-3.61861270942429
1.122149595490008,6.501466032204917e-13,0.4999996783261813,-4.090956007299427
0.05082299279905938,2.675116771295613,0.05096392486575124,-8.198755088600947
11.28353870005032,29.77513029558209,2.425880568646122e-08,-58.44775726748434
0.03050909070137048,1.831246360020842,0.08799020131978724,-14.49600444872846
0.06875752522445923,1.687970256649045,0.09693437515576975,-8.638864774944269
0.003995316790931667,4.182101123108325,0.02042651161052561,-7.915870192054806
0.06845059697141818,1.046318864688505,0.1531782056489279,-9.48189847032606
0.02642023740183906,2.334504196183087,0.06326763643215061,-8.29944144189345
0.01948302752971142,1.709978587478993,0.09549407437707402,-8.125738279881928
0.02735557115715586,1.867373967245037,0.08588807281605237,-8.633845296770025
0.06902614657201814,0.9862832384175633,0.1603262416890693,-16.43142426997137
1.003088646973416,9.367263324122632e-06,0.4987789997518448,-16.37784054473658
3.754294842088778,2.346351556623134,0.06278830257070284,-25.60909369552826
1.006395129210284,4.019635948537825e-05,0.4974706989921915,-15.58273150460156
1.113198604452566,0.01106444623454905,0.4581134465894805,-18.06184179631928
0.02863842405212478,2.086968360234124,0.07428031172111249,-20.81209879594266
0.02864876027908065,3.117518455860189,0.03872732787950234,-14.51101814093513
1.933294625263424,1.055528820795189,0.1521185885657096,-31.68842629889471
0.6123058689647156,0.2847195660907573,0.296812199845071,-40.5014789876775
1.59390093196074,0.5592434594407791,0.2272826124851073,-40.23546531721727
1.209487380742747,0.06769736825767581,0.3973596966312783,-26.40966791985049
0.0637053255216103,3.462642313510813,0.03138496631018062,-9.201936255409965
0.06851815188545002,3.078656819401182,0.03966300605738327,-19.30730772850127
0.01199432342242928,4.106356592752558,0.02136115219115248,-13.41543506063575
0.006188297431691233,5.075501315044932,0.01213312701319708,-19.2330480900496
0.6385595808414564,0.2342745474870611,0.3141861356369977,-36.39335143206767
0.06818749769336191,1.693389243934718,0.09657739710568874,-26.09511380863978
0.03341769127310244,3.302439691838615,0.03458853403616613,-13.30310357722839
0.008992631909994896,4.122220331023527,0.02116174824761297,-12.58208746538829
0.04526462337230109,3.757163047584683,0.02629086049645968,-13.94748187701651
0.5729641280386385,0.3757214189179621,0.2699510013261966,-38.96819129608306
0.06553043098892825,3.230826125508194,0.03613211285595408,-18.5009515021804
0.5634296507624273,0.4012511095070366,0.2632219191298294,-29.19405595182172
0.02795266426140145,3.357851870730492,0.03344263145597559,-13.06850359224844
0.0377983969867033,3.234695476622164,0.0360468526327441,-30.78614893031842
0.05719064110344043,2.925778798559449,0.0435875760722656,-28.28853599180673
0.02533491716658107,4.112618836925684,0.02128220210641629,-12.46523616547083
0.008888372830732979,3.995623759416183,0.02280928217242995,-13.38060249455359
0.6275012500189537,0.2543388099129302,0.3070182112893143,-18.55224438349761
0.03768354401718757,3.001386481367021,0.04159664676280683,-12.42016827075583
0.05774234968088548,2.929699064493473,0.04348185072140504,-13.41084470307662
0.02122281917709479,3.178691558073034,0.03730222419621082,-17.2074191552359
0.5924002002517387,0.3278685468228701,0.2834584342857698,-20.60353074317531
1.922314209509865,1.037991394831693,0.1541445404614817,-33.66504856627313
0.02034711772577095,4.015811915956014,0.02253775763086507,-17.9999741613624
0.06587504461810531,3.141932083311055,0.03815168476674802,-19.87162935019218
0.0453074740230102,2.987414177190612,0.04195703384752469,-13.8340180027938
0.04898574862875428,3.180757262022318,0.03725509553921447,-12.58619651635713
0.02736813697041109,3.613012915448785,0.02866458484612011,-13.46103217065515
0.05163813510741831,2.947177375202259,0.04301384593560814,-26.09741114249882
0.03568165821907966,3.433597541147819,0.0319414009139084,-17.85329296006103
0.06525297127987886,1.701726557527572,0.09603116791306177,-24.88189304093529
0.007292426939906756,4.810210937657992,0.01414579100016106,-19.46416892684039
0.6973754651303247,0.1466795376137497,0.3508644617491963,-41.85956513436354
0.8055348594721626,0.05018188949923541,0.4113735371444885,-22.90051162062634
1.268913399121933,0.1045458578602947,0.3732205785760879,-25.58965435891117
0.003947250839782998,4.642991392661393,0.01559030325956062,-17.63851913122609
0.04112217871194181,3.274163824177361,0.03518939133959281,-12.74330533654062
3.768852688671464,8.240302712464825,0.002048514944212598,-59.89522936866598
0.05858409778038772,3.646985910456699,0.02808538884108774,-12.85462857209958
0.06090596780967167,3.032088533019738,0.04081643772388166,-19.45155712343612
0.5708936052699796,0.3812053901381063,0.2684794184970795,-31.29529633828113
0.07274416744143655,2.007498627277535,0.07826160312893155,-13.12902632640418
0.6328271071142875,0.2445852920287308,0.3104569069849603,-18.21657978229904
0.6364124255938211,0.2382872017016382,0.3127229669931131,-27.84492059624681
0.04523310744075912,3.584360759685598,0.02916292635896039,-12.33036309342842
0.01209458237669648,4.148610528815507,0.02083435153097513,-12.43347338407806
0.02795243365078628,3.466620569132466,0.03130955973671262,-19.96513435393116
0.005670430257189451,4.535856774856693,0.01659591878413447,-11.54424232779694
0.06465611161652103,3.172048024122788,0.03745422982496566,-17.95882861383556
0.0669400302175065,2.895990284930043,0.0444000960736442,-20.16945207046028
0.07032977086957469,1.695569002128465,0.09643423803165685,-32.71092438491202
0.4911002333567969,0.6482462130375666,0.2103702014371257,-20.03565647105502
0.02735189090919488,3.777769740155822,0.02596892261444456,-12.26376322838829
0.005882984952773708,4.612360461277071,0.01587115583944065,-23.42801028186769
0.07842387325991299,1.679437269425037,0.09749962150594904,-20.23474585948198
0.06981678826801405,1.79563691049578,0.09012043372863071,-18.44198030167074
0.02025383384229586,3.573388326544631,0.02935619794913918,-13.29051669333299
0.06050067883499667,3.498255535560968,0.03071675429610893,-12.28743073818706
0.05890308161198626,3.687396512268236,0.02741256523274171,-13.56745687937605
0.6459401956390071,0.2216673618026874,0.3188861993272543,-21.2410700688554
0.04317413578834008,2.072178706836411,0.07500354749206811,-12.96449576933845
0.04159602580598341,3.215832897788573,0.03646453327034083,-13.22137630197926
0.6278809824932452,0.2536222291931338,0.3072680121583949,-21.07634979298409
0.06330367121417553,2.933303982445103,0.04338487499434451,-24.85283648006228
0.5423675122454501,6.483702463810914e-13,0.499999678765927,-4.447932179994104
0.5416436923779321,6.892264536872972e-13,0.4999996687994611,-4.685699748351404
1.124592910838623,8.881784197001252e-13,0.4999996240239558,-4.409872963946218
0.03621822516615735,1.907858872487001,0.08360064635406173,-12.3336390452307
0.5293337251188182,0.5046189669241841,0.2387387943284732,-26.02051657849734
0.05941533084919882,2.909673780982157,0.04402484153539976,-13.73083061543366
1.173307942168329,0.04831408678266769,0.4130116466955211,-25.002853012224
0.0154534399958675,4.368065162328939,0.01830927419055323,-11.04091238129445
0.06530593937117819,3.409809970294134,0.03240495471207955,-20.57536171683686
0.07012911022326505,3.597105346085687,0.02894013528043937,-13.84290059324931
0.6293336010363343,0.2508968458409626,0.308222143787668,-21.23728870493827
0.06175128699029859,3.285019275447318,0.03495740371217981,-13.66248809536095
0.7291648685442178,0.1107921899180297,0.3696220175967417,-20.8867731037872
0.039575687561815,3.74168560918767,0.02653544086929871,-13.02554302773548
2.386270091245661,2.297810455261285,0.06477825777691237,-43.49997934039947
0.03300187473035616,3.320794185065317,0.03420438760697758,-13.10059627668458
0.04450347391040677,2.599868782891345,0.05343628159053715,-12.37490682133045
0.0550729346160282,3.050808484915514,0.04034848114842954,-12.85753056767216
0.005393879468258607,4.733780534729668,0.01478790401359642,-12.29544314804765
0.5292764700899865,0.5048242559682805,0.2386940105234911,-19.38695053471363
0.02690026346287066,3.465751374256449,0.0313260185524552,-20.06295062369917
0.05886427572747746,3.045628178488343,0.04047739527918215,-39.41855301715922
0.04537692972777452,3.583848334578278,0.02917192219900455,-12.69068707351853
0.7283336162625463,0.111639574654788,0.3691425845908893,-20.81562984676545
0.06468076989579434,3.272832985401866,0.03521794542917217,-13.55727127559593
0.01062319791728767,4.460259789581801,0.0173461104659271,-12.86911441470978
0.01354246704378996,3.847130025015581,0.0249155947661413,-28.17638158431376
0.01801395083397053,4.19192760847513,0.02030844471083909,-12.591196899157
0.01120672464179951,2.804279694871934,0.0470065298645313,-13.57454140957219
0.07815876633302517,1.680334820796453,0.09743998435800483,-13.20600927976816
1.766213711435778,0.8070263965662932,0.1845004302283577,-29.30199315908519
0.06448143564152135,3.273352634424807,0.03520679303901669,-13.5558339864384
0.04336852951051317,2.325861733526931,0.06361986987129697,-13.33771216230646
0.06650424818792432,2.641999824111068,0.05203623268338115,-35.76699331123134
0.05407396714498579,3.700787614903511,0.02719339474161353,-20.66385482303257
0.01618693889489613,3.620855317731163,0.02852976553028863,-20.21610796468435
0.07370048371971101,2.821006264182785,0.04651902986113882,-23.52304878144877
1.18724773075548,0.0554611742342388,0.4069095780102485,-26.73975856408835
0.5922740851034575,0.328166238298266,0.2833704368585558,-21.95896342809569
0.0535474394393635,3.359152246976848,0.03341623249421866,-12.15292080164956
1.020157000799126,0.0007886466946374071,0.4887980345625903,-27.68429246699932
0.02063718536159699,3.217180347634759,0.03643452472584241,-13.52603922735851
0.02743787078803075,3.470442720185495,0.03123729388425706,-12.43839995898822
0.06219153513090449,1.794271218324312,0.09020331128235148,-11.96178129310039
2.525722973993921,2.567447436440418,0.05454181007952352,-43.26246899307888
0.04719262960123663,3.585623569294292,0.02914076978034935,-13.08988510577865
0.5854930072170147,0.3444156041490061,0.2786457365843257,-24.41688876976123
0.02757493017575366,3.2231742687311,0.03630135702804355,-13.42405451110369
0.05943960423932932,2.042452051144707,0.07648145088442859,-28.11294470745865
0.5926060878157591,0.3273648319175635,0.2836074530108968,-30.7592091770855
0.003371045261916847,7.220802347452555,0.003603174470530546,-10.95433437461645
0.06677686310319829,2.896298673995677,0.04439160076528748,-12.70728790395932
0.05371742950089917,3.660832007423778,0.02785290441483956,-12.81538779305678
0.07605963007050787,2.613922302432037,0.05296473440609273,-13.68278244136473
2.85420301962199,3.97324921112525,0.02311424389516692,-54.18166571676682
0.01104140810523982,4.903230193679953,0.01340325392514752,-11.66235705702966
0.5670537918217107,0.3910968096903815,0.2658617174298523,-21.80490110901681
0.06979533954285462,3.46723370534788,0.0312979551140764,-32.92885694890476
3.304200959114223,5.939776368938766,0.007401448402640343,-46.77699019456478
2.367154379887977,2.260736198645859,0.06634548392354978,-49.54468877405581
1.787824505420931,0.8379523010768537,0.1799915356081632,-40.30597931310137
0.03090990776128344,3.857055864339799,0.02476859103949763,-12.8226324448029
0.02364519109354637,3.28815550245109,0.03489068591971961,-25.56634971998753
0.003424953468323682,8.803468703132584,0.0015032919034067,-9.500329674985641
1.107889303785859,0.02022172968693781,0.4434597804588457,-26.33566753886753
0.01343668641850518,3.371146311433343,0.03317378784147434,-31.49633581813987
0.03336045014460075,1.874447673163363,0.08548327508739378,-13.00751728636743
0.003341639543383769,7.177626515314365,0.003690914938291101,-11.1884473842585
0.009006844467206291,4.653390765314679,0.01549613509096126,-12.59865398883782
0.5700110536102418,0.383585239364578,0.2678453475854263,-20.08509866031004
5.191474343487132,8.352709224940753,0.001925563402917552,-43.35365460553191
0.06976063321472674,2.832396166984871,0.04619021534066375,-12.59526636526127
0.01554593781774634,3.577728349591318,0.02927958931900959,-23.91677974729314
0.07341754066911427,2.992433401586723,0.04182718647980815,-19.53588817861202
0.02752400310611382,3.596735986358382,0.02894656663990292,-21.56714421177967
6.740639792367023e-18,14.86873078505115,5.762890293520284e-05,-10.89312117984548
0.06601480525770419,3.141409685824513,0.03816390545436982,-28.56512805187742
0.0128112895547962,3.696841566166512,0.0272577855644337,-18.65344149381167
0.05466548105381254,4.58246110967848,0.01615039511024308,-12.05051668533048
0.02165963396115582,3.405735863537409,0.03248506509421778,-13.68781452097929
1.190561645666086,0.05722496479943118,0.4054685052589904,-30.59373455977657
0.04708622236959042,3.386559949405051,0.03286497601384919,-12.84647405893948
0.02667622869889492,3.15288573520597,0.03789640739990702,-13.16049185499284
0.02146912934921939,4.107765455202191,0.0213433634124891,-12.53477142998063
0.06967630936624224,2.913573399613234,0.04391852918908989,-17.16008986251748
0.05119129788836388,2.561069564276458,0.05476223146679637,-12.74516547051199
0.05674181259529034,2.93753315576437,0.04327140457597833,-24.1793005114532
0.01564571428416326,2.700711161307929,0.05015174827245539,-11.77447776137077
0.02751078752330471,3.882024555270384,0.02440283540552285,-28.30002258400766
0.05589530085691481,3.175288967447408,0.03737999332973602,-18.5085811744385
2.306293122815021,2.14503255992993,0.0715160009724069,-51.76982248923142
0.5699729713840456,0.3836885923025548,0.267817872629475,-19.67560889742997
0.05999152095209705,3.041030521058865,0.04059218204504417,-26.65330478761815
1.524182505094168,0.4635086790483882,0.2479943682757761,-38.51137290500523
0.05203657497492287,2.947066370050237,0.04301680098520888,-41.80327906408057
0.03731870585619948,3.246907238248291,0.03577918097242161,-12.3949020679352
0.007857452065343204,4.361500021781445,0.01837996168816924,-12.3060408647106
0.04375025136342402,2.066277236087149,0.07529435755747504,-12.52135214627855
2.542813650041978,2.599477699259353,0.05344946957594171,-40.40683560594771
1.27806484058857,0.1107766402881651,0.3696308342601576,-27.21901136570186
3.233930394328907,2.887097910068945,0.04464581738991241,-43.25360517029404
1.465529419494301,0.2571740643740341,0.3060341457811699,-25.17231270592623
0.06435267726285578,3.278481130843019,0.03509693101350309,-18.5251976984138
0.03865386735958148,2.119808321305765,0.07270237049081896,-12.41979218531356
0.5645032439209993,0.3983217620244801,0.2639786219874742,-18.44682404659043
0.7999465336878425,0.05359817260379884,0.4084582246104355,-24.45927048057159
0.02015805883962074,3.7535122916318,0.02634833526973662,-13.42961897825302
0.009171451416265167,4.268086982159151,0.01941731380099865,-12.4479958757774
0.6331325021692186,0.244023086173577,0.3106577053081689,-20.34526797429836
0.00971980747556685,4.639652643241288,0.01562066263646,-12.63997335734097
0.05066562282999131,3.19746591080316,0.03687623254426031,-19.44486977320429
0.05079144016410626,2.711793231838978,0.04980448181010511,-13.03071062256383
0.04930723081890739,2.953227815154598,0.0428531099616648,-13.54063256798385
0.5526472809490804,0.4316003186432766,0.255602369670668,-19.55889351383806
0.0396069873967349,3.743328091712158,0.02650937186100971,-30.65129457020222
0.005262379112847685,5.377423914328812,0.01019948875653381,-11.50189699798114
0.005777894903360635,4.22480250270738,0.01991862758794471,-12.42072221307059
0.06692225419765843,2.895841613029503,0.04440419222342568,-18.14156797220841
0.5857728387734958,0.3437335725816197,0.2788410101546777,-27.06083402661142
0.6332758213956207,0.2435390842008331,0.310830802838703,-33.36140302524263
0.05450854717698464,3.052005676273069,0.04031875155619224,-19.22615482540832
0.03261957696294748,3.312590887921274,0.03437550960566105,-17.79341018498186
0.009237365275613342,3.76463265110538,0.02617367774245055,-23.31114125339371
0.5263377091575435,0.5148087995702753,0.2365322702869821,-19.44296654802006
0.6953616772730943,0.1491960110167057,0.3496524329536015,-20.78727460698801
0.6104906281467635,0.2884878996553653,0.295595576525825,-39.16784125718644
5.114956077737342e-17,13.64166791788916,0.0001106104150615517,-27.57146613620462
2.394297192222612,2.316322089884707,0.06401120455772785,-37.36751773074127
0.04443130776612422,3.587589475553628,0.0291063126322767,-18.78301831246937
6.627563872135133,22.71937902485917,9.373385111421939e-07,-84.16462960239905
0.6338466078451381,0.2425094812942845,0.3111997407038358,-16.78200774260045
0.6108930095385137,0.2876516628404175,0.2958646724273367,-32.61158694085415
0.0350039863577385,3.765939834290208,0.02615322761502542,-9.141945516535323
0.5526374325721145,0.4316296074845525,0.2555952031226323,-15.9606496575444
0.001736721582706701,5.639474628586273,0.008780234205823412,-7.769570023820056
9.555848176237971e-17,8.635047252063956,0.001648783433274736,-12.55050287362214
0.02475089192945829,2.646816246078778,0.05187875657086388,-8.777663630309773
0.03253387228624004,1.859769795950509,0.08632568576362232,-8.877956287703908
0.001920366939924598,5.267738099104569,0.01086211137690463,-7.543624379993515
0.0270009858272381,3.923563132608093,0.0238069313916317,-7.554307929096026
0.02943462546989511,3.06808832354044,0.03992165592860292,-8.017177897175456
0.6092216365246595,0.2911445354248698,0.2947440085037863,-31.32062611467556
0.02822816549057342,3.66399762232161,0.0278000390549426,-8.676382852980232
0.001872232089165621,5.389719902925151,0.01012786097750895,-7.698937100288694
0.03113734170613662,3.911422052265079,0.02397949997778159,-7.918532106608274
0.02940555279708634,3.042667052974149,0.04055128360990146,-8.262953374292758
0.009323425649332959,3.589297244359468,0.02907641508595604,-8.879169502283236
0.006590734418678438,4.480741090875,0.01713942699759258,-14.58099141164966
9.555848176237971e-17,8.412372262469248,0.001863380265226311,-11.5157697954685
0.01233091677973821,4.017142751804911,0.02251997831920177,-15.19931360095223
0.03626972836776448,3.230294831161501,0.03614383667306331,-14.74818074271902
0.0133078910211541,3.202885605013222,0.03675423281790613,-16.65251131546413
0.00191928364078507,5.668555248977514,0.008635837576526528,-7.849327080653567
0.01391331409288347,3.305620440651857,0.03452163397393765,-9.52823827916864
0.002499379098693327,5.400257956749513,0.01006688777825782,-27.31295788337133
3.659764554900657e-17,9.630463504244361,0.0009568815322728019,-6.199169802066882
0.7319367659401073,0.1080039271452904,0.371214090575701,-22.73300949698197
0.6278892214139687,0.2536013960753891,0.3072752812224221,-16.70381959264406
0.0130603388146583,4.092589793601995,0.02153579920184651,-8.415397379525174
3.701054384286779,4.608157752340553,0.01591009995068648,-31.61500366126667
0.5085151865953833,0.5789412734148911,0.2233638037250369,-18.45079673690208
0.0278227793596643,3.836120907475316,0.02507972086329135,-9.607832672280432
0.6278604457016995,0.2536557676670057,0.307256310744436,-15.87516419318017
0.03561796722034322,3.763424884531581,0.02619258759570919,-8.765372544781739
0.03911930792480877,2.370758799514288,0.06181347353400829,-8.167688664715751
0.02554204650946678,4.756526218580612,0.01459369891994544,-7.792000958610596
1.108542760016962,0.02045129885941321,0.4431419166258195,-21.2539342656213
0.03903030471113928,2.371033128312366,0.06180261273677107,-8.836150032191657
0.007251006700888999,4.224346743334577,0.01992397778113086,-7.562437921609562
0.5628508061248385,0.4028443241819062,0.2628119866806456,-23.11870740916585
0.610225298119788,0.2890412612783635,0.2954177842969724,-24.1347492012554
0.007274652398118839,3.635132728269035,0.02828604675635626,-7.469154730247213
0.008346556737759397,3.836927455014823,0.02506765799919064,-9.042666884664369
0.0290421149990515,3.253523080280736,0.0356350576507159,-19.32885427489661
0.02962635174215127,2.767653884543176,0.04809352378133658,-9.340475868123701
0.03608433004110012,3.431305709597478,0.03198575291249905,-15.7799402226465
0.02706753498693292,3.319077846430822,0.03424011515986392,-9.273442817551507
0.004609524117505271,4.316804742244123,0.01886886046621622,-16.19312057630935
0.02945461280079618,3.036599951959072,0.04070312948062516,-14.08373903624214
0.01391232409856827,3.305958915285501,0.0345145230590489,-9.222751467981816
0.02887745953898923,3.254276255711179,0.03561868953052949,-8.128138165166066
0.03564785495796206,3.636169659854094,0.02826843237270954,-9.51422163928142
0.001690807800580777,6.368225005585376,0.005809087463914786,-6.943261172110693
0.004609581991256501,4.312775179447421,0.0189136022765643,-20.74796959900321
0.002247661509453763,5.750302723624849,0.008242907810809663,-23.14288315741553
0.03653162851347275,3.229499992920836,0.03616138360345034,-8.804669790466527
0.5303075992889119,0.5013775442485269,0.2394477329122273,-17.89792595155278
0.6285799169115603,0.2523041853153885,0.3077286413262234,-18.0957382621164
0.03674926818566081,3.139080733550106,0.03821843895068777,-8.835024725620432
0.01508257118741204,3.105299505150001,0.03901893819039914,-18.64705404516893
0.0335155940251748,2.109491401334314,0.07319398169786018,-8.733399156788767
0.0362378564568497,3.23041771493239,0.03614112469334863,-8.687927619104469
0.00205180604088123,5.396936000067821,0.01008606754036256,-13.58453025542577
0.02893899605084849,3.254108012449695,0.03562234511909512,-8.093628902732055
0.5299188110552481,0.5026456607874792,0.2391699714128002,-21.4868450903993
0.6333409090553909,0.2428450684128123,0.3110793829352066,-28.36716481691881
0.01333045751356362,3.191884665829878,0.03700232326872016,-8.799641855696027
0.01585742681524924,2.753368110067591,0.04852489754544398,-31.62729292612431
0.02798103888081881,3.835538057270657,0.025088441889483,-9.524121194804962
0.03314709653323111,3.305625203571569,0.03452153390027246,-8.698307803484854
0.03629686762577768,3.140520014981625,0.03818472762712666,-9.583921259982965
0.03463281248162083,3.472929852410669,0.03119036484532545,-14.89916677535622
0.00195815439181818,5.452255436020756,0.009771540135699142,-7.25050594905041
0.004605813976104288,4.568819512541275,0.01627949712282067,-14.86597823920527
0.6277816933333192,0.2538003744152491,0.3072058692405673,-22.84208198426804
0.03374917773102755,2.108919156523775,0.07322135923679091,-22.74596776867999
0.02881730339615379,3.254450790812189,0.03561489765773052,-8.484627980779447
0.6350171656074008,0.2406048167956882,0.3118848125769166,-26.04574717609948
0.04120320575240535,1.763975919888566,0.09206468350788105,-16.9079380460103
0.02955880690616074,3.067673351095205,0.03993184883952389,-8.018562848044134
4.004733053112191e-17,7.131285671406504,0.003787519647158344,-6.934851204185823
0.02860020972792802,3.42644530110293,0.03208003003609228,-16.03125780238345
0.6334365032067727,0.243473553948288,0.3108542553886591,-14.39924502581974
0.02793700956803572,3.82933302780819,0.02518148494945904,-32.09194631483438
0.01251300446623433,4.943186490471238,0.01309685224997303,-8.644273603591383
6.740639792367023e-18,9.123484171894241,0.001261744452930924,-15.46343075086083
1.171368291359009,0.04734419055642292,0.4138753783924065,-28.84780883619045
0.03039806151357573,3.157899432696151,0.0377801750755376,-15.69639947219749
0.006174017511128191,4.027591764734538,0.02238089682266015,-14.97251978759307
1.264323456269547,0.1014389988553006,0.3750547827896599,-28.59850657031827
0.008402403626277727,2.605740376936534,0.05323871030669153,-8.529304468762209
0.02900137534310053,3.037824249931841,0.04067243873601611,-8.49273246372921
0.03024578985726342,3.484673003934436,0.03096979866608807,-8.48125507560488
0.01241859463331797,2.666234327995841,0.05124914021638938,-14.8175316138455
0.03394530364668194,2.553888748037522,0.05501157540346019,-8.234257144238173
0.03848604166872121,1.934736618637597,0.08212058266806788,-8.342859937903066
0.004509381385813517,3.551834461101535,0.02973982882619491,-19.65311834077155
0.03183480698201343,2.236783044157358,0.06738054449418857,-7.935197695908571
0.01368404974591281,2.125771137284485,0.07241993421617093,-8.715627428632484
0.03129521993429867,2.237563925355374,0.06734651784672102,-33.46636823375662
0.03101756005129618,2.503977352772029,0.0567795896052789,-15.13899405201365
0.003838834305615582,2.27885251263606,0.06557443714105721,-8.282834691732775
9.943831472523452e-14,2.609550505479823,0.05311093334423406,-3.803340863914801
6.817443435182298e-14,2.303127491667208,0.06455689666122699,-3.955168314768283
7.954311812698477e-14,2.168508178743747,0.07043141285290311,-3.945469169103836
7.101660529483213e-14,2.55320244194813,0.05503547170765805,-8.613046850128228
9.951925975368908e-14,1.245068477852714,0.1322482329145849,-4.390196154654224
6.817443435182298e-14,2.303011703788979,0.06456170820483159,-9.844216475147842
7.101660529483213e-14,2.225052572909179,0.0678940175429707,-4.419539522663619
3.975272492142624e-14,2.881166371312323,0.04481054213927899,-4.090956007299583
8.461809855983869e-14,2.00133211220632,0.07858051685384831,-4.923367124114717
3.798648621056759e-14,2.212972250605349,0.0684273867763861,-4.185603491317829
7.101660529483213e-14,2.328656234008992,0.06350573874076509,-4.683995614801841
9.951925975368908e-14,1.135606436248429,0.1432913138009249,-4.390196154654219
3.182854773427423e-13,1.606433704403791,0.10249691941942,-11.13063833531939
7.101660529483213e-14,2.328656234008992,0.06350573874076509,-4.683995614801841
4.108392815640038,3.912770096893091,0.02396027442970472,-25.2265204088699
3.199407626497159,2.751118686563274,0.04859320464861788,-31.53838053361084
4.157134249060021,5.285894918173966,0.01074942020086972,-37.2123580442359
1.363865369876603e-13,1.157358266074738,0.1410070436708701,-4.252454218897437
7.954311812698477e-14,1.77628207696677,0.09130326478280903,-3.874009927361278
5.64667360488876e-15,1.5129780660662,0.1093426108889208,-4.694386221933351
6.817443435182298e-14,1.886563298603591,0.08479502866579153,-4.426806004453645
7.101660529483213e-14,1.998327605989871,0.07873643592138507,-4.378054031786777
2.810666696097249,2.319372182481928,0.06388579325175248,-21.65656848677539
7.101660529483213e-14,1.999015573107982,0.07870070279491154,-9.878500941996505
1.363865369876603e-13,1.157358266074738,0.1410070436708701,-4.252454218897437
6.817443435182298e-14,1.869704640997988,0.08575445561989714,-10.87490884001057
6.817443435182298e-14,1.869704640992458,0.08575445562021383,-4.455508490013435
3.798648621056759e-14,1.987489745805362,0.07930179811166116,-4.14889708423372
1.211159354106566,0.03435408849762212,0.4264778264286861,-11.95927534391531
7.954311812698477e-14,1.675341414704052,0.09777231040222212,-3.619413424684561
1.849462781041571e-13,2.068041182614209,0.07520730117008673,-10.13109538752337
1.591239045290951e-13,1.658497035086182,0.0989031867262643,-4.43917587435311
1.363865369876603e-13,1.157358266074738,0.1410070436708701,-4.252454218897437
6.817443435182298e-14,1.869704640997991,0.08575445561989697,-10.87458016485576
6.817443435182298e-14,1.869704640992458,0.08575445562021383,-4.455508490013435
5.392083338824154e-14,1.660568198196195,0.09876331220568163,-25.15191716107108
3.119507113939997,2.728281327857189,0.04929266188130749,-28.54544243762845
1.363865369876603e-13,1.157358266074738,0.1410070436708701,-4.252454218897437
5.392083338824154e-14,1.66173528191797,0.09868459622106535,-4.321262742844677
7.954311812698477e-14,1.77628207696677,0.09130326478280903,-3.874009927361278
7.101660529483213e-14,2.090670707623104,0.07410049687680614,-10.0116305503365
7.954311812698477e-14,1.675364724891597,0.09777075596077278,-4.151918847581273
1.985752832009056e-14,0.9751686699269566,0.1616972508249143,-5.564556338990731
7.954311812698477e-14,1.77628207696677,0.09130326478280903,-3.874009927361278
1.936003471825695e-14,1.996156193236267,0.07884934051474213,-10.5983796117641
1.985752832009056e-14,1.032449307030983,0.1547920447137226,-11.5779362097111
5.392083338824154e-14,1.661674256681458,0.0986887103509872,-9.854739873257151
7.101660529483213e-14,2.091358840101938,0.07406713000501686,-4.910570694819439
7.954311812698477e-14,1.675341414704052,0.09777231040222212,-3.619413424684561
1.591239045290951e-13,1.658497035086189,0.09890318672626391,-4.48052612891457
7.954311812698477e-14,1.77628385965834,0.09130315501240582,-3.915359290985465
6.817443435182298e-14,1.886563298603591,0.08479502866579153,-4.426806004453645
7.954311812698477e-14,1.675341414704052,0.09777231040222212,-3.619413424684561
1.249601644790941,0.04600416791986461,0.4150841109906989,-11.54501761169797
3.182854773427423e-13,1.844769008095696,0.08719650874186125,-9.667323784435585
1.363865369876603e-13,1.157241490415466,0.1410191832874199,-10.11146955890159
5.392083338824154e-14,1.661719343217438,0.09868567073883222,-11.23293432606579
6.817443435182298e-14,1.886539988272382,0.08479634672427583,-3.894300581556933
7.954311812698477e-14,1.675202729337126,0.09778155924352716,-9.42064497088527
6.817443435182298e-14,1.886467191139456,0.0848004631139288,-10.31250274756267
3.182854773427423e-13,1.628660062335094,0.1009442405122485,-4.520251213793665
1.535640194488892,0.1596117206150325,0.3447571239679054,-11.98852699838115
6.817443435182298e-14,1.886152033010298,0.08481828670331371,-8.638181674652099
8.461809855983869e-14,1.797384636101764,0.09001450077277867,-11.69359732037158
6.817443435182298e-14,1.886539988272382,0.08479634672427583,-3.894300581556933
7.101660529483213e-14,2.091358840101938,0.07406713000501686,-4.910570694819439
1.936003471825695e-14,1.917017048273078,0.08309293622421116,-11.17724543038583
5.392083338824154e-14,1.661734565383345,0.0986846445264144,-4.279912846550521
1.363865369876603e-13,1.157313826934391,0.1410116632631828,-10.80223988753883
3.798648621056759e-14,1.987491528497506,0.07930170473770348,-4.190246447857907
1.985752832009056e-14,1.654892545602006,0.09914716776212118,-10.29238977961649
6.817443435182298e-14,1.886563298603591,0.08479502866579153,-4.426806004453645
7.954311812698477e-14,1.675341414704052,0.09777231040222212,-3.619413424684561
3.182854773427423e-13,1.442764838762702,0.114846226515943,-4.129220274941559
1.114937077501844,0.0113755437678158,0.4575308681229781,-12.58601169102848
6.817443435182298e-14,1.886563298603591,0.08479502866579153,-4.426806004453645
3.798648621056759e-14,1.987491528497506,0.07930170473770348,-4.190246447857907
1.591239045290951e-13,1.658497035086189,0.09890318672626391,-10.69320772297365
7.954311812698477e-14,1.675341414704052,0.09777231040222212,-3.619413424684561
5.392083338824154e-14,2.137552168960791,0.07186553648740912,-3.783449470121707
3.798648621056759e-14,1.987489745805362,0.07930179811166116,-4.14889708423372
1.985752832009056e-14,1.654892866167135,0.09914714603230546,-4.992082760823448
9.951925975368908e-14,1.019822284342537,0.156280583781257,-4.390196154654213
4.326198752887978e-13,1.307759467687296,0.1264003584909201,-4.435831680721322
3.182854773427423e-13,1.442764838792865,0.1148462265135082,-4.170569638565739
7.954311812698477e-14,1.776245958534254,0.09130548883192857,-10.8366059499127
6.817443435182298e-14,1.869704662857195,0.08575445436783247,-16.80301319152158
1.062551343978462,0.003592399790754541,0.4761030523219347,-14.27805018295531
1.985752832009056e-14,1.654892403651917,0.09914717738434636,-10.10984875387223
1.215888151386796,0.03572072548745808,0.4250466929943629,-13.19203563189452
8.461809855983869e-14,1.79738468619564,0.09001449773855869,-4.592578773224382
6.817443435182298e-14,1.869704695501156,0.08575445249803232,-4.755413285787092
1.985752832009056e-14,0.9751688649578263,0.161697226631992,-10.88686182716801
6.817443435182298e-14,1.886490595779389,0.08479913964919816,-10.44688558926215
7.954311812698477e-14,1.77628385965834,0.09130315501240582,-3.915359290985465
1.363865369876603e-13,1.157358266074738,0.1410070436708701,-4.252454218897437
6.817443435182298e-14,1.84499697194139,0.08718319958998066,-4.507050721574245
1.591239045290951e-13,1.658496971378566,0.09890319103228418,-4.180621333140915
5.392083338824154e-14,1.661734565383345,0.0986846445264144,-4.279912846550521
3.798648621056759e-14,1.986674843804678,0.07934449420092338,-8.033517110468454
1.985752832009056e-14,0.9745139503785971,0.1617784935209581,-9.828821255063017
1.591239045290951e-13,1.658497035086182,0.0989031867262643,-4.43917587435311
3.798648621056759e-14,1.98745351194006,0.07930369599837733,-11.10980265835667
1.534418075676006,0.1590595520905786,0.3450119220443767,-13.92402219202032
6.817443435182298e-14,1.886539988272382,0.08479634672427583,-3.894300581556933
3.975272492142624e-14,2.587572447610214,0.05385264869541079,-4.090956007299577
7.954311812698477e-14,1.77628385965834,0.09130315501240582,-3.915359290985465
7.954311812698477e-14,1.675341414704052,0.09777231040222212,-3.619413424684561
1.985752832009056e-14,0.9765857905652595,0.1615215878194694,-14.71815240609346
3.182854773427423e-13,1.628658278948137,0.1009443639794789,-4.478901850169485
6.817443435182298e-14,1.886539988272382,0.08479634672427583,-3.894300581556933
2.354925469243788,1.116085524848458,0.14538145289231,-27.88435821816602
1.591239045290951e-13,1.658496971828573,0.09890319100186806,-9.189013635922763
7.954311812698477e-14,1.674581806588678,0.09782298075795637,-7.792893116016653
7.954311812698477e-14,1.675364724891597,0.09777075596077278,-4.151918847581273
1.363865369876603e-13,1.157358266074738,0.1410070436708701,-4.252454218897437
1.985752832009056e-14,0.9751686699269566,0.1616972508249143,-5.564556338990731
1.936003471825695e-14,1.992900882350654,0.07901894845360213,-15.29110389701551
6.817443435182298e-14,1.886539988272382,0.08479634672427583,-3.894300581556933
7.954311812698477e-14,1.77628207696677,0.09130326478280903,-3.874009927361278
6.817443435182298e-14,1.869704695501147,0.08575445249803293,-4.714063031225631
6.817443435182298e-14,1.886563298603591,0.08479502866579153,-4.426806004453645
3.798648621056759e-14,1.987489745805362,0.07930179811166116,-4.14889708423372
3.975272492142624e-14,2.587572447610214,0.05385264869541079,-4.090956007299577
7.101660529483213e-14,2.090949058181344,0.07408699788610662,-20.29863057106761
7.954311812698477e-14,1.77628207696677,0.09130326478280903,-3.874009927361278
7.101660529483213e-14,2.091360596845377,0.07406704484395887,-10.20174761337061
3.182854773427423e-13,1.810191540889205,0.08924262726428606,-4.522931649943909
3.182854773427423e-13,1.628469984396183,0.1009574009650396,-9.829367797463908
1.197084780527074,0.03034981194376485,0.430849437710522,-10.36554104178343
5.392083338824154e-14,2.128450422599471,0.07229342917652326,-10.93111644252101
3.182854773427423e-13,1.442764838792865,0.1148462265135082,-4.170569638565739
3.182854773427423e-13,1.844998759763268,0.08718309522130158,-4.548400085198724
7.954311812698477e-14,1.675269085694882,0.09777713385130465,-10.0405418745763
3.182854773427423e-13,1.810191540889205,0.08924262726428606,-4.522931649943909
3.798648621056759e-14,1.987491528497506,0.07930170473770348,-4.190246447857907
7.954311812698477e-14,1.77628207696677,0.09130326478280903,-3.874009927361278
2.153844438333588,0.9217153293148925,0.1685124927934036,-29.54858679792939
3.182854773427423e-13,1.81019225977939,0.08924258415189212,-4.564281013568089
5.392083338824154e-14,2.137552168960791,0.07186553648740912,-3.783449470121707
7.101660529483213e-14,2.002093374982216,0.07854106681864381,-8.427102585667415
4.326198752887978e-13,1.307759467687296,0.1264003584909201,-4.435831680721322
5.392083338824154e-14,1.661704820199393,0.09868664982939501,-10.54949509023307
1.936003471825695e-14,1.903660586287852,0.08383457736667382,-10.46379464436797
7.954311812698477e-14,1.77628207696677,0.09130326478280903,-3.874009927361278
7.101660529483213e-14,1.998327605989871,0.07873643592138507,-4.378054031786777
1.591239045290951e-13,1.658497035086182,0.0989031867262643,-4.43917587435311
3.182854773427423e-13,1.442764838762702,0.114846226515943,-4.129220274941559
3.798648621056759e-14,1.987491528497506,0.07930170473770348,-4.190246447857907
6.817443435182298e-14,1.844806756642445,0.08719430471699768,-9.849854122342538
1.014161724634714,0.0001955619488995808,0.4944212347241435,-18.90303440585743
1.115134212213573,0.01141137722900254,0.4574642845524327,-28.69019596529307
3.182854773427423e-13,1.442764838761228,0.114846226516062,-10.39816393131721
1.936003471825695e-14,1.903458717288935,0.08384584450764709,-4.04500203242057
1.01178309279307,0.0001357575270297673,0.4953518279110308,-13.53500432006704
6.817443435182298e-14,1.886539988272382,0.08479634672427583,-3.894300581556933
6.817443435182298e-14,1.869704640992458,0.08575445562021383,-4.455508490013435
1.985752832009056e-14,0.9500187596587537,0.1648572611519648,-4.457061204232142
7.954311812698477e-14,1.77628385965834,0.09130315501240582,-3.915359290985465
7.954311812698477e-14,1.776132192333137,0.091312494574456,-16.37080793513407
9.909930019496365e-15,1.826712986299427,0.08825814254673642,-11.3319848266994
3.182854773427423e-13,1.628431994025672,0.1009600315517016,-9.64599226368489
1.363865369876603e-13,1.157386783981048,0.141004079243098,-4.784959641794149
1.205568634081764,0.03273001117407404,0.4282173926151489,-11.368037476397
7.954311812698477e-14,1.675159530349369,0.09778444036649175,-15.65233707262796
0.9581982930760303,0.001842692873537999,0.4828800228087436,-34.0954855968148
2.248328484906504,1.014668757209645,0.1568934707542171,-15.50104239353304
6.817443435182298e-14,1.886563298603591,0.08479502866579153,-4.426806004453645
1.985752832009056e-14,0.9751686699269566,0.1616972508249143,-5.564556338990731
7.954311812698477e-14,1.67506656161871,0.09779064118092745,-8.759898364002895
5.64667360488876e-15,1.307881297921558,0.126389308255996,-11.54869483254805
7.101660529483213e-14,2.005028156500536,0.07838919157037416,-11.41734692079062
1.389853744945026,0.09692668802283322,0.3777746867299249,-11.02726041473523
7.954311812698477e-14,1.675341414704052,0.09777231040222212,-3.619413424684561
1.009061571239647,8.0515893731814e-05,0.496420313063193,-10.40310469139577
9.951925975368908e-14,1.019822284342537,0.156280583781257,-4.390196154654213
5.392083338824154e-14,1.66162384795264,0.098692108900932,-13.02480624953952
2.053471180828515,0.4115824771114482,0.2605836967091841,-12.55961301257425
9.951925975368908e-14,1.019822284342537,0.156280583781257,-4.390196154654213
5.392083338824154e-14,1.661734565383345,0.0986846445264144,-4.279912846550521
5.64667360488876e-15,1.512978067578956,0.1093426107737893,-4.73573647649481
3.182854773427423e-13,1.628658278948137,0.1009443639794789,-4.478901850169485
6.817443435182298e-14,1.869704695501156,0.08575445249803232,-4.755413285787092
0.9369213892572748,0.004319715835066518,0.4737985652306551,-11.26941134980015
4.326198752887978e-13,1.307759467687296,0.1264003584909201,-4.435831680721322
3.182854773427423e-13,1.810191540889205,0.08924262726428606,-4.522931649943909
3.182854773427423e-13,1.628544520700967,0.1009522400438964,-10.33235053283889
1.934051592855959,0.352161091999271,0.2764461651906878,-12.57839648795696
1.985752832009056e-14,1.654892860216551,0.09914714643567146,-4.950732509237236
3.182854773427423e-13,1.810191540889205,0.08924262726428606,-4.522931649943909
8.461809855983869e-14,1.797384686193826,0.09001449773866843,-13.29601134803514
1.073430548992359,0.004887104580483026,0.4721335107993674,-17.56314737188301
1.985752832009056e-14,1.032704423582107,0.1547621608811682,-4.98956662723365
1.985752832009056e-14,1.032704423582107,0.1547621608811682,-4.98956662723365
7.101660529483213e-14,2.091358840101938,0.07406713000501686,-4.910570694819439
3.182854773427423e-13,1.628469978663464,0.1009574013619871,-9.828932865992176
5.392083338824154e-14,1.66173528191797,0.09868459622106535,-4.321262742844677
3.975272492142624e-14,2.587572447610214,0.05385264869541079,-4.090956007299577
9.951925975368908e-14,1.019822284342537,0.156280583781257,-4.390196154654213
6.817443435182298e-14,1.869704695501156,0.08575445249803232,-4.755413285787092
3.182854773427423e-13,1.81019225977939,0.08924258415189212,-4.564281013568089
1.363865369876603e-13,1.157358266074738,0.1410070436708701,-4.252454218897437
1.195888109520317,0.03001997885942131,0.4312224529157412,-14.97486829921952
1.554809711889261,0.2232045734978172,0.3183044838195754,-16.91411735456398
2.306867276374349,1.070891836419797,0.1503720440091988,-17.78986755929965
2.488292536118144,1.24686112405206,0.1320764167519619,-17.92462926767459
1.038601857981188,0.001411041560107407,0.4850177222669836,-11.4622527438138
3.182854773427423e-13,1.750511715674323,0.09290620778939629,-4.553277781631541
7.954311812698477e-14,1.717745147535859,0.09499177647867146,-3.904356059048924
5.392083338824154e-14,1.606961048337528,0.1024597558786955,-4.267392455335637
3.182854773427423e-13,1.750511715674323,0.09290620778939629,-4.553277781631541
5.392083338824154e-14,1.606915333533617,0.1024629769115204,-10.12080713070841