dN/dS,LRT,p-value,Log(L)
1,0,1,0
1,0,1,0
1.038263951005382e-15,0.5715731399165982,0.2248172344366861,-14.13279126483541
1,0,1,0
1,0,1,0
1,0,1,0
1,0,1,0
1,0,1,0
1,0,1,0
1.038263951005382e-15,0.5368280509638623,0.2318751330056176,-9.11559647120545
1.038263951005382e-15,0.2907672487216928,0.2948646391766059,-9.903484198217463
1,0,1,0
1,0,1,0
1,0,1,0
4.072523706251712,1.289804096886915,0.1280420281510175,-9.940434420356729
3.232098623986109,0.9564962376911055,0.164035614891999,-24.60087912963816
1,0,1,0
1,0,1,0
1,0,1,0
4.936130869128893e-15,0.5698083957630722,0.2251675324433349,-10.93677372664158
1,0,1,0
3.445193112000751,1.042044495126728,0.1536732263963373,-9.005804314770243
1,0,1,0
1,0,1,0
1,0,1,0
1,0,1,0
1,0,1,0
1,0,1,0
1.038263951005382e-15,0.3014016610913046,0.2915025183347079,-14.71944382879961
1,0,1,0
1,0,1,0
2.804502661847769e-15,0.6990753635153517,0.2015472800298559,-10.4558486122496
1,0,1,0
1,0,1,0
1,0,1,0
1,0,1,0
1,0,1,0
1,0,1,0
1,0,1,0
4.936130869128893e-15,0.5715731198489387,0.224817238415241,-12.05365126978032
5.64667360488876e-15,0.3012308467938425,0.2915559087159037,-11.57936301169191
4.936130869128893e-15,0.5743838647089419,0.2242610625700223,-9.04537487901387
1,0,1,0
1,0,1,0
4.099207391882686,1.298197362920206,0.127271379376403,-10.01437956574868
1,0,1,0
1,0,1,0
1,0,1,0
1,0,1,0
1,0,1,0
1,0,1,0
1,0,1,0
1,0,1,0
1,0,1,0
2.804502661847769e-15,0.6330851754105318,0.2131129522972401,-9.672465767473923
1,0,1,0
1,0,1,0
1,0,1,0
1,0,1,0
1,0,1,0
2.896721169317002,0.8096884461734177,0.1841061888774795,-8.478946375957433
1,0,1,0
4.845016286473629,1.554238331344301,0.1062554187764354,-11.0285593877315
1,0,1,0
1,0,1,0
6.367240753757294,3.980740087325429,0.02301166873571603,-10.68695778822945
1,0,1,0
4.936130869128893e-15,0.6009126254155852,0.2191150149505743,-9.272918598994234
1,0,1,0
1,0,1,0
1,0,1,0
1,0,1,0
1,0,1,0
3.801087978243054,1.183608234036498,0.1383113266056859,-9.799606338923766
1.038263951005382e-15,0.5111065750084549,0.2373301101303455,-9.923620279986428
1,0,1,0
1,0,1,0
1,0,1,0
2.804502661847769e-15,0.5903504371587935,0.2211418194391945,-8.415947061058091
1,0,1,0
1,0,1,0
1,0,1,0
1,0,1,0
1,0,1,0
1,0,1,0
1,0,1,0
1,0,1,0
1,0,1,0
1,0,1,0
1,0,1,0
1,0,1,0
1,0,1,0
1,0,1,0
5.866520981664401,3.708354924496991,0.02707036343946084,-12.06721072180367
4.075257158134415,1.292001822950674,0.1278396838815058,-8.369337214697214
1,0,1,0
1,0,1,0
1,0,1,0
1,0,1,0
1,0,1,0
4.936130869128893e-15,0.6520193829908116,0.2096958107321348,-9.352954941492669
1,0,1,0
1,0,1,0
1,0,1,0
1,0,1,0
1,0,1,0
1,0,1,0
3.662530177972289,1.127603153056082,0.1441435843610004,-11.2547718950994
1,0,1,0
1,0,1,0
1,0,1,0
2.804502661847769e-15,0.5904311911359841,0.2211262141270833,-8.71526577623802
1,0,1,0
1,0,1,0
1,0,1,0
1,0,1,0
3.120141092152394,0.9072353618575342,0.1704245121424317,-12.34256911205132
1,0,1,0
5.64667360488876e-15,0.5698079807989451,0.2251676149129572,-10.61103995830581
1,0,1,0
2.804502661847769e-15,0.452178950610989,0.2506510088560315,-9.072116524385828
1,0,1,0
1,0,1,0
1,0,1,0
1,0,1,0
1,0,1,0
1,0,1,0
1,0,1,0
1,0,1,0
1,0,1,0
1,0,1,0
1,0,1,0
1,0,1,0
1,0,1,0
2.093959926088373e-15,0.620258589046415,0.2154756044734884,-8.927940148983359
1,0,1,0
3.7609867148995,1.1665878152949,0.1400517317449684,-10.92107395297277
1,0,1,0
1,0,1,0
1,0,1,0
1,0,1,0
1,0,1,0
1,0,1,0
1,0,1,0
1,0,1,0
1,0,1,0
1,0,1,0
1,0,1,0
12.06368575995842,12.39707945954414,0.0002150029322471325,-17.02761330166481
1,0,1,0
6.641404262588154,4.117129652994823,0.02122552293805635,-14.12696229222786
1,0,1,0
1,0,1,0
1,0,1,0
1.038263951005382e-15,0.6009736325413648,0.2191033910789325,-9.979449813802471
1,0,1,0
1,0,1,0
1,0,1,0
1,0,1,0
1,0,1,0
3.647241458304166,1.121768222913687,0.1447690141257313,-8.980122299681787
1,0,1,0
1,0,1,0
1,0,1,0
1,0,1,0
1,0,1,0
1,0,1,0
1,0,1,0
1,0,1,0
1.038263951005382e-15,0.3160967705921713,0.2869814197009156,-10.41174413577532
1,0,1,0
6.802894430365405,4.197574647285993,0.02024091897170172,-11.30897245557878
1,0,1,0
3.233038103830125,0.955149832421796,0.164205953401911,-10.19808097860976
1,0,1,0
1,0,1,0
1,0,1,0
1,0,1,0
1,0,1,0
1,0,1,0
4.936130869128893e-15,0.590582667181728,0.2210969466975486,-9.81443292943319
1,0,1,0
5.64667360488876e-15,0.5715731399198383,0.2248172344360437,-9.152981374194862
1,0,1,0
1,0,1,0
1,0,1,0
1,0,1,0
2.950102980015007,0.8319390836328147,0.1808562107433321,-9.419663192273166
1,0,1,0
4.337018398437934,1.386087970222288,0.1195334301850089,-9.716202116146125
1,0,1,0
1.028145822447522e-15,0.5588808537122674,0.2273557576943946,-9.748025770963686
1,0,1,0
1,0,1,0
1,0,1,0
1,0,1,0
1,0,1,0
1,0,1,0
1,0,1,0
1,0,1,0
1,0,1,0
2.871378252433974,0.7987168351130869,0.1857386459386471,-11.85555971416193
1,0,1,0
3.132064741561921,0.9123348182349318,0.169747840426217,-11.24646718835748
1,0,1,0
3.266845881286667,0.9698992169185274,0.1623526576232618,-9.315654335844288
1,0,1,0
1,0,1,0
1,0,1,0
1,0,1,0
1,0,1,0
7.709558756820027,4.583394332135484,0.01614160238214596,-12.41115293670117
1,0,1,0
1,0,1,0
1,0,1,0
1,0,1,0
1,0,1,0
1,0,1,0
1,0,1,0
1,0,1,0
4.936130869128893e-15,0.4948112367981423,0.240894467860121,-18.18679554640788
1,0,1,0
1,0,1,0
1,0,1,0
1,0,1,0
1,0,1,0
1,0,1,0
1,0,1,0
1.038263951005382e-15,0.5743838527663279,0.2242610649286125,-9.006080913449694
1,0,1,0
1,0,1,0
1,0,1,0
1,0,1,0
1,0,1,0
4.118032460647333,1.306616181111785,0.1265041146707018,-20.72890848510152
3.118628142373203,0.9067566353651095,0.1704882229594958,-9.131604299925231
1,0,1,0
1,0,1,0
1.038263951005382e-15,0.5743838520790874,0.2242610650643381,-9.475158971444868
1,0,1,0
4.936130869128893e-15,0.7148234000412081,0.1989235977192402,-12.99909610341221
7.277807801077588,2.235491620598825,0.06743686006693567,-9.714759635506562
1,0,1,0
1,0,1,0
1,0,1,0
1,0,1,0
1,0,1,0
1,0,1,0
1,0,1,0
1,0,1,0
1,0,1,0
1,0,1,0
1.038263951005382e-15,0.5743838527663279,0.2242610649286125,-9.006080913449694
1,0,1,0
4.936130869128893e-15,0.5698080002280648,0.2251676110516292,-12.01917984781019
1,0,1,0
1,0,1,0
1,0,1,0
1,0,1,0
1,0,1,0
1,0,1,0
1,0,1,0
1,0,1,0
1,0,1,0
1,0,1,0
2.804502661847769e-15,0.5904311911359841,0.2211262141270833,-8.71526577623802
1,0,1,0
1,0,1,0
1,0,1,0
1,0,1,0
1.038263951005382e-15,0.6007520472112731,0.2191456149159828,-11.95532919864275
1,0,1,0
1,0,1,0
1,0,1,0
1,0,1,0
1,0,1,0
1,0,1,0
7.732786182002024,4.634636036038,0.01566639482022758,-14.07762739448303
2.804502661847769e-15,0.7145663105010236,0.1989660313444946,-10.15239839915078
1,0,1,0
1,0,1,0
2.093959926088373e-15,0.4494147326475755,0.2513065098137677,-8.616561256121727
1,0,1,0
1,0,1,0
1.028145822447522e-15,0.6836916945966642,0.2041591968469537,-8.892012451628062
1,0,1,0
1,0,1,0
1,0,1,0
1,0,1,0
1,0,1,0
1,0,1,0
1,0,1,0
1,0,1,0
2.848148783252701,0.7883971741542197,0.1872926126518,-8.784704127131425
1,0,1,0
1,0,1,0
1,0,1,0
1,0,1,0
1,0,1,0
1,0,1,0
1,0,1,0
1,0,1,0
1,0,1,0
2.804502661847769e-15,0.5366341536716543,0.2319154997530791,-7.952354046718932
1,0,1,0
1,0,1,0
1,0,1,0
1,0,1,0
1,0,1,0
1,0,1,0
1,0,1,0
2.093959926088373e-15,0.5903501930382973,0.2211418666168629,-8.415525788570857
1,0,1,0
1,0,1,0
1,0,1,0
1,0,1,0
1,0,1,0
1,0,1,0
1,0,1,0
1,0,1,0
1,0,1,0
1,0,1,0
1,0,1,0
1,0,1,0
2.804502661847769e-15,0.5743838867863147,0.224261058209882,-11.94830825172319
1,0,1,0
1,0,1,0
1,0,1,0
1,0,1,0
1,0,1,0
1,0,1,0
1,0,1,0
1,0,1,0
1,0,1,0
4.936130869128893e-15,0.7146946254448743,0.1989448508297447,-10.55936849049138
1,0,1,0
4.936130869128893e-15,0.607734884667483,0.2178209715059215,-10.74119640596284
1,0,1,0
1,0,1,0
1,0,1,0
3.280181416538825,0.974710942239124,0.1617540435710968,-10.21997361273414
1,0,1,0
1,0,1,0
1,0,1,0
1,0,1,0
1.038263951005382e-15,0.7149512499914863,0.198902500460676,-9.184481075760218
1,0,1,0
1,0,1,0
1.028145822447522e-15,0.7149513126207481,0.1989024901266526,-11.2706579979267
1,0,1,0
4.936130869128893e-15,0.5368588507045686,0.2318687219546922,-10.1601890566841
1,0,1,0
1,0,1,0
1,0,1,0
1,0,1,0
1,0,1,0
1,0,1,0
1,0,1,0
1,0,1,0
1,0,1,0
1,0,1,0
1,0,1,0
1,0,1,0
1,0,1,0
1,0,1,0
1,0,1,0
1,0,1,0
1,0,1,0
1,0,1,0
1,0,1,0
1,0,1,0
1,0,1,0
4.936130869128893e-15,0.5906204411216649,0.2210896491393887,-10.51075972304726
1,0,1,0
5.64667360488876e-15,0.620258596636944,0.215475603063621,-8.927275673179903
1,0,1,0
1,0,1,0
1,0,1,0
1,0,1,0
1,0,1,0
1,0,1,0
1,0,1,0
3.978798051930493,1.25573897369522,0.1312295942664601,-13.44344824103202
1,0,1,0
1,0,1,0
4.936130869128893e-15,0.5715731399199342,0.2248172344360247,-9.84953502642459
1,0,1,0
1,0,1,0
1,0,1,0
1,0,1,0
1,0,1,0
1,0,1,0
1,0,1,0
1,0,1,0
1,0,1,0
1,0,1,0
1,0,1,0
1,0,1,0
1,0,1,0
1,0,1,0
2.804502661847769e-15,0.5362725876090515,0.2319908027707642,-10.85459547732636
1,0,1,0
1,0,1,0
1,0,1,0
1,0,1,0
1,0,1,0
1,0,1,0
1,0,1,0
1,0,1,0
1,0,1,0
1,0,1,0
1,0,1,0
1,0,1,0
1,0,1,0
1,0,1,0
1,0,1,0
1,0,1,0
3.495982688143755,1.064210241230704,0.1511284435484726,-8.214656234425011
1,0,1,0
1,0,1,0
1,0,1,0
1,0,1,0
1,0,1,0
4.936130869128893e-15,0.6519432266499727,0.2097093905087652,-8.944945148666797
1.038263951005382e-15,0.5054923541963596,0.2385483597005102,-11.66647856186336
1,0,1,0
1,0,1,0
1,0,1,0
1,0,1,0
1,0,1,0
1,0,1,0
1,0,1,0
1,0,1,0
1,0,1,0
1,0,1,0
1,0,1,0
1,0,1,0
1,0,1,0
1,0,1,0
1.028145822447522e-15,0.5904312961697578,0.2211261938309242,-8.716582154658374
1,0,1,0
1,0,1,0
1,0,1,0
1,0,1,0
1,0,1,0
1,0,1,0
8.48884454792928e-15,0.301324441409939,0.2915266519796577,-9.718315478963051
1,0,1,0
1,0,1,0
1,0,1,0
1,0,1,0
1,0,1,0
1,0,1,0
1,0,1,0
1,0,1,0
1,0,1,0
1,0,1,0
1,0,1,0
1,0,1,0
1,0,1,0
1,0,1,0
1,0,1,0
4.936130869128893e-15,0.3013237395629531,0.2915268713479665,-11.80437466616575
1,0,1,0
1.038263951005382e-15,0.62035328040038,0.2154580175567846,-9.567976374963235
1,0,1,0
1,0,1,0
1,0,1,0
1,0,1,0
5.64667360488876e-15,0.3761086314076145,0.2698466120964441,-11.24249704874453
1,0,1,0
1,0,1,0
1,0,1,0
1,0,1,0
1,0,1,0
1,0,1,0
1,0,1,0
1,0,1,0
1,0,1,0
1,0,1,0
1,0,1,0
1,0,1,0
1,0,1,0
1,0,1,0
1,0,1,0
1,0,1,0
1,0,1,0
1,0,1,0
1,0,1,0
1,0,1,0
1,0,1,0
1,0,1,0
1,0,1,0
3.022582202879609,0.8640564958754311,0.1763029971887818,-10.67475206935835
2.804502661847769e-15,0.7148189372197322,0.1989243342136202,-11.2486724742421
1,0,1,0
1,0,1,0
1,0,1,0
1,0,1,0
1,0,1,0
4.936130869128893e-15,0.5715731399199413,0.2248172344360233,-17.48856228737775
1,0,1,0
3.127446293565199,0.9105018600650574,0.1699906477981687,-8.490166347765452
1,0,1,0
2.804502661847769e-15,0.652094735385063,0.2096823756002271,-10.04613244533682
1,0,1,0
1,0,1,0
1,0,1,0
1,0,1,0
1,0,1,0
1,0,1,0
1,0,1,0
1,0,1,0
1,0,1,0
1,0,1,0
1,0,1,0
1,0,1,0
2.804502661847769e-15,0.5435549876045798,0.2304815735714033,-12.64746746405648
1,0,1,0
1,0,1,0
3.541724983654596,1.083121162916481,0.1490001892291013,-15.37849545050306
1,0,1,0
1,0,1,0
1,0,1,0
1,0,1,0
1,0,1,0
1,0,1,0
1,0,1,0
1,0,1,0
1,0,1,0
1,0,1,0
1,0,1,0
1,0,1,0
1,0,1,0
1,0,1,0
1,0,1,0
1,0,1,0
1,0,1,0
1,0,1,0
1,0,1,0
1,0,1,0
1,0,1,0
1,0,1,0
1,0,1,0
1,0,1,0
1,0,1,0
1.038263951005382e-15,0.3140585749391249,0.2876001474376821,-14.68832833178207
1,0,1,0
1,0,1,0
1,0,1,0
1,0,1,0
1,0,1,0
1,0,1,0
1,0,1,0
1,0,1,0
1,0,1,0
1,0,1,0
1,0,1,0
1,0,1,0
1,0,1,0
1,0,1,0
1,0,1,0
1,0,1,0
1,0,1,0
1,0,1,0
1,0,1,0