dN/dS,LRT,p-value,Log(L)
3.17603086687411e-16,9.654998706169039,0.0009441851321740358,-4.058922434126995
0.3225066661944796,1.900793546092213,0.08399476147258278,-13.45502857600638
0.3144721266972378,2.014282805162054,0.07791244330865083,-37.89130107158506
1.011686972551308,0.0003932434583973077,0.4920893466100424,-28.26694931020667
0.3322142831047239,1.784403308228192,0.09080477695627109,-27.22501954566843
6.728744545674702e-16,7.255499699056315,0.003534210014375816,-16.29574011540029
1.052142218841504,0.005012388515979183,0.4717791726791237,-18.38828269213851
5.114956077737342e-17,7.943920265683865,0.002412459858559146,-5.262387235660119
0.757452499135475,0.1674787792597598,0.3411811429429141,-30.45398131373883
9.555848176237971e-17,5.996029947866866,0.007169053842196849,-11.03079476707473
5.840566125974614e-16,3.487648307839834,0.03091417909841576,-13.73533783271502
0.5880307011417703,0.6679414960661134,0.2068851085404957,-31.66314727990958
6.728744545674702e-16,3.489062569299151,0.0308877785669911,-24.11128691280493
1.531839096613767,0.7806515722164278,0.1884709699797406,-45.3362331851278
0.3452068456285326,1.64695294095209,0.09968708003310767,-25.97665815029027
0.5547349215099586,0.8395928063332576,0.1797566272128522,-37.07101156961401
0.4396545702489154,0.8925592740487254,0.1723923550368572,-14.19189028887757
0.609535601542705,0.5695561338373878,0.2252176754647306,-28.05775740831153
3.690945193379647,12.39566971892677,0.0002151653125728181,-114.6821570138619
3.17603086687411e-16,6.920810802085253,0.004259916912625339,-11.07460065026459
0.4842428305318855,1.336790693335516,0.1238003649338631,-39.16282758551165
0.2806267381771375,2.55219255142266,0.05507065556763419,-8.842874878896595
0.7588955944387262,0.2458684273720237,0.3099996939293366,-27.63653818727306
0.5752074707544762,0.7267842278550489,0.1969637677651029,-36.64207690213827
0.2352844442759674,3.555567371693371,0.02967300813165291,-19.43333321252419
1.744594775459062,1.518358308717083,0.1089340496374642,-63.37739302682571
1,0,1,0
1.509339371375765,0.7260219723749515,0.1970878345068126,-50.87134925516259
9.682324783204268e-17,3.712902001249788,0.02699671966305622,-19.86485599683354
1,0,1,0
9.682324783204268e-17,6.086915054526578,0.006809333403959617,-17.68187962840541
3.17603086687411e-16,8.638317307676239,0.001645826577984622,-28.44265141776326
0.8420597957176396,0.0924333416683254,0.3805530811510887,-25.84046626886411
1,0,1,0
1,0,1,0
5.840566125974614e-16,7.078606929137393,0.003900481658170751,-20.68271896364125
1,0,1,0
3.17603086687411e-16,6.978307024663341,0.004125180988075017,-11.73421501432463
5.840566125974614e-16,8.307458756569183,0.001974129766956212,-23.11438222083886
9.682324783204268e-17,6.740661375682443,0.004711984050008,-31.95757399713611
1.050043554540589,0.009267193210348523,0.4616545527959599,-30.45181037838604
1.028145822447522e-15,7.078610976748223,0.003900472847591652,-20.4873456070105
1,0,1,0
1,0,1,0
2.731941657024047e-16,6.382407189118101,0.005762850291018584,-13.71261702640414
0.594318333653888,0.6380880416586763,0.2122019970850218,-36.68310945799087
2.943776731959487,8.18671430877076,0.002109914122012668,-62.55423317190124
9.555848176237971e-17,7.959942830078571,0.002391196234169335,-10.94225291395676
0.8803104197092564,0.03334109503923344,0.4275577309229928,-36.85338876072418
1,0,1,0
9.555848176237971e-17,7.550133559889758,0.003000281340442168,-10.54309554505589
9.555848176237971e-17,7.078617349495183,0.003900458975846899,-15.52902364313037
1,0,1,0
1,0,1,0
2.287852447174094e-16,7.722393975586101,0.002727001379551619,-18.02396755182987
1,0,1,0
6.728744545674702e-16,7.550399166669848,0.00299983914060159,-54.01670903300579
4.936130869128893e-15,3.716277389842077,0.02694218964890044,-35.74354948686491
0.2816030532378171,2.531259094158798,0.05580556258258007,-13.6368320005927
9.682324783204268e-17,4.546873688820831,0.01648945479052505,-11.22508805525265
2.122840267885899,3.495112039014288,0.03077512161200424,-49.87614624914936
0.6654999164423532,0.3767101089551232,0.2696846053627225,-34.1573857254203
0.7774698277429358,0.1359316578221623,0.3561797344098225,-23.17629812252781
0.8633082904229455,0.06684752998573629,0.3979916601021136,-24.63548950111854
0.2296067420428257,3.716398652086873,0.02694023280797841,-19.04171279937921
1.05932301975227,0.01289915016348431,0.454787580760127,-22.8795636684102
1,0,1,0
6.728744545674702e-16,7.253886362715598,0.003537386587859292,-19.4651997466449
3.278219224865488,11.54802351311156,0.0003391065848975527,-66.89347197494956
0.4736399311322044,1.431735859984471,0.115740677048567,-29.80812766254962
1,0,1,0
0.278653121261536,2.586258477626316,0.05389735130311524,-17.43918727078812
0.8879387965026284,0.02885905299420699,0.4325524418994189,-26.24197393816326
0.3120877403266093,2.046961736501302,0.07625513837048237,-20.69796581263839
0.318014138336834,1.977197317561632,0.07984298760805048,-16.16011359170232
9.555848176237971e-17,7.959742353786282,0.002391461104305659,-10.30249192258575
3.17603086687411e-16,8.330245788444415,0.001949519103553565,-13.92877177647912
1.3549286993429,0.4106332908548751,0.2608241234461254,-48.53590249304121
0.28529966978422,2.455169937607721,0.05856924545475939,-29.1178324723601
1.028145822447522e-15,7.253880832531536,0.003537397481512772,-19.12312795546013
1,0,1,0
5.840566125974614e-16,3.712899138386192,0.02699676596273226,-22.32993149981787
0.244877786476087,3.296834629041815,0.03470676211204543,-12.07676333862715
1,0,1,0
0.5188774039036717,1.068033819270241,0.1506949910832753,-22.9269981251419
5.840566125974614e-16,3.71254249755064,0.02700253439650802,-12.52468872196367
9.682324783204268e-17,3.904763390218541,0.02407470358518238,-18.864039671232
3.17603086687411e-16,8.332015581190873,0.001947620787662085,-28.95681015735314
3.17603086687411e-16,7.960024342297501,0.002391088548422127,-12.04104941161881
1,0,1,0
0.8491870503886907,0.0556772850806766,0.4067317201945027,-32.26927751994072
1,0,1,0
2.731941657024047e-16,7.959863629751776,0.002391300870409285,-11.21224330404361
0.6988185003030272,0.429881337494038,0.2560235899522812,-31.16750327582623
0.3241314867688321,1.896285645664015,0.08424733171750703,-20.54714717545577
1,0,1,0
0.5749975002802558,0.7267426879270005,0.1969705260203328,-34.91378785404946
5.840566125974614e-16,6.569430324504815,0.005187257658841482,-10.60341816813045
0.2992237999213971,2.241372207117976,0.06718084834815646,-30.61265448364238
1,0,1,0
3.17603086687411e-16,7.959983528768451,0.002391142466535212,-11.34703816216027
2.731941657024047e-16,6.276976450618712,0.006115830909733333,-13.14993348092983
1,0,1,0
0.5660795983300478,0.7768340067375945,0.1890555826976569,-25.20732616030692
1,0,1,0
2.449231293967717e-15,4.806753625667795,0.01417420066141362,-32.33440932830317
0.4729396172333665,1.438200308803047,0.115215395896251,-32.41251208818716
0.6353283609818128,0.4754366559735033,0.2452483137480711,-17.12157933453153
0.5196912281256668,1.061766454460454,0.1514063216289496,-30.59898364208158
1.045804053105987,0.005815318649467827,0.4696068257098435,-27.09810713785549
1,0,1,0
1.16561155293456,0.08712366380613901,0.3839330863306155,-33.80231506764187
3.17603086687411e-16,7.253807263754847,0.003537542404499605,-11.01590622044104
0.3633643736012147,1.456186822488576,0.1137689065349491,-21.20590348043542
5.840566125974614e-16,6.920810862513505,0.004259916768676986,-31.89582057796419
9.682324783204268e-17,5.4915206176669,0.0095544580851738,-11.42913560018309
0.2663807948618986,2.838271583253977,0.04602158644155535,-28.70683524320462
9.555848176237971e-17,7.078610976649337,0.003900472847806868,-12.74173193922761
0.2882251149709297,2.427667810247392,0.05960506901441248,-23.13517576794567
2.731941657024047e-16,7.959888850833526,0.002391267548839116,-11.56702184816555
1,0,1,0
9.682324783204268e-17,7.722393975752581,0.002727001379300209,-25.83336148639983
0.3429673159668097,1.679339909947799,0.0975060930528921,-36.50039445429916
3.17603086687411e-16,6.276976410273349,0.006115831048975395,-12.45399157273663
5.840566125974614e-16,8.157224845402553,0.002144497546549995,-41.84159764749353
1,0,1,0
9.682324783204268e-17,3.708541935679591,0.02706733044106835,-24.65082826594766
0.2813414955030937,2.53611903097336,0.05563398889462962,-21.86531931084985
9.555848176237971e-17,7.722393975913711,0.002727001379056793,-14.79344465482094
0.3844854545309305,1.273757605813444,0.1295314687698662,-37.48720627458118
1.028145822447522e-15,6.024952881103687,0.007052504146173311,-38.3221824937037
3.17603086687411e-16,8.664578889505471,0.001622274868808504,-13.5951510640875
0.3977145437110922,1.314982557286832,0.125747256973139,-14.88691627365571
1.028145822447522e-15,3.712733646302908,0.02699944252727993,-41.20640905128786
9.555848176237971e-17,7.544518125559179,0.003009645872428413,-12.75337874968828
1,0,1,0
1.522854301560554,0.7594806507418213,0.1917455502950795,-36.7199405111074
1.835402186621588,1.801125915435819,0.08978821841971973,-56.06323606362973
1,0,1,0
1.450447592734328,0.7181073839242913,0.1983827120616651,-47.75446573410378
1,0,1,0
1,0,1,0
1,0,1,0
1.857627784885074,1.840225361713351,0.08746226792181688,-54.64408561342454
3.17603086687411e-16,8.305842059072983,0.001975887810658661,-11.80399341512003
2.731941657024047e-16,7.078624181066802,0.003900444105421119,-7.691718447330349
0.2920472305852941,2.364255586179389,0.06207155999245412,-9.672834512404563
1,0,1,0
0.2819676080566744,2.529680044397566,0.05586143415153544,-44.78300271528485
2.731941657024047e-16,8.305846557474354,0.001975882916757377,-16.95084349690393
0.312334194331317,2.062614813646007,0.07547547411042549,-24.61672824519259
5.840566125974614e-16,8.454765321791143,0.00182044112545765,-28.07201999350968
0.3505081186921783,1.60059577481104,0.1029094006295017,-26.88757077105108
0.2580557897790237,3.002087075075416,0.04157866463231996,-18.42739207027033
1,0,1,0
1.79617259750159,1.953107828110689,0.08112617299714853,-51.24358355580497
0.2438184077312505,3.330675988505973,0.03399946065334136,-26.42155803745359
1.814047651730889,2.014852440663418,0.0778832066056418,-59.36336971743503
1,0,1,0
2.697716692271333,6.456319227591194,0.005527921372618316,-57.36386718737202
1.887193672246417,2.249830187633933,0.06681453298351453,-59.4010695713577
1,0,1,0
9.682324783204268e-17,6.154098362164515,0.00655539677842587,-10.85016359482087
5.840566125974614e-16,6.153979921298564,0.006555835782849795,-17.52684808749977
0.2352747900462992,3.555834240528949,0.02966823718339462,-13.77111908277587
1.583604044290619,1.06556407474676,0.1509747851599479,-64.24383385327448
5.840566125974614e-16,3.854304312053102,0.02480925007849072,-20.05238489927384
3.17603086687411e-16,6.978188198621886,0.004125454900224645,-11.60396348650228
1,0,1,0
2.804502661847769e-15,3.902520542024732,0.02410686091032688,-35.91624100790989
0.6511865188317313,0.425648562882337,0.2570659468039401,-17.72245892565403
0.8834147003750296,0.04745452462456967,0.4137766570823547,-58.068013346279
0.5559117158431578,0.4172752621762754,0.2591498880928158,-27.46061409774694
0.2955318707701258,2.290193691851531,0.06509683744303585,-14.94670719634585
0.6837903609068748,0.3267565957438165,0.2837875962024007,-19.59021225346532
9.682324783204268e-17,6.562899854866011,0.00520632737453075,-19.5854858267323
6.728744545674702e-16,5.491503813674392,0.009554549914171928,-18.62137986230801
0.2887172055712388,2.419204137888705,0.05992790464402648,-19.52536555534023
0.5426950781235436,0.9146894154107557,0.1694366164355086,-25.06932968850117
0.5615097374628595,0.3786398163413907,0.2691660420165681,-30.23992497079734
6.728744545674702e-16,6.977958592009607,0.004125984231201307,-22.3462101871874
0.2810284858095137,2.538422228493033,0.0555528803524768,-41.94246697735196
0.2954606332326228,2.296517018495948,0.06483223450390918,-14.76129844589191
1,0,1,0
3.17603086687411e-16,6.920454069048191,0.004260766786093051,-12.02075765417877
1,0,1,0
0.2850596669276396,2.462828130640109,0.05828436480120097,-12.15053712854075
0.262636754005133,2.900153871493089,0.04428554876707358,-32.43646198889979
1.309039070951759,0.1914543569422591,0.3308544577508719,-43.91734794186146
3.17603086687411e-16,6.15394568704599,0.006555962678706839,-17.17614355750649
9.555848176237971e-17,7.959982652524346,0.002391143624141112,-11.33927495033382
9.555848176237971e-17,6.568472097622756,0.005190051301004306,-9.37375918107632
5.840566125974614e-16,3.902790587298277,0.02410298667808464,-19.23523126899524
1,0,1,0
0.3120773447342075,2.047093164825384,0.07624855420338811,-13.58900383362566
1,0,1,0
5.840566125974614e-16,8.662955853161378,0.001623720447566757,-24.04826849810022
9.682324783204268e-17,7.078624204429708,0.003900444054566687,-18.83194436042088
9.555848176237971e-17,7.157962277469473,0.003731596721543273,-10.91099040906714
9.682324783204268e-17,7.157789259911823,0.003731956690620652,-23.04661692427345
5.840566125974614e-16,6.920588986822288,0.004260445340356467,-30.42355615589698
1.417307232563544,0.6368264636368792,0.2124311612203241,-66.55137568779098
3.17603086687411e-16,6.740665600224109,0.004711972891866478,-15.93253683323521
0.5203033110591986,1.057483756580268,0.1518948920630888,-20.10109850475645
9.555848176237971e-17,6.568970692650208,0.005188597490287439,-9.26148630181329
1,0,1,0
3.17603086687411e-16,4.544896976876672,0.0165085044750794,-4.95403900516196
1.591915826248766,0.9112948317867904,0.1698855475430262,-65.02824554260268
1.323917719293636,0.2796658147520645,0.2984601686355614,-35.48787951270721
2.759205416728383,3.712827402817624,0.02699792613404245,-72.09747039912169
1,0,1,0
0.5399165049675947,0.9338562080648529,0.1669314462785786,-23.3383877146304
1,0,1,0
1.983693944482885,2.192192759310572,0.06935585941489503,-50.61792091989626
0.7137741029199532,0.2516995527605985,0.3079404522227246,-22.29695654242589
9.555848176237971e-17,8.329973764553449,0.001949811048795658,-7.453853375702271
0.5126551551773936,1.109583790721587,0.1460862205689674,-18.58115547741284
0.9361777562836104,0.01314862410556827,0.4543543573964562,-44.06867903533946
0.2916585382973899,2.360483294289558,0.06222181522310266,-23.66765536681501
9.682324783204268e-17,7.078613862666572,0.00390046656572246,-29.81549896718126
4.730343101349462e-16,6.025693921788239,0.00704954375164818,-11.96530525459898
1,0,1,0
1,0,1,0
9.682324783204268e-17,7.813771217602365,0.002592479517121826,-34.139065295976
1,0,1,0
5.840566125974614e-16,4.544763700685291,0.016509789692008,-10.87014238970141
0.4397015658376554,0.8922911011806178,0.1724285978026314,-13.70790244233247
0.8317609020746896,0.1056705970366352,0.3725639931424737,-37.01259596603462
1.028145822447522e-15,7.078602968650998,0.003900490279122648,-36.61228993220303
0.3120020102365785,2.048121799470991,0.07619704491363433,-18.5751012264576
1.028145822447522e-15,6.920588962676575,0.004260445397882118,-41.49463187509606
9.555848176237971e-17,6.978113757862413,0.004125626507008762,-10.56550687096175
0.6292758893027639,0.4943782507135666,0.2409903702415432,-26.95880031345126
3.17603086687411e-16,8.329701497727257,0.001950103299301897,-13.39416469198958
1.004467141548061,5.82072261323674e-05,0.496956352842349,-47.68567912675221
3.17603086687411e-16,7.810978031272835,0.002596489595847018,-10.9014751828539
3.024089149260345,8.557073999861188,0.001720910813127641,-73.68090140802619
0.2686815131064044,2.779261722531686,0.04774608907151179,-34.46127959713
1.085207754702601,0.02591890107656525,0.436049267356772,-35.82072634628924
3.17603086687411e-16,8.156729498289913,0.002145083360887479,-12.63652502511408
6.034431132609867,37.63052300967846,4.274805509574264e-10,-115.6188958692488
0.6190630803673939,0.5364313177671818,0.2319577393913364,-36.2829555184783
0.2910133049140171,2.386768260492506,0.06118318130019235,-15.14609311596575
1,0,1,0
0.2654877506210896,2.846768733930396,0.04577889364790083,-18.02939248155543
0.5091187873982344,1.132844814830747,0.1435846736647712,-18.84546194273065
1,0,1,0
1.028145822447522e-15,6.38146076847481,0.005765924042643256,-35.48148631366662
9.555848176237971e-17,5.491520617655144,0.009554458085238027,-11.27624637639253
1,0,1,0
3.17603086687411e-16,6.74066134252076,0.004711984137596992,-14.79984765977731
1,0,1,0
0.2818008982928778,2.528173915571699,0.05591478293896585,-42.53362567327843
1,0,1,0
0.2883063005426885,2.426335035946352,0.05965577801141492,-47.06457307164567
3.17603086687411e-16,8.305434079600214,0.00197633171101258,-11.3979259685781
1,0,1,0
0.4928758908381474,1.260160710814553,0.1308103362394418,-21.42401022826613
3.17603086687411e-16,6.276976437218824,0.006115830955979729,-12.80227697343804
1.028145822447522e-15,3.901272271800586,0.02412477788940537,-25.86337454963292
3.17603086687411e-16,6.382425946675681,0.005762789387885214,-17.00148047095353
1.169287837646537,0.09061545854882525,0.381698090431181,-38.20157742993022
2.731941657024047e-16,8.455506637708552,0.001819699279643594,-18.41437253750087
5.840566125974614e-16,6.740657187036355,0.004711995113366452,-11.2459331900784
2.731941657024047e-16,8.661809052661255,0.001624742649797672,-23.64315196941755
9.555848176237971e-17,6.978106786372607,0.004125642578617861,-10.5068536958462
6.728744545674702e-16,3.712131978642468,0.02700917588977997,-12.45103757266197
0.3120881856074215,2.046948937615024,0.07625577959093033,-14.28353289306132
5.840566125974614e-16,7.722393954475542,0.002727001411438168,-21.03628067267493
2.731941657024047e-16,6.920810862513655,0.004259916768676653,-12.33079436828323
5.840566125974614e-16,7.795424972348954,0.002618934472785051,-26.89509432343168
5.840566125974614e-16,8.664963021988896,0.001621932927590053,-19.43206196140277
9.682324783204268e-17,5.49152088185312,0.009554456641479192,-18.28650074907843
5.840566125974614e-16,6.154245562426318,0.006554851218606328,-12.11896095207916
1,0,1,0
0.2446755542684865,3.301710147173559,0.03460389795630725,-10.6767231689898
3.000751784933265,5.969363540432326,0.007278266897334351,-46.47838221599265
1.200733881239637,0.1540517848701484,0.3473465066835965,-38.70123313054096
0.22975945809863,3.711633722231895,0.02701723915076409,-25.47944360405191
0.6104205507404079,0.5659350135935455,0.2259393852163313,-34.09082562425947
0.2352497333222752,3.556521396721699,0.02965595630014423,-20.10931900466472
3.17603086687411e-16,5.174524628711715,0.01146022109095191,-11.09700333691973
1,0,1,0
0.1934268515286247,4.986495177795693,0.01277295006869827,-13.33791962208466
2.287852447174094e-16,7.811699012387187,0.002595453903840972,-31.30691054224726
3.17603086687411e-16,5.173300257720747,0.01146830055889475,-12.70806993112288
1,0,1,0
1,0,1,0
0.300111972857856,2.243657415387887,0.06708165504517211,-25.03117283559057
1,0,1,0
0.2312968456657028,3.679581854051364,0.02754133127078701,-26.8271614974648
0.6016133284727079,0.606847579663075,0.2179886135410155,-23.54332585834965
3.17603086687411e-16,7.253871752851687,0.003537415367227958,-11.48269406092643
0.8818267800622497,0.0483722653394949,0.4129601264579004,-47.4427379950473
1,0,1,0
1.070851627485456,0.01789923856667031,0.4467850940334114,-35.54342331994722
3.17603086687411e-16,7.253826444545478,0.003537504619713749,-10.79493463478913
0.6298713235133621,0.4918707501358952,0.2415469952203307,-21.82619412827957
2.287852447174094e-16,6.740679475379466,0.00471193624407007,-18.92703906425626
1,0,1,0
1,0,1,0
3.17603086687411e-16,8.306120897873914,0.001975584479630976,-11.79757534091051
1,0,1,0
0.3122008269104441,2.045359441937705,0.07633546036355826,-23.36673711007304
0.8773485706093209,0.0529604734415372,0.40899482270325,-29.67992417982806
1,0,1,0
0.2499000122390809,3.180993597541494,0.0372497076654269,-21.92968175830453
2.287852447174094e-16,6.5684953796193,0.005189983405721021,-16.15462669664176
5.840566125974614e-16,6.920635435306799,0.004260334681159494,-24.58565170391489
1.028145822447522e-15,6.147516855210689,0.006579837201334593,-21.10384783986036
5.840566125974614e-16,4.54482076535205,0.01650923938981375,-11.42946706770289
6.728744545674702e-16,6.97802241808072,0.00412583708074632,-16.77290039931069
0.2814441481252232,2.534547309724807,0.05568941284764473,-18.42533100195656
0.2850991308490749,2.462189085711923,0.0583080783000825,-13.29483078744493
0.4957227346017254,1.246155265373488,0.1321440366411632,-28.39674647430572
0.3120769643285651,2.047104441660181,0.07624798929759435,-19.59928924764757
0.2954417967078498,2.296973835105426,0.06481316525463954,-13.62365307124352
5.840566125974614e-16,5.491503813916069,0.009554549912851207,-24.24261474011842
3.17603086687411e-16,8.638799044833831,0.00164539143647674,-16.91847288626719
0.2579285238051995,3.004914633746161,0.04150617498882508,-17.87746722608967
9.682324783204268e-17,7.253753062659463,0.003537649179010338,-16.7928544685164
9.555848176237971e-17,6.920810868684498,0.004259916753976856,-13.55602586875836
3.17603086687411e-16,7.814532142527732,0.002591388178593501,-11.93989292302554
9.555848176237971e-17,5.491520617675764,0.009554458085125339,-11.62182163698398
1.146521615782129,0.06997300210531421,0.3956880465255163,-54.70759799724104
0.3028992378373039,2.174101538507522,0.07017573098839758,-27.63630534374287
1,0,1,0
1.334808494180356,0.3700208547550403,0.2714964503840483,-37.67885530924547
3.17603086687411e-16,6.740679450814792,0.004711936308951337,-12.92563323466507
2.449231293967717e-15,3.712887249010734,0.02699695824461723,-51.34704604942745
9.555848176237971e-17,6.568742921957339,0.005189261575613502,-4.166235608946271
2.657105930956856,3.475139693202777,0.03114873095919657,-64.6483140671376
9.555848176237971e-17,7.548348663105186,0.00300325468110002,-5.454103644560177
9.682324783204268e-17,6.591200545666119,0.005124201841738341,-21.02985773725935
0.2448592612434177,3.305027361273574,0.03453409758589432,-40.29118186209345
3.17603086687411e-16,9.995920821947511,0.0007844368007089431,-4.058922434126995
5.840566125974614e-16,5.689562540978983,0.008533054202266244,-24.45659703281373
2.731941657024047e-16,6.778225650132789,0.004613828743004589,-4.589753064205282
0.2896247586273726,2.392220607125864,0.06097015230887226,-27.99263817469374
9.555848176237971e-17,6.722962174601395,0.0047589707916873,-5.926480789150673
0.2712121908350561,2.719654322117911,0.04955973968289407,-14.33433254896881
0.3118776024451227,2.04331091985615,0.07643829110699718,-12.09763633396995
0.4526174026048206,0.821030191123171,0.1824395671615348,-26.36902887108861
2.731941657024047e-16,6.547771228507168,0.005250781339311061,-5.614408426858666
9.555848176237971e-17,7.587047978611466,0.002939456902371573,-4.745376418671976
3.17603086687411e-16,8.417020912096429,0.001858621879636535,-10.77025168646827
0.2525731411869954,3.111237414503872,0.03887693347547239,-13.74316412103329
3.17603086687411e-16,5.971724451240206,0.007268528991309864,-13.16215813746872
0.4776043226561922,1.395691536682506,0.1187231409779005,-23.60841499525268
4.004733053112191e-17,7.501556160633893,0.003082285206884972,-5.445263956178263
3.17603086687411e-16,7.62948229558582,0.00287108913566636,-13.79440128768783
3.17603086687411e-16,7.501559757998002,0.003082279050211523,-29.50335004404633
5.840566125974614e-16,8.417020455930121,0.001858622345964289,-21.88219218346126
3.17603086687411e-16,5.978557647995665,0.007240420028447214,-5.542957176108883
9.555848176237971e-17,7.881022963983383,0.002497810718249782,-3.87727551924471
5.114956077737342e-17,7.333865073147397,0.00338336953686813,-10.51413239646982
2.731941657024047e-16,6.778144110588556,0.004614039522082003,-10.87770241377796
5.114956077737342e-17,8.417020517002596,0.001858622283531397,-5.765901021725301
0.5230785089622474,0.5232513497589935,0.2347290172729454,-12.96206627114323
6.728744545674702e-16,7.334281801303767,0.003382585229171509,-16.34816134518156
6.728744545674702e-16,8.068296838303844,0.002252321905617083,-26.39402398683666
3.17603086687411e-16,9.982703008715841,0.0007900877491519021,-4.058922434126995
1.483954192564994,0.6632447732029334,0.2077083741060481,-48.86938489461873
9.555848176237971e-17,7.725482699105214,0.002722340070873741,-6.796793301016173
2.287852447174094e-16,8.417020501848242,0.001858622299023283,-17.93665786983236
2.804502661847769e-15,3.826621156277996,0.02522226332398997,-4.547588191798568
6.728744545674702e-16,5.334314931174291,0.01045477829409491,-29.40018886171814
3.17603086687411e-16,8.41702051234871,0.001858622288288925,-12.05487057597613
3.17603086687411e-16,5.978557647995665,0.007240420028447214,-5.542957176108883
5.840566125974614e-16,7.933628312958334,0.002426219870627633,-28.28402980844726
0.2867232503156626,2.445861527443974,0.05891758678964742,-21.79336018991819
0.4533056596173028,0.8162702627598009,0.1831364575377876,-24.21114873658619
2.731941657024047e-16,6.778225650132789,0.004613828743004589,-4.589753064205282
5.840566125974614e-16,5.85362331605003,0.00777250656761258,-5.977561441660514
6.728744545674702e-16,7.328038114305393,0.003394355702356411,-24.23301405487035
3.17603086687411e-16,8.096544203255451,0.002217486839259375,-15.50835317035993
0.5549655443927969,0.8416288194990642,0.1794656714320336,-36.82153466206275
9.555848176237971e-17,8.067061369386655,0.002253858160713218,-5.289462234381607
9.682324783204268e-17,4.414792889670665,0.01781430175812831,-17.34215137581651
4.004733053112191e-17,7.501556160633893,0.003082285206884972,-5.445263956178263
9.682324783204268e-17,7.501556160677239,0.003082285206810753,-20.77133015403666
5.114956077737342e-17,7.732032542280322,0.00271248231658977,-4.897047380868573
2.287852447174094e-16,6.097447139291887,0.006768865714927019,-8.123634538208066
9.555848176237971e-17,6.380383467237639,0.005769424911815368,-4.137272460360207
9.555848176237971e-17,8.213635042901549,0.002078838893165458,-5.305316904176764
3.17603086687411e-16,6.54777122850696,0.005250781339311672,-10.39368997335424
1.843763237323921e-16,4.414945689135335,0.01781270637023286,-4.925783609995909
0.2656574742795258,2.839398022384977,0.04598933325671078,-23.14942109492553
4.004733053112191e-17,7.501556160633893,0.003082285206884972,-5.445263956178263
9.682324783204268e-17,6.233281760870113,0.006268558895804244,-19.07032679626706
0.5214818057980904,1.051034876124596,0.1526344330080047,-25.13568223155019
9.555848176237971e-17,4.414831272856546,0.01781390098304281,-10.99413756811725
9.555848176237971e-17,6.199600584577439,0.006388957246831195,-13.32213934066302
0.3075289504605302,2.120230898803506,0.07268231376252471,-12.76625603716417
6.728744545674702e-16,8.41415749036782,0.001861551431520114,-26.83300548687265
9.682324783204268e-17,6.374648995661445,0.005788096782926799,-19.43384256823007
5.840566125974614e-16,3.610013550021002,0.02871632584213052,-22.49079617032215
3.17603086687411e-16,6.777977505038223,0.004614470226773137,-16.32673756607128
0.6668190649610792,0.3651745164849984,0.2728231959053279,-62.46346985243498
0.5292756382445997,0.4881506966015294,0.2423766990439307,-26.67303637174536
5.840566125974614e-16,5.436339824933718,0.009860977693582684,-11.00991212512914
0.5499566100842834,0.8742631481265732,0.1748888932326944,-20.11346502019595
0.3560430027275695,1.518060175943216,0.1089566413435231,-12.40466107408664
9.555848176237971e-17,5.741942711002743,0.008282230690594583,-15.29551334950386
9.555848176237971e-17,5.942281868160222,0.007390934463455401,-15.77316728229156
0.3094771670451814,2.076988723637378,0.07476746089636038,-20.15958670369946
3.17603086687411e-16,5.593159651307765,0.009015371775542569,-10.08529567577927
3.17603086687411e-16,5.244704681905286,0.01100683226554938,-5.382062930406285
1.843763237323921e-16,6.099046520859204,0.006762742038991632,-5.232449092375012
2.449231293967717e-15,3.867320195535164,0.0246175373404966,-19.32349910159726
0.3668123361096545,1.418560763621699,0.1168202198416912,-16.12491412429613
5.114956077737342e-17,6.430446303999773,0.005609019347159183,-4.323500280054106
9.555848176237971e-17,5.592930011699796,0.009016553696581275,-8.985213741823642
9.555848176237971e-17,6.430407983663265,0.005609140362369758,-11.4913112539008
9.682324783204268e-17,5.244663904647052,0.01100709023583962,-12.26510718993825
0.4535090154756632,0.8159700877765665,0.1831805291833843,-15.66987492548949
9.555848176237971e-17,6.43037006115911,0.005609260123867699,-10.79871997614129
0.3305725730376752,1.80559559270344,0.08951874223433481,-41.90235833802143
9.555848176237971e-17,6.430293462978671,0.005609502033428415,-10.10288037203217
6.728744545674702e-16,7.379186285443822,0.003299150884073787,-22.83301012836447
3.17603086687411e-16,6.652733411438323,0.004950191395200809,-4.610334466900255
0.3666490956953702,1.421038781885244,0.1166162502029247,-19.09417970382914
2.287852447174094e-16,3.874336185826952,0.02451484741886717,-5.951547900251139
0.2934789923869425,2.320414960039848,0.06384297989901866,-13.75833815154786
0.7791601798603516,0.1336582099814763,0.3573344157904935,-32.35938965990366
9.555848176237971e-17,6.431285338351497,0.005606370357136792,-5.470331067278728
0.356048029694754,1.517710508543985,0.1089831453249014,-41.43661072919697
2.731941657024047e-16,4.677558200921956,0.01527957822464404,-6.706836877690756
5.840566125974614e-16,6.030123344640302,0.007031875227326123,-13.48045094566472
9.555848176237971e-17,6.424819568738814,0.005626817234712422,-6.962375886503671
9.555848176237971e-17,6.779908258039196,0.004609481415429717,-10.74251684697128
0.7003336617916135,0.2807737268314696,0.2980972683682773,-41.08596740492174
4.004733053112191e-17,5.593274083905433,0.009014782867633853,-4.016205963390814
0.287774494577985,2.409231983070192,0.06031076561678078,-12.26994837612264
5.114956077737342e-17,6.779914091973321,0.004609466349685731,-4.751232259402601
0.3733802277524177,1.369147199247458,0.1209792303846233,-20.64976617316726
2.804502661847769e-15,3.357985824476355,0.03343991102931859,-4.547588191798568
5.840566125974614e-16,4.469608520009317,0.01725144802974793,-8.980307413712529
4.004733053112191e-17,4.677575267335364,0.01527942641770447,-5.013873448891804
3.17603086687411e-16,5.942240916987956,0.007391106185031582,-15.36590943783072
9.682324783204268e-17,6.579321513359474,0.005158510540702599,-26.5565151412669
9.555848176237971e-17,6.431285338351497,0.005606370357136792,-5.470331067278728
3.17603086687411e-16,5.349510404476684,0.01036404517130263,-5.930006974649776
0.7513197670665549,0.1775836267370252,0.3367290551508364,-25.59082467053764
9.555848176237971e-17,6.030123344675193,0.007031875227187123,-5.448757850987777
6.728744545674702e-16,6.579327748846197,0.005158492469894249,-37.89765833532947
2.804502661847769e-15,3.164364573713385,0.03763085918487102,-39.40936789766047
5.840566125974614e-16,6.430957917623942,0.005607403933480359,-22.00698211062739
3.17603086687411e-16,5.942541070777235,0.00738984763791134,-10.55191973955902
5.840566125974614e-16,3.872142612782223,0.02454690507666329,-11.98021883417995
2.731941657024047e-16,6.098512831891533,0.006764784781587763,-15.51205564906662
4.004733053112191e-17,5.741927622951856,0.00828230183466161,-4.973994900841871
4.730343101349462e-16,5.436341935786199,0.00986096577572515,-5.019665314979922
5.114956077737342e-17,6.779914091973321,0.004609466349685731,-4.751232259402601
5.840566125974614e-16,3.146135191239342,0.03805351247135008,-13.67655165462126
2.804502661847769e-15,5.741949875763908,0.008282196907110961,-32.40708046089313
0.2934745297430765,2.320449870684008,0.06384154712408885,-26.88685588184147
2.731941657024047e-16,4.408027030776786,0.01788509456430837,-5.337147915643718
0.309670354627534,2.07114808987324,0.07505424210151462,-15.19973319640841
3.17603086687411e-16,8.754519292703691,0.001544178839282706,-4.058922434126995
0.3287018529703137,1.831150751960259,0.08799584246326997,-8.711674075660842
3.17603086687411e-16,5.593197742821285,0.009015175739634118,-10.49013776228335
0.631858221826874,0.2439134648968206,0.3106968913333491,-28.78109487026296
2.731941657024047e-16,5.237988202821672,0.0110494074647704,-7.075026359205236
5.114956077737342e-17,6.430446303999773,0.005609019347159183,-4.323500280054106
0.3499512910178881,1.589471198065077,0.1037008505963923,-8.023374325262454
3.17603086687411e-16,5.741927623011374,0.008282301834381001,-12.72317656309674
0.7071148497552086,0.264778291578061,0.3034281227227341,-18.3639938347869
0.3483724075813961,1.606175267154597,0.1025151380889249,-21.34348452152549
4.004733053112191e-17,3.872180185214244,0.02454635560729362,-4.804717113026516
3.17603086687411e-16,3.164261650180782,0.03763323128581836,-7.720869398848335
5.840566125974614e-16,6.584953117914587,0.005142216230051178,-21.67692922738869
5.114956077737342e-17,6.430446303999773,0.005609019347159183,-4.323500280054106
1.843763237323921e-16,5.942533415939756,0.007389879731961091,-4.44393794273931
3.17603086687411e-16,6.579327748772894,0.005158492470106635,-5.73007231565416
9.555848176237971e-17,6.431093821315052,0.005606974899520167,-10.49140994768501
9.555848176237971e-17,6.773364248798213,0.004626412675662495,-6.650978179552201
3.17603086687411e-16,8.754519292703691,0.001544178839282706,-4.058922434126995
9.555848176237971e-17,7.381377080122132,0.00329513447904245,-11.27553867143885
1.843763237323921e-16,5.942533415939756,0.007389879731961091,-4.44393794273931
5.840566125974614e-16,7.381376579499985,0.003295135396267357,-29.5736641769137
9.555848176237971e-17,6.178213852088085,0.006466638512741818,-7.200539102074963
5.840566125974614e-16,5.244458439552886,0.01100839017059624,-17.53014260503693
4.004733053112191e-17,5.593274083905433,0.009014782867633853,-4.016205963390814
1.843763237323921e-16,6.909347487437522,0.004287313858531039,-3.834367260594902
4.004733053112191e-17,4.677575267335364,0.01527942641770447,-5.013873448891804
3.17603086687411e-16,6.099167286295692,0.006762279886428024,-5.439231583725661
0.3560276966942961,1.518149405945131,0.1089498791463426,-19.68337678903144
5.114956077737342e-17,6.180770062870955,0.006457302944469556,-5.300793181925362
0.2936173499514844,2.318150715227432,0.06393598371781717,-19.02929430236296
1.843763237323921e-16,5.942533415939756,0.007389879731961091,-4.44393794273931
9.682324783204268e-17,6.579327748988725,0.005158492469481191,-18.92982876829413
3.17603086687411e-16,6.180815211754187,0.006457138180241573,-5.507575673276012
0.2874129010988902,2.415420122560352,0.06007286661439765,-12.55635497215128
5.840566125974614e-16,7.074461454499058,0.003909515952950804,-11.59805614415901
9.682324783204268e-17,4.41000228520592,0.01786439663005102,-15.99587589541248
9.682324783204268e-17,5.436339841620615,0.009860977599368548,-11.01028070776101
2.731941657024047e-16,6.654152896543184,0.004946249447362272,-15.05937522896525
0.3350110367734957,1.746325779477765,0.09316965031900781,-13.58645575511665
3.17603086687411e-16,7.074596614792242,0.003909221058929435,-11.1951290459116
3.17603086687411e-16,5.741949901332404,0.008282196786549956,-12.40442316275559
5.840566125974614e-16,4.677575003134347,0.01527942876777899,-11.78925889858759
0.6224613326158202,0.5176370019312344,0.2359257069975494,-43.07803728074673
3.17603086687411e-16,6.091829103198897,0.006790421159366844,-17.94067023243053
0.8949535900113251,0.03742194484043893,0.4233042494520122,-27.61174698280063
0.990797604620086,0.0002537642415632035,0.4936451264929079,-33.11074128561341
4.004733053112191e-17,4.677575267335364,0.01527942641770447,-5.013873448891804
3.17603086687411e-16,6.657562631902557,0.004936793661044103,-11.09016594590461
0.2963726442552543,2.283615434112619,0.06537338663765024,-23.58483218623704
9.555848176237971e-17,6.424750354372458,0.005627036526663354,-6.451571370016164
0.3032934628867797,2.174446052996309,0.07016001676615602,-23.81358190868215
2.287852447174094e-16,3.053822242846447,0.04027368625348854,-10.68154712923532
3.17603086687411e-16,5.942568343773861,0.007389733292964829,-10.84069532574907
3.17603086687411e-16,5.935915157355211,0.007417681540821175,-12.62233341100526
9.682324783204268e-17,5.768354521066705,0.008158653061385968,-27.68649259216509
9.555848176237971e-17,5.244252765134163,0.0110096915889682,-15.95868242821705
0.5145343282145268,0.5492824433328281,0.2293055178630626,-25.58702744938305
9.555848176237971e-17,5.436169435086246,0.009861939762525584,-13.1332963501666
0.3563655796122699,1.512276612941989,0.1093960119523793,-33.33089381818262
3.17603086687411e-16,7.102172178117751,0.003849529580665756,-15.9393845913531
4.730343101349462e-16,6.030123344675182,0.007031875227187179,-11.04117727547418
0.3314175679466025,1.806510257990247,0.08946371247258955,-28.93170928143009
1.028145822447522e-15,3.164583112150027,0.03762582301485173,-32.03418702968003
0.3560019385961191,1.518850219353475,0.1088967861709346,-18.51416942996965
5.840566125974614e-16,4.414477036353674,0.01781760007450905,-23.55382409136683
5.840566125974614e-16,7.350701122662876,0.003351830393914623,-29.92248509406458
4.004733053112191e-17,4.677575267335364,0.01527942641770447,-5.013873448891804
4.004733053112191e-17,5.593274083905433,0.009014782867633853,-4.016205963390814
2.731941657024047e-16,6.779546977596681,0.004610414496230675,-15.71730360873439
2.804502661847769e-15,3.357985824476355,0.03343991102931859,-4.547588191798568
5.840566125974614e-16,5.43618817701708,0.009861833935569331,-15.29353393867995
5.840566125974614e-16,3.164148218444833,0.03763584575770212,-13.74211313428826
2.804502661847769e-15,3.357985824476355,0.03343991102931859,-4.547588191798568
4.730343101349462e-16,5.436341935786199,0.00986096577572515,-5.019665314979922
9.682324783204268e-17,5.130289657482983,0.01175590182349601,-20.88118516892504
5.114956077737342e-17,5.244587440045541,0.01100757399283359,-5.175280439055635
0.3031023238358238,2.177329234932493,0.07002866195543167,-16.34045823265076
0.2878690273123586,2.407615846684621,0.06037306862726172,-12.58819965363584
2.731941657024047e-16,4.408027030776786,0.01788509456430837,-5.337147915643718
0.322694635990513,1.906590537710152,0.0836712398154843,-21.95889001995008
1.15878919599196,0.06093282867228567,0.4025137977869635,-27.23122504144362
0.6011145817390403,0.3053136057622652,0.2902851420996586,-20.6996783605848
3.17603086687411e-16,5.349510285320083,0.01036404587959039,-11.81185679905352
5.114956077737342e-17,6.180770062870955,0.006457302944469556,-5.300793181925362
0.3305543079518101,1.805520319445847,0.08952327270305638,-16.46068637858845
1.241208097066944,0.1707073110535831,0.3397419807897389,-31.4833349430186
5.840566125974614e-16,3.307868048416289,0.03447444397751898,-8.929303354391328
5.840566125974614e-16,3.307868048416289,0.03447444397751898,-8.929303354391328
5.840566125974614e-16,7.364343051562614,0.003326495122539574,-20.10036665625548
3.17603086687411e-16,5.244704681905286,0.01100683226554938,-5.382062930406285
9.555848176237971e-17,5.433920792611307,0.009874645324707887,-7.007631448062238
0.4566832262812672,1.592901285866496,0.1034560551806774,-20.21311604319547
2.804502661847769e-15,3.357985824476355,0.03343991102931859,-4.547588191798568
9.682324783204268e-17,6.579327748827993,0.005158492469946985,-45.33619720289626
3.17603086687411e-16,6.180815211754187,0.006457138180241573,-5.507575673276012
4.004733053112191e-17,3.872180185214244,0.02454635560729362,-4.804717113026516
2.804502661847769e-15,5.591076711391437,0.009026098216254275,-62.06730607483184
9.555848176237971e-17,7.366457642479624,0.003322585526225774,-20.64013631406749
3.17603086687411e-16,5.931838088181895,0.007434861972196394,-4.648638890927868
2.731941657024047e-16,5.426465162185977,0.009916893286040451,-5.017405350247529
0.2863849010989312,2.439309513690652,0.05916415082295345,-23.90242671094419
3.17603086687411e-16,6.169614480997481,0.006498146343868416,-5.50549413011392
3.17603086687411e-16,5.931838088181895,0.007434861972196394,-4.648638890927868
3.17603086687411e-16,5.406902077447738,0.01002864014273613,-5.012929336644733
3.17603086687411e-16,6.147435350667063,0.006580140454952588,-5.501371233312431
3.17603086687411e-16,5.397170153235797,0.01008471438837744,-5.01070251775525