dN/dS,LRT,p-value,Log(L)
1,0,1,0
1,0,1,0
1,0,1,0
1,0,1,0
1,0,1,0
1,0,1,0
1,0,1,0
1,0,1,0
1,0,1,0
1,0,1,0
6.928333065475437,2.150034982181634,0.07128332063995996,-9.851748003232714
1,0,1,0
1.038263951005382e-15,0.2972555162549178,0.2928040515758071,-11.09620636007443
5.64667360488876e-15,0.6244320198465871,0.2147025360137582,-17.71310222696932
1,0,1,0
1,0,1,0
1,0,1,0
1,0,1,0
3.759871144295334,1.176822157191346,0.1390019460138817,-17.93911159316936
1,0,1,0
1,0,1,0
3.168342731732699,0.9324152272787884,0.1671180576346647,-15.9661901979613
1,0,1,0
1,0,1,0
2.589850155268904,0.6727572742376573,0.2060459721889532,-9.941293427623727
1,0,1,0
1,0,1,0
1,0,1,0
5.64667360488876e-15,0.2971763727499912,0.2928290101445177,-11.22712768162544
1,0,1,0
1,0,1,0
1,0,1,0
1.038263951005382e-15,0.6264256501799039,0.2143347240762911,-18.38473079652898
1,0,1,0
1.038263951005382e-15,0.7032947926881583,0.2008394029750257,-10.85797409120811
1,0,1,0
1,0,1,0
1,0,1,0
4.936130869128893e-15,0.7764917208389868,0.1891081242154478,-11.28759331865199
1,0,1,0
1,0,1,0
1,0,1,0
4.936130869128893e-15,0.6108385209228366,0.2172361334175889,-9.153803296240685
1,0,1,0
1,0,1,0
1,0,1,0
1,0,1,0
1,0,1,0
5.317346546097175,1.708502883469993,0.09558986452228213,-10.5571924451645
1,0,1,0
1,0,1,0
1,0,1,0
2.804502661847769e-15,0.6301766287003687,0.2136452663945534,-9.552221360659043
1,0,1,0
1.038263951005382e-15,0.7032947946120593,0.2008394026530851,-9.786477352324487
1,0,1,0
1,0,1,0
1,0,1,0
1,0,1,0
1,0,1,0
1,0,1,0
1,0,1,0
1,0,1,0
1,0,1,0
1,0,1,0
1,0,1,0
1,0,1,0
1,0,1,0
1,0,1,0
4.936130869128893e-15,0.7789377700655535,0.1887331022408805,-10.373605502699
1,0,1,0
3.219445067278369,0.9558618651497213,0.1641158423816063,-16.87700178583018
2.269969926313108e-14,0.4603244627425482,0.2487361870857117,-19.71560151338832
1,0,1,0
1,0,1,0
1,0,1,0
2.804502661847769e-15,0.7771774793263617,0.1890028796911975,-22.60150926536535
1,0,1,0
1,0,1,0
1,0,1,0
1,0,1,0
1.038263951005382e-15,0.297176479283543,0.2928289765453703,-10.30849894419891
1,0,1,0
1,0,1,0
2.804502661847769e-15,0.7032947946120629,0.2008394026530845,-11.5775347200808
1,0,1,0
1,0,1,0
1,0,1,0
1,0,1,0
1,0,1,0
3.283018388127398,0.982689929581344,0.1607678035213502,-11.09731086542579
1,0,1,0
1,0,1,0
1,0,1,0
1,0,1,0
1,0,1,0
1,0,1,0
1,0,1,0
1,0,1,0
1,0,1,0
1,0,1,0
1,0,1,0
1,0,1,0
1.038263951005382e-15,0.6244320199682853,0.2147025359912765,-10.51298825036488
1,0,1,0
1,0,1,0
1,0,1,0
1,0,1,0
1,0,1,0
1,0,1,0
1,0,1,0
3.16787159082272,0.9324640062346461,0.1671117360563695,-8.765655048064762
1,0,1,0
1,0,1,0
1,0,1,0
1,0,1,0
1,0,1,0
1,0,1,0
1,0,1,0
1,0,1,0
1,0,1,0
1,0,1,0
1,0,1,0
1,0,1,0
1,0,1,0
1,0,1,0
1,0,1,0
1,0,1,0
1,0,1,0
1,0,1,0
1,0,1,0
1,0,1,0
1,0,1,0
1,0,1,0
1,0,1,0
1,0,1,0
3.468006790214205,1.058824788414054,0.1517416883020194,-9.022508771198062
1,0,1,0
1,0,1,0
2.848993991095497,0.7922445011225498,0.1867111497394378,-9.360239683451617
1,0,1,0
1,0,1,0
1,0,1,0
1,0,1,0
1,0,1,0
1.028145822447522e-15,0.6244320199682853,0.2147025359912765,-10.11135327495234
2.804502661847769e-15,0.7032947946120629,0.2008394026530845,-10.87489751539639
2.093959926088373e-15,0.3808309280637765,0.2685794364696206,-10.71275495881665
1,0,1,0
1.028145822447522e-15,0.7998078936979951,0.1855754062017244,-10.654604635137
6.356527949626171,3.99827372071363,0.02277344539293513,-11.51103644804198
1,0,1,0
1,0,1,0
11.97570053100608,12.42548825559053,0.0002117569001569009,-28.29201159178604
1,0,1,0
1,0,1,0
1,0,1,0
1,0,1,0
1,0,1,0
3.258992949855683,0.9723617811578364,0.1620459315431313,-17.01101979841664
6.41709695270404,4.02754237540713,0.02238155208727233,-17.55995497045392
1,0,1,0
1,0,1,0
1,0,1,0
1,0,1,0
1,0,1,0
1,0,1,0
1,0,1,0
1,0,1,0
1.038263951005382e-15,0.3080935236482389,0.289426219220673,-11.45082282797718
3.224748555370589,0.9581949547403852,0.1638210385328771,-17.5620636653278
1,0,1,0
4.936130869128893e-15,0.2882685336433255,0.2956661185081524,-10.49084831430222
1,0,1,0
1,0,1,0
3.303927362695497,0.9898577286203967,0.1598885746999817,-10.23084461926824
5.64667360488876e-15,0.487903821081126,0.2424319274221738,-10.24788302360093
1,0,1,0
1,0,1,0
1,0,1,0
1,0,1,0
1,0,1,0
1.028145822447522e-15,0.6301766287003758,0.2136452663945523,-10.24062237362695
1,0,1,0
1,0,1,0
1,0,1,0
1,0,1,0
4.936130869128893e-15,0.8002371265492947,0.1855112410469752,-12.30953785768081
1,0,1,0
3.99861236231896,1.266824078966593,0.1301816635829358,-18.77505539589028
1,0,1,0
1,0,1,0
5.64667360488876e-15,0.3104394282466636,0.2887053298887237,-10.71841401194289
1,0,1,0
2.093959926088373e-15,0.5709343830595337,0.2249439281181806,-12.32663184810445
1,0,1,0
1,0,1,0
1,0,1,0
1,0,1,0
1,0,1,0
1,0,1,0
1,0,1,0
2.449231293967717e-15,0.6301766272995124,0.2136452666514164,-10.67315875054373
2.902395483996981,0.8163605757675683,0.1831232006757824,-9.342342473754611
1,0,1,0
2.851888009198567,0.7935424150172814,0.1865155609444663,-12.39678599016334
1,0,1,0
1,0,1,0
1,0,1,0
8.48884454792928e-15,0.2971765791847218,0.2928289450379847,-9.912511838755066
1,0,1,0
1,0,1,0
4.623795793854233,1.488437473906377,0.1112295264912608,-10.042352744973
2.804502661847769e-15,0.7032947926787614,0.2008394029765981,-12.48551779371268
1,0,1,0
1,0,1,0
5.836977573741375,3.708518581722771,0.02706770918223789,-15.15405192247972
1,0,1,0
1,0,1,0
1,0,1,0
3.801546808203339,1.19302889565072,0.1373597212754853,-12.48350818039053
1,0,1,0
1,0,1,0
1,0,1,0
1,0,1,0
1,0,1,0
1,0,1,0
1,0,1,0
1,0,1,0
7.040555368201951,4.345056444637503,0.01855826843603336,-12.54289559708446
1,0,1,0
1,0,1,0
1,0,1,0
1,0,1,0
3.900482160600285,1.230609339848428,0.1336442843839518,-15.83828202726744
1,0,1,0
1,0,1,0
1,0,1,0
1,0,1,0
1,0,1,0
2.804502661847769e-15,0.8004953091715556,0.1854726607657246,-15.70808393303082
6.88761073165275,2.140681133000079,0.07171909631086942,-12.07670086308041
1,0,1,0
1,0,1,0
14.19420608520286,17.04452218949979,1.82567764297481e-05,-25.55092976692727
1,0,1,0
1,0,1,0
1,0,1,0
1,0,1,0
1,0,1,0
1,0,1,0
1,0,1,0
1,0,1,0
3.303425790453146,0.989662021536585,0.1599124967320926,-9.337540781345725
1,0,1,0
1,0,1,0
1,0,1,0
1,0,1,0
1,0,1,0
1,0,1,0
1,0,1,0
6.397010172296829,4.01727795260917,0.02251817292969294,-15.21392666709536
1,0,1,0
2.804502661847769e-15,0.6246900721647535,0.2146548733090299,-4.061310500318674
2.804502661847769e-15,0.796011811429441,0.1861442268918014,-9.257777621591217
1,0,1,0
1,0,1,0
1,0,1,0
1,0,1,0
1,0,1,0
1,0,1,0
1,0,1,0
1,0,1,0
1,0,1,0
1.038263951005382e-15,0.610856328577988,0.217232784714826,-9.445077436453415
5.452397758064303,3.494897467696635,0.03077910999828759,-15.31746109919898
4.936130869128893e-15,0.4821889098461725,0.243716249928231,-11.19202850498925
3.211949917019623,0.9514774476254111,0.164671755361359,-9.124684295039218
1.028145822447522e-15,0.7929799500762975,0.1866002862143535,-4.5835990635192
1,0,1,0
2.804502661847769e-15,0.7788467423290939,0.1887470396104601,-9.120868931104102
1,0,1,0
1,0,1,0
1,0,1,0
1,0,1,0
1,0,1,0
1,0,1,0
1,0,1,0
3.271509002131051,0.9792701688971732,0.161189528099313,-16.00913450409724
1,0,1,0
1,0,1,0
3.252872010401565,0.9689946768551962,0.1624655158304555,-11.02166982550319
1,0,1,0
1,0,1,0
3.843674340095052,1.209282430349148,0.1357371406788158,-11.6733658782031
1,0,1,0
1,0,1,0
1,0,1,0
1.028145822447522e-15,0.6301766287003723,0.2136452663945529,-4.319005049188463
1,0,1,0
1,0,1,0
1,0,1,0
1,0,1,0
1,0,1,0
1,0,1,0
1,0,1,0
5.840566125974614e-16,0.6949067339420747,0.2022502080920174,-3.817457096630417
1,0,1,0
1,0,1,0
1,0,1,0
1,0,1,0
1,0,1,0
1,0,1,0
1,0,1,0
2.804502661847769e-15,0.7617580663911152,0.1913894498674742,-4.325274884628335
1,0,1,0
1,0,1,0
1,0,1,0
1,0,1,0
1,0,1,0
1,0,1,0
1,0,1,0
1,0,1,0
1.038263951005382e-15,0.4879038209634246,0.2424319274485098,-15.47777693653272
2.804502661847769e-15,0.6244320199542024,0.2147025359938781,-13.26600193261526
1,0,1,0
1,0,1,0
1,0,1,0
1,0,1,0
1.038263951005382e-15,0.2971763730476447,0.292829010050642,-11.21302990821003
4.936130869128893e-15,0.6108578238445439,0.2172325035357778,-9.482210891627611
1,0,1,0
1,0,1,0
2.804502661847769e-15,0.630176626467879,0.2136452668039058,-9.695545497222547
1,0,1,0
1,0,1,0
1,0,1,0
1,0,1,0
3.214847529569612,0.9535450291324565,0.164409289640062,-10.44747998865416
1,0,1,0
2.953656239355877,0.8390993076748998,0.1798272482102771,-13.3102771651981
1,0,1,0
1,0,1,0
1,0,1,0
1,0,1,0
1,0,1,0
1,0,1,0
1,0,1,0
1,0,1,0
1,0,1,0
5.64667360488876e-15,0.5710198968696218,0.224926960501026,-16.01767939785546
1,0,1,0
1,0,1,0
1,0,1,0
1,0,1,0
1,0,1,0
1,0,1,0
1,0,1,0
1,0,1,0
1,0,1,0
1,0,1,0
1,0,1,0
1,0,1,0
1,0,1,0
1,0,1,0
1,0,1,0
1,0,1,0
1,0,1,0
1,0,1,0
1,0,1,0
1,0,1,0
8.48884454792928e-15,0.3807391465324557,0.268603961469443,-9.397962725366607
1,0,1,0
1,0,1,0
1,0,1,0
1,0,1,0
1,0,1,0
1,0,1,0
1,0,1,0
1,0,1,0
1,0,1,0
4.936130869128893e-15,0.7097874227931165,0.1997571957270756,-10.12154055854222
1,0,1,0
1,0,1,0
1,0,1,0
1,0,1,0
1,0,1,0
1,0,1,0
1,0,1,0
1,0,1,0
5.742533601371972,3.664251478597787,0.02779580429959394,-12.9355688424668
1,0,1,0
1,0,1,0
3.168500291356033,0.9326426989416561,0.1670885808493778,-10.35582913655545
1.028145822447522e-15,0.8002365255002175,0.1855113308749317,-10.24948839631517
1,0,1,0
1,0,1,0
1,0,1,0
2.804502661847769e-15,0.7617611818774357,0.1913889633673638,-4.328608934772602
1,0,1,0
1,0,1,0
8.754336593511837,6.647782054057103,0.004963966665817221,-22.94985891447067
1,0,1,0
1,0,1,0
1,0,1,0
2.947627881063684,0.8363779443423383,0.1802173697722028,-18.68449004457914
1,0,1,0
1.028145822447522e-15,0.5056878672361442,0.2385057636809129,-11.31145471006095
1,0,1,0
4.936130869128893e-15,0.3808268567096427,0.2685805242921819,-10.65243906517589
1,0,1,0
1,0,1,0
3.316348378601862,0.9950385242515516,0.1592570127072349,-12.90944371191921
1,0,1,0
1,0,1,0
1,0,1,0
1,0,1,0
1,0,1,0
1.038263951005382e-15,0.6839911033488022,0.2041078903222814,-10.08610019209547
1,0,1,0
1,0,1,0
1,0,1,0
1,0,1,0
1,0,1,0
1,0,1,0
1,0,1,0
1,0,1,0
1,0,1,0
1,0,1,0
1,0,1,0
1,0,1,0
1,0,1,0
1,0,1,0
1,0,1,0
1,0,1,0
1,0,1,0
1,0,1,0
1,0,1,0
1,0,1,0
1,0,1,0
1.028145822447522e-15,0.7032947934060747,0.2008394028548915,-4.833557773523965
2.666347958842898,0.7083728990259601,0.1999922498860373,-10.13068432687392
1,0,1,0
1,0,1,0
1,0,1,0
1,0,1,0
1,0,1,0
1,0,1,0
1,0,1,0
1,0,1,0
1,0,1,0
1,0,1,0
1,0,1,0
1,0,1,0
1,0,1,0
1.038263951005382e-15,0.6301766287003723,0.2136452663945529,-9.954475223263024
1,0,1,0
1,0,1,0
1,0,1,0
1,0,1,0
1,0,1,0
1,0,1,0
1.038263951005382e-15,0.2971763981324678,0.2928290021392496,-10.82095848946212
1,0,1,0
1,0,1,0
2.822935567994032,0.7806030958099406,0.1884783775800268,-8.314807909665596
1,0,1,0
2.804502661847769e-15,0.7613479905837117,0.1914535007343193,-9.711911255287662
4.936130869128893e-15,0.6108583063408837,0.21723241280434,-9.479100906738996
1,0,1,0
1,0,1,0
2.804502661847769e-15,0.7599710945987077,0.1916687843601825,-9.699300705735082
1,0,1,0
1,0,1,0
1,0,1,0
1,0,1,0
2.804502661847769e-15,0.7097875954289705,0.1997571670642836,-10.12441545725809
1,0,1,0
1,0,1,0
1,0,1,0
1,0,1,0
1,0,1,0
1,0,1,0
1,0,1,0
1,0,1,0
1,0,1,0
1,0,1,0
1,0,1,0
1,0,1,0
1,0,1,0
1,0,1,0
2.865143939159681,0.8003890345303901,0.1854885400501519,-9.605183476734338
1,0,1,0
1,0,1,0
2.804502661847769e-15,0.7997200916296272,0.1855885353740649,-15.47489579786834
1,0,1,0
1,0,1,0
1,0,1,0
1,0,1,0
4.936130869128893e-15,0.7766618195827633,0.189082011172875,-10.19161902836438
2.449231293967717e-15,0.6301766287003723,0.2136452663945529,-9.955274708505508
1,0,1,0
1,0,1,0
1,0,1,0
1,0,1,0
6.492796094627344,4.074084301345966,0.02177293128183577,-13.07997097713193
1,0,1,0
1,0,1,0
2.804502661847769e-15,0.7097511812059061,0.1997632130625973,-9.429988448461652
1,0,1,0
1,0,1,0
1,0,1,0
1,0,1,0
1,0,1,0
1.038263951005382e-15,0.6773674012300468,0.2052473633561926,-10.14390401849358
1,0,1,0
1,0,1,0
1,0,1,0
1,0,1,0
1,0,1,0
2.804502661847769e-15,0.6244320199682853,0.2147025359912765,-10.51516469155862
1,0,1,0
1,0,1,0
1,0,1,0
1,0,1,0
1,0,1,0
1,0,1,0
1,0,1,0
1,0,1,0
1,0,1,0
1,0,1,0
1,0,1,0
1,0,1,0
1,0,1,0
1,0,1,0
1,0,1,0
1,0,1,0
1,0,1,0
1,0,1,0
1,0,1,0
1,0,1,0
1,0,1,0
1,0,1,0
1,0,1,0
1,0,1,0
1,0,1,0
6.494640787420693,2.041459071592378,0.07653138440971569,-11.14950561784993
1,0,1,0
1,0,1,0
1,0,1,0
7.230520447479782,4.434243709863956,0.01761241129809826,-16.07874360070889
1,0,1,0
1,0,1,0
1,0,1,0
1,0,1,0
1,0,1,0
1,0,1,0
1,0,1,0
1,0,1,0
1,0,1,0
1,0,1,0
1,0,1,0
1,0,1,0
1,0,1,0
1,0,1,0
1,0,1,0