dN/dS,LRT,p-value,Log(L)
1.028145822447522e-15,0.9765061382493467,0.1615314546545946,-4.071925822709912
2.804502661847769e-15,0.6593516322694732,0.2083944674257209,-9.401831774647089
6.728744545674702e-16,0.7136264952822042,0.1991212629309274,-4.227025528332037
2.995035734018841,0.8560119486488169,0.1774285656403393,-9.768041146159598
1.028145822447522e-15,0.6816225499704043,0.2045142821480902,-3.935824410555229
2.432297318720357,0.5940222873333099,0.2204339633449803,-19.81274520631862
4.584206678808344,1.474452735875872,0.1123222321579462,-11.80159819853387
1.028145822447522e-15,0.9264055815904459,0.167899338792425,-4.16651899005872
3.279270164444774,0.9786557462422962,0.1612654531457887,-8.790518159770311
5.840566125974614e-16,0.7059620637152753,0.2003937884523235,-3.941243779523207
2.804502661847769e-15,0.418320316763749,0.258888182831685,-4.575308589670479
1.028145822447522e-15,0.7963404567874601,0.1860948850282291,-4.355450415371852
5.64667360488876e-15,0.4183908863192052,0.2588705273368752,-11.00955624753407
2.609762585669396,0.681066661747284,0.2046098324460465,-10.8868594407212
1.038263951005382e-15,0.6924931961097371,0.2026588224075457,-16.33655570083679
9.682324783204268e-17,0.8399208468822792,0.1797097048412664,-4.533005976852517
1,0,1,0
1,0,1,0
5.860416335762946,3.733231633857208,0.02667005002109346,-15.48405620598217
1,0,1,0
1,0,1,0
2.570637740749229,0.6617742699927547,0.2079671286447698,-8.934089691958249
1,0,1,0
2.804502661847769e-15,0.7861421871127021,0.1876345992689531,-10.55579827672488
1,0,1,0
1,0,1,0
1,0,1,0
1,0,1,0
1,0,1,0
1,0,1,0
1,0,1,0
1,0,1,0
1,0,1,0
1,0,1,0
1,0,1,0
1,0,1,0
1,0,1,0
2.804502661847769e-15,0.7855799829708374,0.1877199984419071,-21.14198645773226
1,0,1,0
1,0,1,0
1,0,1,0
1,0,1,0
1,0,1,0
1,0,1,0
1,0,1,0
2.804502661847769e-15,0.7481747119972511,0.1935273719055917,-11.1954485837014
1,0,1,0
1,0,1,0
1,0,1,0
1,0,1,0
1,0,1,0
1,0,1,0
1,0,1,0
1,0,1,0
1,0,1,0
1,0,1,0
1,0,1,0
4.936130869128893e-15,0.4274302897158577,0.2566262836616416,-12.53900338532307
1,0,1,0
1,0,1,0
1,0,1,0
4.936130869128893e-15,0.6757058825633031,0.2055346607585916,-10.01196041738208
1,0,1,0
1,0,1,0
1,0,1,0
1,0,1,0
1,0,1,0
1,0,1,0
4.60912643820064,2.957386447299474,0.04274300861427227,-12.09461117333707
1,0,1,0
1,0,1,0
1,0,1,0
1,0,1,0
1,0,1,0
1,0,1,0
1,0,1,0
1,0,1,0
2.601314459509742,0.678190901201269,0.2051051888543794,-9.92785467778039
1,0,1,0
1,0,1,0
1,0,1,0
1,0,1,0
1,0,1,0
1,0,1,0
1,0,1,0
1,0,1,0
1,0,1,0
1,0,1,0
1,0,1,0
1,0,1,0
3.828569636135254,1.20029615310202,0.1366312474633286,-11.25680414226194
1,0,1,0
1,0,1,0
1,0,1,0
2.804502661847769e-15,0.701251375825116,0.2011817665528314,-10.77532347333684
1,0,1,0
1,0,1,0
4.936130869128893e-15,0.7345224588722346,0.1957105998985325,-8.725521476606138
2.754543996087743,0.7464280513398229,0.1938047463257218,-14.28105991428737
1,0,1,0
1,0,1,0
1,0,1,0
1,0,1,0
1,0,1,0
1,0,1,0
1.038263951005382e-15,0.5343815847242084,0.2323852765116675,-17.00469363960222
1,0,1,0
2.804502661847769e-15,0.7346964125006963,0.1956825606157816,-9.752275190377997
4.936130869128893e-15,0.8502081695384653,0.1782467271718858,-11.0618563745907
6.551225113284167,4.088929132882893,0.02158249099442811,-13.98580974605272
1,0,1,0
1,0,1,0
1,0,1,0
1,0,1,0
1,0,1,0
1,0,1,0
1,0,1,0
1,0,1,0
1,0,1,0
1,0,1,0
1,0,1,0
1,0,1,0
1,0,1,0
1,0,1,0
1,0,1,0
1,0,1,0
1,0,1,0
1,0,1,0
1,0,1,0
1,0,1,0
1,0,1,0
2.804502661847769e-15,0.9462341209187493,0.1653398627424801,-10.28798802765748
1,0,1,0
4.936130869128893e-15,0.423441576930454,0.2576123703934933,-10.72072471881255
1,0,1,0
1,0,1,0
1,0,1,0
2.547076402302379,0.6505674627878548,0.2099549349526465,-9.526411136712655
1,0,1,0
2.157929107352767,0.462565949142288,0.248213604423228,-15.62734411656396
1,0,1,0
1,0,1,0
1,0,1,0
2.432652130281397,0.5971934323258878,0.2198254334211947,-9.281499876657398
1,0,1,0
1,0,1,0
1,0,1,0
1,0,1,0
1,0,1,0
4.0479524494288e-15,0.9023912763690873,0.1710706651804779,-10.55645997311408
1,0,1,0
4.936130869128893e-15,0.937648615999926,0.1664416460181974,-10.33381650997545
1,0,1,0
2.452279820178413,0.6066579046139609,0.218024475145759,-11.46396326167803
1,0,1,0
1,0,1,0
1,0,1,0
2.260550243681593,0.5131918640707553,0.2368801887729038,-8.909451698464926
1,0,1,0
2.55140964304757,0.6528873768886427,0.2095411273760842,-8.701355509083434
1,0,1,0
1,0,1,0
1,0,1,0
2.804502661847769e-15,0.7010845284574927,0.2012097584101206,-9.664450368718972
1,0,1,0
1,0,1,0
1,0,1,0
1,0,1,0
1,0,1,0
4.936130869128893e-15,0.4462289806082076,0.2520656064274058,-10.20233418437178
1,0,1,0
1,0,1,0
9.627381083010674,5.427531783755892,0.009910837746490153,-12.99748910010192
1,0,1,0
5.969128068074872,3.792687861074054,0.0257384613797299,-14.53471454014593
2.802066047231156,0.7687718464385362,0.1902986299239565,-10.35394298014483
1,0,1,0
1,0,1,0
1,0,1,0
4.936130869128893e-15,0.442513108045457,0.2529559863362635,-14.86636537551337
1,0,1,0
1,0,1,0
1,0,1,0
1,0,1,0
1,0,1,0
1,0,1,0
1,0,1,0
1,0,1,0
1,0,1,0
1,0,1,0
1,0,1,0
1,0,1,0
1,0,1,0
1,0,1,0
1,0,1,0
1,0,1,0
4.936130869128893e-15,0.9449874974478973,0.1654992385589861,-9.253222180603984
2.804502661847769e-15,0.7822848620000187,0.1882216287535883,-9.176801578553061
1,0,1,0
1,0,1,0
1,0,1,0
1,0,1,0
4.936130869128893e-15,0.748174711735814,0.1935273719470661,-16.01976953783615
1,0,1,0
1,0,1,0
1,0,1,0
1,0,1,0
1,0,1,0
1,0,1,0
1,0,1,0
1,0,1,0
2.804502661847769e-15,0.8502081698982096,0.1782467271210124,-11.05612406444487
3.850585261109629,1.205820961661583,0.1360806759614883,-15.97119955009538
2.804502661847769e-15,0.5762297625828197,0.223896969928001,-11.04259278125136
1,0,1,0
1,0,1,0
1,0,1,0
1,0,1,0
1,0,1,0
1,0,1,0
2.093959926088373e-15,0.6757059534486949,0.2055346484889952,-10.46118759840412
4.936130869128893e-15,0.7481747264695287,0.1935273696097001,-9.860566067127207
1,0,1,0
1,0,1,0
2.449231293967717e-15,0.9375494724458306,0.1664544262558659,-9.655236123950527
1,0,1,0
1,0,1,0
1,0,1,0
1,0,1,0
1,0,1,0
4.936130869128893e-15,0.7741322356001987,0.1894708700606796,-9.98673590944605
1,0,1,0
1,0,1,0
1,0,1,0
1,0,1,0
1,0,1,0
1,0,1,0
1,0,1,0
1,0,1,0
1,0,1,0
5.120504531699815,3.284745150286273,0.03496324173731463,-12.17748395088099
1,0,1,0
1,0,1,0
1,0,1,0
1,0,1,0
1,0,1,0
1,0,1,0
1,0,1,0
1,0,1,0
1,0,1,0
1,0,1,0
1,0,1,0
1,0,1,0
1,0,1,0
1,0,1,0
1,0,1,0
1,0,1,0
1,0,1,0
1,0,1,0
1,0,1,0
1.038263951005382e-15,0.714536749799155,0.1989709112919019,-9.553266454234956
1,0,1,0
1,0,1,0
1,0,1,0
1,0,1,0
2.804502661847769e-15,0.7857818933847192,0.1876893218411379,-8.474142625197677
8.48884454792928e-15,0.4228899082254891,0.2577492736959579,-9.921419817314277
1,0,1,0
1,0,1,0
1,0,1,0
1,0,1,0
1,0,1,0
1,0,1,0
1,0,1,0
1,0,1,0
1,0,1,0
3.854081166466108,1.2104353316433,0.1356229613860193,-8.99874602613786
1,0,1,0
1,0,1,0
1,0,1,0
1,0,1,0
1,0,1,0
1,0,1,0
1,0,1,0
1.028145822447522e-15,0.8584008726464347,0.1770932916351498,-8.849055589955642
1,0,1,0
1,0,1,0
1.028145822447522e-15,0.850208151863729,0.1782467296713678,-11.31243875330977
1,0,1,0
1,0,1,0
2.804502661847769e-15,0.9462341210995966,0.1653398627193744,-10.29043384832228
1,0,1,0
1,0,1,0
1,0,1,0
1,0,1,0
1,0,1,0
1,0,1,0
1,0,1,0
1,0,1,0
4.936130869128893e-15,0.7741321284489402,0.1894708865563177,-11.33351736529775
1,0,1,0
1,0,1,0
1,0,1,0
1,0,1,0
2.641044306780889,0.6970933221255216,0.2018810535890684,-11.80843323987264
1,0,1,0
1,0,1,0
1,0,1,0
1,0,1,0
1,0,1,0
1,0,1,0
1,0,1,0
1,0,1,0
1,0,1,0
1.038263951005382e-15,0.9007927344961075,0.1712846194337387,-9.908269765237144
1,0,1,0
1,0,1,0
1.038263951005382e-15,0.6201748153634625,0.21549116547715,-10.20226137518462
1,0,1,0
2.388551935869891,0.575854247988147,0.2239709634825457,-25.79834202224074
1,0,1,0
1,0,1,0
1,0,1,0
1,0,1,0
1,0,1,0
1,0,1,0
3.765564101493089,1.175938166250006,0.1390922290903333,-10.49365087686971
1,0,1,0
1,0,1,0
1,0,1,0
1,0,1,0
8.48884454792928e-15,0.4446063300042944,0.2524537571533357,-11.99848856791248
1,0,1,0
1,0,1,0
1,0,1,0
1,0,1,0
1.028145822447522e-15,0.526273611630458,0.2340888688230168,-12.32732800271236
1,0,1,0
1,0,1,0
2.654873848089605,0.7035572921616833,0.2007954839931119,-22.91127166686099
1.028145822447522e-15,0.8368352354888984,0.1801517332718098,-4.204756682598206
2.712964185202854,0.7280342182245789,0.1967605589721134,-8.370965742197281
1.028145822447522e-15,0.5221415693393663,0.2349647882498706,-4.037768096469625
2.804502661847769e-15,0.7481739445529776,0.1935274936535052,-4.235165548186473
9.682324783204268e-17,0.8575341094061724,0.1772148374165598,-3.766353304409985
2.804502661847769e-15,0.9462312024815702,0.1653402356143668,-4.515043954089004
9.682324783204268e-17,0.8890007471863832,0.1728741198401327,-3.570734189339522
1.028145822447522e-15,0.6928483687216787,0.2025986157439315,-4.241429468369282
1.028145822447522e-15,0.9347798451149707,0.166811978855683,-4.512704312774095
1.028145822447522e-15,0.8399185363087511,0.179710035282883,-11.02188675387917
9.682324783204268e-17,0.8890007471863832,0.1728741198401327,-3.570734189339522
1.028145822447522e-15,0.8399185425248685,0.1797100343938975,-4.876486115417266
1.028145822447522e-15,0.9347798049266203,0.166811984051343,-9.793538131121593
2.804502661847769e-15,0.692852354089748,0.2025979403172095,-4.381921480626703
9.682324783204268e-17,0.8890007471863832,0.1728741198401327,-3.570734189339522
9.682324783204268e-17,0.8266852849873896,0.1816163840042971,-3.580003581866193
1.028145822447522e-15,0.7766709829819618,0.189080604579875,-3.555441311226802
9.682324783204268e-17,0.8066930223001059,0.1845498847234693,-4.348346208140192
2.804502661847769e-15,0.3880249913188276,0.2666696906266921,-4.515369727919814
9.682324783204268e-17,0.7134273010290428,0.1991541868332439,-4.176822855694023
9.682324783204268e-17,0.7690398633265758,0.1902571211539663,-4.072514538544801
1.028145822447522e-15,0.9765061382493467,0.1615314546545946,-4.071925822709912
5.665139832877481,3.610238779262104,0.02871243705009985,-18.06888658228232
9.682324783204268e-17,0.7572396779723833,0.1920968706212421,-3.837883504775437
9.682324783204268e-17,0.8066930223001059,0.1845498847234693,-4.348346208140192
2.804502661847769e-15,0.3880249913188276,0.2666696906266921,-4.515369727919814
1.028145822447522e-15,0.5287171828057105,0.233573341156904,-4.005512593782552
2.804502661847769e-15,0.8066929396299471,0.1845498969894859,-9.400129748069453
1.028145822447522e-15,0.5979118316994825,0.2196879339405829,-4.362077313245146
2.804502661847769e-15,0.7687363618788812,0.1903041265087753,-4.359716799276683
2.804502661847769e-15,0.6922805318316563,0.2026948844492483,-10.59836975058807
2.804502661847769e-15,0.4451418737708384,0.2523255378775049,-4.021572030321558
9.682324783204268e-17,0.6702525028961075,0.2064817934714084,-3.537909859347737
2.449231293967717e-15,0.576060446832777,0.2239303281713627,-4.538591161704527
9.682324783204268e-17,0.7134273010290428,0.1991541868332439,-4.176822855694023
9.682324783204268e-17,0.7690398633265758,0.1902571211539663,-4.072514538544801
3.17603086687411e-16,0.731073855349238,0.1962676657755589,-3.748032703059932
1.028145822447522e-15,0.7696633680788771,0.1901606061489487,-11.4135363491433
2.804502661847769e-15,0.4451418737708384,0.2523255378775049,-4.021572030321558
2.271595610028619e-15,0.7248283600144845,0.1972823360521825,-4.233309699856949
2.271595610028619e-15,0.7248283600144845,0.1972823360521825,-4.233309699856949
9.682324783204268e-17,0.7572396779723833,0.1920968706212421,-3.837883504775437
1.028145822447522e-15,0.5861336819412593,0.2219590532675887,-12.61478286089797
1.028145822447522e-15,0.6264301253767872,0.2143338995023849,-3.26516511405005
1.028145822447522e-15,0.7994642750787122,0.1856267953951735,-4.146674343095274
9.682324783204268e-17,0.6378412041646371,0.212246805609812,-4.209167724024639
2.804502661847769e-15,0.4451418737708384,0.2523255378775049,-4.021572030321558
2.876485847240554,0.8043334364819898,0.1849004466424091,-10.86869425124664
2.271595610028619e-15,0.7248283600144845,0.1972823360521825,-4.233309699856949
2.804502661847769e-15,0.6092292963046102,0.2175390706925763,-4.057885522906593
9.682324783204268e-17,0.7572396779723833,0.1920968706212421,-3.837883504775437
2.804502661847769e-15,0.4451418737708384,0.2523255378775049,-4.021572030321558
4.936130869128893e-15,0.6090969246562175,0.2175640183723955,-8.984460584517484
9.682324783204268e-17,0.6702525028961075,0.2064817934714084,-3.537909859347737
1.028145822447522e-15,0.806692590182104,0.1845499488381111,-4.684205929033301
6.728744545674702e-16,0.6264449129341871,0.2143311748666133,-3.876849210266324
2.449231293967717e-15,0.3609971815249526,0.2739764736973941,-5.147152786346131
9.682324783204268e-17,0.6702525028961075,0.2064817934714084,-3.537909859347737
2.804502661847769e-15,0.4484185871429993,0.2515434501853785,-4.555123568107171
1.873180087232287e-15,0.3808995799899186,0.2685610946135541,-4.641421211230242
2.804502661847769e-15,0.6091156745561825,0.2175604843709145,-9.136725413423068
1.028145822447522e-15,0.806692590182104,0.1845499488381111,-4.684205929033301
1.028145822447522e-15,0.6264301253767872,0.2143338995023849,-3.26516511405005
2.804502661847769e-15,0.63784120416463,0.2122468056098134,-4.347348717474379
5.840566125974614e-16,0.6702558972803621,0.2064812019404866,-3.676089156102665
9.682324783204268e-17,0.7134273010290428,0.1991541868332439,-4.176822855694023
1.028145822447522e-15,0.6264301253767872,0.2143338995023849,-3.26516511405005
1.028145822447522e-15,0.5979118316994825,0.2196879339405829,-4.362077313245146
2.804502661847769e-15,0.692330068743761,0.2026864835072293,-11.28724664861076
1.038263951005382e-15,0.4451577353011711,0.2523217420277785,-4.633256126537831
1.340273035413137e-15,0.6092280494287543,0.217539305667108,-3.919705152894784
2.449231293967717e-15,0.7134125134539726,0.1991566313175657,-3.56513875947775
1.028145822447522e-15,0.6264301253767872,0.2143338995023849,-3.26516511405005
2.449231293967717e-15,0.7134125134539726,0.1991566313175657,-3.56513875947775
1.028145822447522e-15,0.5979118316994825,0.2196879339405829,-4.362077313245146
1.028145822447522e-15,0.4888398905469415,0.2422226297953528,-4.262759492109136
2.449231293967717e-15,0.7134125134539726,0.1991566313175657,-3.56513875947775
1.038263951005382e-15,0.6669213185706546,0.2070635195503031,-10.02349511362089
2.449231293967717e-15,0.7134125134539726,0.1991566313175657,-3.56513875947775
4.936130869128893e-15,0.8043525523360486,0.1848976028867873,-9.345544738336187
3.17603086687411e-16,0.731073855349238,0.1962676657755589,-3.748032703059932
1.340273035413137e-15,0.6092280494287543,0.217539305667108,-3.919705152894784
1.038263951005382e-15,0.4451577353011711,0.2523217420277785,-4.633256126537831
5.840566125974614e-16,0.757243072356987,0.1920963377882891,-3.976062801530365
9.682324783204268e-17,0.6020654193512129,0.2188955292179863,-4.690759038976256
9.682324783204268e-17,0.7134273010290428,0.1991541868332439,-4.176822855694023
1.028145822447522e-15,0.6264301253767872,0.2143338995023849,-3.26516511405005
5.840566125974614e-16,0.5287171827932395,0.2335733411595304,-3.867333297027624
3.028991102848968,0.8715342342600465,0.1752654588624712,-10.7147363588942
9.682324783204268e-17,0.7134273010290428,0.1991541868332439,-4.176822855694023
5.840566125974614e-16,0.757243072356987,0.1920963377882891,-3.976062801530365
1.028145822447522e-15,0.637841188472013,0.2122468084589527,-10.71247757538753
1.028145822447522e-15,0.6264301253767872,0.2143338995023849,-3.26516511405005
9.682324783204268e-17,0.767191403746188,0.1905436594474716,-3.564891795306833
9.682324783204268e-17,0.7572396779723833,0.1920968706212421,-3.837883504775437
2.804502661847769e-15,0.6020654257169049,0.2188955280069225,-4.828940029243155
2.804502661847769e-15,0.3880249913188276,0.2666696906266921,-4.515369727919814
1.028145822447522e-15,0.4888398905469415,0.2422226297953528,-4.262759492109136
1.028145822447522e-15,0.5287171828057105,0.233573341156904,-4.005512593782552
3.022918431558256,0.8676055645574579,0.1758095217995937,-11.20485486659889
2.826281861438437,0.7814740763540726,0.1883453468623532,-12.19183087201134
9.682324783204268e-17,0.7023469837630021,0.2009980978704213,-4.176822855694023
9.682324783204268e-17,0.6020654193512129,0.2188955292179863,-4.690759038976256
9.682324783204268e-17,0.6020654193512129,0.2188955292179863,-4.690759038976256
9.682324783204268e-17,0.6669213369584401,0.2070635163325549,-4.234325740610176
4.936130869128893e-15,0.7248283762697003,0.1972823334014815,-4.647322362902079
2.449231293967717e-15,0.3609971815249526,0.2739764736973941,-5.147152786346131
9.682324783204268e-17,0.7134273010290428,0.1991541868332439,-4.176822855694023
5.840566125974614e-16,0.6702558972803621,0.2064812019404866,-3.676089156102665
2.804502661847769e-15,0.4451418737708384,0.2523255378775049,-4.021572030321558
1.028145822447522e-15,0.6923835557473872,0.2026774132420772,-4.294316775619245
2.287852447174094e-16,0.6378411846593321,0.2122468091511802,-3.933336054429249
1.340273035413137e-15,0.6081151371429723,0.217749189120925,-3.919705152894784
2.663162183481222,0.7056950456385742,0.2004383338049769,-9.793924264044959
2.804502661847769e-15,0.3609970933635864,0.2739764981326543,-4.535461382173986
9.682324783204268e-17,0.6378412041646371,0.212246805609812,-4.209167724024639
5.840566125974614e-16,0.757243072356987,0.1920963377882891,-3.976062801530365
1.028145822447522e-15,0.4888398905469415,0.2422226297953528,-4.262759492109136
2.449231293967717e-15,0.7134125134539726,0.1991566313175657,-3.56513875947775
1.028145822447522e-15,0.9765061382493467,0.1615314546545946,-4.071925822709912
4.936130869128893e-15,0.6701017632595772,0.2065080650165902,-9.452089544435648
2.804502661847769e-15,0.6261460601875548,0.214386249212607,-8.636578575871539
2.449231293967717e-15,0.3609971815249526,0.2739764736973941,-5.147152786346131
2.804502661847769e-15,0.5979084363301386,0.2196885834935938,-4.223898016490218
2.449231293967717e-15,0.7134125134539726,0.1991566313175657,-3.56513875947775
1.028145822447522e-15,0.6264301253767872,0.2143338995023849,-3.26516511405005
2.287852447174094e-16,0.6378411846593321,0.2122468091511802,-3.933336054429249
2.804502661847769e-15,0.6261593207722171,0.2143838050207767,-8.698599421062895
6.728744545674702e-16,0.6264449129341871,0.2143311748666133,-3.876849210266324
2.804502661847769e-15,0.4451418737708384,0.2523255378775049,-4.021572030321558
4.936130869128893e-15,0.360997322417699,0.27397643464684,-10.66704806512874
2.804502661847769e-15,0.7667055336596782,0.1906190776894926,-14.54831441554326
2.449231293967717e-15,0.7134125134539726,0.1991566313175657,-3.56513875947775
9.682324783204268e-17,0.6702525028961075,0.2064817934714084,-3.537909859347737
6.728744545674702e-16,0.7248283762697021,0.1972823334014813,-4.509141369452339
9.682324783204268e-17,0.7134273010290428,0.1991541868332439,-4.176822855694023
9.682324783204268e-17,0.7572396779723833,0.1920968706212421,-3.837883504775437
2.16190737941948,0.4647272647753979,0.2477114635798209,-13.521018525106
2.093959926088373e-15,0.806227004836515,0.1846190471598271,-11.86084903144322
9.682324783204268e-17,0.6702525028961075,0.2064817934714084,-3.537909859347737
1.028145822447522e-15,0.8066929616222822,0.1845498937264178,-9.554030749270954
1.028145822447522e-15,0.6872189999072695,0.2035559578898654,-4.337918484020233
1.028145822447522e-15,0.5979118316994825,0.2196879339405829,-4.362077313245146
3.347097094396213,1.006085368027257,0.1579212468591623,-8.847848235506266
9.682324783204268e-17,0.767191403746188,0.1905436594474716,-3.564891795306833
1.028145822447522e-15,0.5287171828057105,0.233573341156904,-4.005512593782552
6.728744545674702e-16,0.6923869555029487,0.2026768367354428,-4.432496072374172
3.22326610439624,0.9537332444873243,0.1643854245552765,-8.337623041019285
1.028145822447522e-15,0.6872189999072695,0.2035559578898654,-4.337918484020233
5.840566125974614e-16,0.757243072356987,0.1920963377882891,-3.976062801530365
9.682324783204268e-17,0.6702525028961075,0.2064817934714084,-3.537909859347737
4.936130869128893e-15,0.7248283762697003,0.1972823334014815,-4.647322362902079
2.449231293967717e-15,0.6872202491372903,0.2035557447096676,-4.476097780775161
9.682324783204268e-17,0.767191403746188,0.1905436594474716,-3.564891795306833
9.682324783204268e-17,0.7690398633265758,0.1902571211539663,-4.072514538544801
1.028145822447522e-15,0.4888398905469415,0.2422226297953528,-4.262759492109136
2.804502661847769e-15,0.6331754157202809,0.2130964687148396,-10.55852156753608
3.17603086687411e-16,0.731073855349238,0.1962676657755589,-3.748032703059932
9.682324783204268e-17,0.6702525028961075,0.2064817934714084,-3.537909859347737
9.682324783204268e-17,0.7690398633265758,0.1902571211539663,-4.072514538544801
9.682324783204268e-17,0.6378412041646371,0.212246805609812,-4.209167724024639
5.840566125974614e-16,0.5287171827932395,0.2335733411595304,-3.867333297027624
5.840566125974614e-16,0.757243072356987,0.1920963377882891,-3.976062801530365
6.728744545674702e-16,0.6923869555029487,0.2026768367354428,-4.432496072374172
5.55258345826572,3.545943962215894,0.02984559692780048,-11.85317835994015
4.936130869128893e-15,0.6669213199234534,0.2070635193135718,-9.181825187606908
1.028145822447522e-15,0.5287171828057105,0.233573341156904,-4.005512593782552
2.804502661847769e-15,0.7687363618788812,0.1903041265087753,-4.359716799276683
9.682324783204268e-17,0.7572396779723833,0.1920968706212421,-3.837883504775437
4.936130869128893e-15,0.713081095640856,0.1992114282729729,-8.782022954196044
1.038263951005382e-15,0.7248283614652351,0.1972823358156119,-11.57667129961495
2.449231293967717e-15,0.3473537249335816,0.2778074791658979,-4.029737114999868
5.840566125974614e-16,0.6702558972803621,0.2064812019404866,-3.676089156102665
5.840566125974614e-16,0.6702558972803621,0.2064812019404866,-3.676089156102665
2.804502661847769e-15,0.6894814104452998,0.2031704141540807,-5.166814961570271
4.936130869128893e-15,0.5976547000712387,0.2197371329898317,-16.72452608699691
1.038263951005382e-15,0.4448255714239195,0.2524012531419869,-9.302468267098511
2.804502661847769e-15,0.6092292963046102,0.2175390706925763,-4.057885522906593
3.222681682757631,0.9528588350606064,0.1644963357603274,-14.46899805088901
2.804502661847769e-15,0.7702851068500536,0.190064433371777,-9.155027016558295
9.682324783204268e-17,0.6669213369584401,0.2070635163325549,-4.234325740610176
9.682324783204268e-17,0.7134273010290428,0.1991541868332439,-4.176822855694023
4.936130869128893e-15,0.3621894232372043,0.2736463965973697,-11.35423535619072
3.230411739792022,0.9567116960965087,0.1640083782531671,-9.496370886428435
1.028145822447522e-15,0.4888398905469415,0.2422226297953528,-4.262759492109136
1.028145822447522e-15,0.806692590182104,0.1845499488381111,-4.684205929033301
1.028145822447522e-15,0.5287171828057105,0.233573341156904,-4.005512593782552
1.028145822447522e-15,0.6264301253767872,0.2143338995023849,-3.26516511405005
9.682324783204268e-17,0.7572396779723833,0.1920968706212421,-3.837883504775437
2.804502661847769e-15,0.3880249913188276,0.2666696906266921,-4.515369727919814
2.804502661847769e-15,0.6092292963046102,0.2175390706925763,-4.057885522906593
2.804502661847769e-15,0.3609970933635864,0.2739764981326543,-4.535461382173986
2.804502661847769e-15,0.3880249913188276,0.2666696906266921,-4.515369727919814
1.340273035413137e-15,0.6092280494287543,0.217539305667108,-3.919705152894784
4.936130869128893e-15,0.5760604488129708,0.2239303277811837,-4.676772155154266
2.804502661847769e-15,0.5979084363301386,0.2196885834935938,-4.223898016490218
4.936130869128893e-15,0.7248283762697003,0.1972823334014815,-4.647322362902079
9.682324783204268e-17,0.767191403746188,0.1905436594474716,-3.564891795306833
1.028145822447522e-15,0.4888398905469415,0.2422226297953528,-4.262759492109136
1.028145822447522e-15,0.6872189999072695,0.2035559578898654,-4.337918484020233
2.804502661847769e-15,0.5979084363301386,0.2196885834935938,-4.223898016490218
1.873180087232287e-15,0.3808995799899186,0.2685610946135541,-4.641421211230242
9.682324783204268e-17,0.6020654193512129,0.2188955292179863,-4.690759038976256
1.028145822447522e-15,0.6872189999072695,0.2035559578898654,-4.337918484020233
9.682324783204268e-17,0.6669213369584401,0.2070635163325549,-4.234325740610176
2.808346069355686,0.773290147271851,0.1896005697858107,-10.70172712549794
1.873180087232287e-15,0.3808995799899186,0.2685610946135541,-4.641421211230242
1.873180087232287e-15,0.3808995799899186,0.2685610946135541,-4.641421211230242
1.028145822447522e-15,0.806692590182104,0.1845499488381111,-4.684205929033301
1.028145822447522e-15,0.5979118316994825,0.2196879339405829,-4.362077313245146
2.804502661847769e-15,0.6092292963046102,0.2175390706925763,-4.057885522906593
1.028145822447522e-15,0.9765061382493467,0.1615314546545946,-4.071925822709912
2.804502661847769e-15,0.3880249913188276,0.2666696906266921,-4.515369727919814
4.936130869128893e-15,0.7248283762697003,0.1972823334014815,-4.647322362902079
2.449231293967717e-15,0.6872202491372903,0.2035557447096676,-4.476097780775161
2.804502661847769e-15,0.4451418737708384,0.2523255378775049,-4.021572030321558
6.728744545674702e-16,0.6264449129341871,0.2143311748666133,-3.876849210266324
2.804502661847769e-15,0.8066930229296396,0.1845498846300634,-4.486527201589931
5.840566125974614e-16,0.6702558972803621,0.2064812019404866,-3.676089156102665
1.340273035413137e-15,0.6092280494287543,0.217539305667108,-3.919705152894784
2.804502661847769e-15,0.7687363618788812,0.1903041265087753,-4.359716799276683
2.449231293967717e-15,0.6872202491372903,0.2035557447096676,-4.476097780775161
5.840566125974614e-16,0.6702558972803621,0.2064812019404866,-3.676089156102665
1.340273035413137e-15,0.6092280494287543,0.217539305667108,-3.919705152894784
2.449231293967717e-15,0.6872202491372903,0.2035557447096676,-4.476097780775161
1.340273035413137e-15,0.6092280494287543,0.217539305667108,-3.919705152894784