dN/dS,LRT,p-value,Log(L)
6.728744545674702e-16,0.5798747950425209,0.2231807007526464,-4.13376610099049
1.038263951005382e-15,0.3696542032416605,0.2715964086885204,-3.905766974509263
1.20578150638828e-15,0.3660489568878731,0.2725829208192415,-4.102558840657585
5.847595866098911,1.855631834163347,0.08656489849048971,-9.730189553985635
6.728744545674702e-16,0.3637447462389902,0.2732169095579059,-3.960097587374589
2.271595610028619e-15,0.4177360494145841,0.2590344393648752,-4.40638455551476
1.038263951005382e-15,0.2278949984210126,0.3165445335872457,-4.570838655421042
6.728744545674702e-16,0.4530063527117747,0.2504553661069463,-4.043481499798584
6.620399316406469,2.061203072955291,0.0755454200402037,-9.713280034754815
6.728744545674702e-16,0.3637447462389902,0.2732169095579059,-3.960097587374589
2.804502661847769e-15,0.215180570987151,0.3213684381364034,-4.38411889209983
5.840566125974614e-16,0.3996116437534294,0.2636449441949817,-4.282638741765637
4.936130869128893e-15,0.2151806377604402,0.3213684123521001,-4.943870035096053
1.038263951005382e-15,0.3998736610818341,0.263577255392163,-4.271702391073697
1.028145822447522e-15,0.3627234827070556,0.2734987799316433,-4.283856836376617
2.269969926313108e-14,0.4177360494145645,0.2590344393648801,-9.824720052030752
1,0,1,0
1,0,1,0
4.703969810473919,3.022788864852402,0.04105108237599309,-15.71002707585301
2.804502661847769e-15,0.9108588168368179,0.1699433260264335,-10.67984427411531
1.902114363327694,0.3352099911785267,0.2813036210925174,-10.01019434480765
1,0,1,0
1,0,1,0
1,0,1,0
1.864256060282456,0.3164776941473413,0.2868660753861842,-10.13642702599767
1,0,1,0
1,0,1,0
1,0,1,0
1,0,1,0
1,0,1,0
1,0,1,0
1,0,1,0
1,0,1,0
1,0,1,0
1,0,1,0
2.804502661847769e-15,0.9567148630754403,0.1640079779521496,-9.404410405137718
1,0,1,0
1,0,1,0
1.028145822447522e-15,1.060383234369812,0.151563897211805,-9.46266793733869
4.0479524494288e-15,0.8757581590743015,0.1746830618003236,-8.805400928548428
1,0,1,0
1,0,1,0
1,0,1,0
1,0,1,0
1,0,1,0
1,0,1,0
1,0,1,0
1,0,1,0
1,0,1,0
2.804502661847769e-15,0.8697531069406992,0.1755118340936282,-11.17838467371012
2.449231293967717e-15,1.007765556019137,0.1577193691930871,-9.010745462755423
2.804502661847769e-15,0.9567148980132316,0.1640079735360763,-9.529274732207568
1,0,1,0
1,0,1,0
1,0,1,0
1,0,1,0
2.804502661847769e-15,1.007856096263467,0.157708500210762,-9.454165115612451
1,0,1,0
1,0,1,0
1,0,1,0
1.860170282292956,0.3144669694440587,0.2874759615557266,-10.14353459553926
1,0,1,0
1,0,1,0
2.311579507122766,0.5371316188061819,0.2318119568547508,-10.00383713632774
1,0,1,0
1,0,1,0
1,0,1,0
1,0,1,0
1.923228325451904,0.3456039064633067,0.2783061319458085,-9.180268855817589
4.936130869128893e-15,1.083455673255905,0.148962891320728,-8.82046382909154
2.804502661847769e-15,0.9108588168359688,0.169943326026546,-9.951850120092198
1,0,1,0
1,0,1,0
1,0,1,0
1,0,1,0
1,0,1,0
1,0,1,0
2.084042835144105,0.4246215346641726,0.2573199751582753,-14.16261068324936
1,0,1,0
1,0,1,0
1,0,1,0
1,0,1,0
1,0,1,0
1,0,1,0
4.0479524494288e-15,0.9994676402879143,0.1587196788404818,-9.952062818660879
1,0,1,0
1,0,1,0
1.038263951005382e-15,1.061126620397808,0.1514791848200868,-16.39744986345121
2.449231293967717e-15,1.061720829286116,0.1514115158457213,-9.862238728447482
1,0,1,0
4.936130869128893e-15,0.613898175288945,0.2166619211137096,-8.920098370901835
1,0,1,0
1,0,1,0
1.818206298209717,0.2938573374495235,0.2938795976773495,-10.40658403766865
1,0,1,0
3.323168083076544,0.9952277385817929,0.1592340087215203,-15.46449167152982
4.936130869128893e-15,0.9379845340152215,0.1663983537704337,-9.359066784991905
1,0,1,0
2.280157550033315,0.5211135052433882,0.2351835392777927,-9.66547503517147
1,0,1,0
1,0,1,0
4.936130869128893e-15,0.8681058525690091,0.175740111496725,-10.64848910949185
1,0,1,0
1,0,1,0
1,0,1,0
1.038263951005382e-15,0.8763536203196978,0.1746011711053453,-19.89297210477931
1,0,1,0
2.293401394826106,0.5275370123574206,0.2338220975986472,-9.581969944210741
2.804502661847769e-15,0.9994676388228321,0.1587196790178297,-10.99105232997611
2.594831269758413,0.6725187357174853,0.2060874185499754,-10.04592693614668
1,0,1,0
1,0,1,0
1,0,1,0
4.936130869128893e-15,0.7731982150639318,0.1896147369063895,-9.147120631583341
1,0,1,0
2.650677970854565,0.698536231729399,0.2016379895814759,-11.13796055474603
1,0,1,0
1,0,1,0
1,0,1,0
1,0,1,0
1,0,1,0
1,0,1,0
1,0,1,0
1,0,1,0
1,0,1,0
1,0,1,0
1,0,1,0
1,0,1,0
1,0,1,0
1,0,1,0
1,0,1,0
1,0,1,0
1,0,1,0
1,0,1,0
8.054333073515119e-16,1.007788636982937,0.1577165983256306,-9.116120872335951
1,0,1,0
1,0,1,0
1,0,1,0
1,0,1,0
1,0,1,0
1,0,1,0
1,0,1,0
1,0,1,0
2.804502661847769e-15,0.8757581836685695,0.1746830584169232,-10.06020478454589
1,0,1,0
1,0,1,0
1,0,1,0
1,0,1,0
2.149348459005952,0.4572193174161576,0.2494632021440094,-9.070682016558518
1,0,1,0
1,0,1,0
1,0,1,0
1,0,1,0
1,0,1,0
1,0,1,0
1,0,1,0
1,0,1,0
4.106268747791995,2.598247283640557,0.05349098451937223,-13.15944204683968
1,0,1,0
2.177737790116781,0.4711052982892667,0.246239559357105,-11.32713043317826
1.038263951005382e-15,0.9372535830603539,0.1664925760742398,-12.99238330457798
1.855455675543577,0.3123332647514161,0.2881259589500198,-8.573172583793523
1,0,1,0
1,0,1,0
1,0,1,0
1,0,1,0
1,0,1,0
1,0,1,0
1,0,1,0
1,0,1,0
1,0,1,0
1,0,1,0
3.955499003379155,1.247876883257369,0.1319791844323581,-14.58632766855533
4.486075774126362,2.860626682928235,0.04538606399853434,-19.57203758297236
1,0,1,0
1,0,1,0
2.804502661847769e-15,0.7731982149777892,0.1896147369196651,-9.118387883804228
2.254706911036029,0.510431997805938,0.2374759536831812,-11.48111128252951
1,0,1,0
1.038263951005382e-15,0.5431522492559964,0.2305646301515453,-10.9868159865547
1.028145822447522e-15,0.9377133408098182,0.1664333032829178,-14.92438170559012
2.804502661847769e-15,0.9567148768497589,0.1640079762111007,-10.91182984892859
1,0,1,0
1,0,1,0
2.804502661847769e-15,0.9108580074246149,0.1699434333101946,-9.83317769027434
1,0,1,0
2.343785408199617,0.5529661635439425,0.2285541239127183,-14.87856065716422
1.028145822447522e-15,1.007836352245011,0.1577108703150444,-9.366792735642312
6.705542582017411,4.1664484987561,0.02061607142995886,-14.10948159172868
1,0,1,0
1,0,1,0
1.028145822447522e-15,0.8841893909873768,0.1735284003630265,-9.469938571284139
1,0,1,0
1,0,1,0
1,0,1,0
1,0,1,0
1,0,1,0
1,0,1,0
2.09074350783586,0.4291054518151398,0.2562141080846393,-12.0760527520955
1,0,1,0
1,0,1,0
1.818412678987929,0.2939142376723254,0.2938615222631568,-17.97331574581246
2.449231293967717e-15,0.8757581604211069,0.1746830616150453,-11.91272160593593
1.922190706698867,0.3450746904465696,0.2784572793222239,-11.80077647121273
2.451444960993776,0.6075121534467947,0.2178630344931006,-15.5978773158022
1,0,1,0
1,0,1,0
1,0,1,0
1,0,1,0
1.038263951005382e-15,0.5148812701433805,0.2365166960663419,-9.014539741318048
1,0,1,0
1,0,1,0
1,0,1,0
1,0,1,0
2.906308545283982,0.8159962727418701,0.1831766841246932,-11.36258381503129
1,0,1,0
1,0,1,0
1,0,1,0
1,0,1,0
1.028145822447522e-15,0.956714895130002,0.1640079739005113,-11.31740413945352
1,0,1,0
1,0,1,0
1,0,1,0
2.041205179159225,0.4038755993954375,0.2625472464939431,-10.81414503586711
1,0,1,0
1,0,1,0
1.038263951005382e-15,0.6140636336943288,0.2166309349925599,-9.493565417742545
4.5505504978699,2.911903184792973,0.04396402889739492,-13.4436864523833
2.171424824710253,0.468451882641844,0.2468501191781555,-11.4991066307632
4.704356357966668,3.011981805714512,0.04132559123375668,-18.92176111750418
1,0,1,0
1,0,1,0
1,0,1,0
1,0,1,0
2.5012828506829,0.6293791871252274,0.2137915618151918,-12.61304796069828
4.936130869128893e-15,0.9971839414376547,0.1589964362193153,-8.150953701698485
1,0,1,0
1.028145822447522e-15,0.9817248768514482,0.1608866663087055,-11.16852961575321
2.105620483019891,0.4362982079611584,0.2544572928107377,-9.12881847470654
1,0,1,0
2.157584657856668,0.4611783228505502,0.2485368984031183,-10.27046390827296
1.028145822447522e-15,0.8700869137782234,0.1754656242060906,-8.659517510180066
2.804502661847769e-15,0.9108588167911726,0.1699433260324836,-8.97058837017013
1,0,1,0
1,0,1,0
1.850453014420168,0.3093384101906018,0.2890432236522018,-9.118925302870595
1,0,1,0
1,0,1,0
1,0,1,0
1,0,1,0
1,0,1,0
1,0,1,0
1,0,1,0
1,0,1,0
2.804502661847769e-15,0.9108583113172628,0.16994339303065,-9.425845235835407
1,0,1,0
1.038263951005382e-15,1.061646949002537,0.1514199272650324,-16.14709856826263
1,0,1,0
1,0,1,0
1,0,1,0
1,0,1,0
1,0,1,0
1,0,1,0
9.682324783204268e-17,0.8739862845158015,0.1749270477075631,-3.931381414166365
1,0,1,0
1.028145822447522e-15,0.938092159026759,0.1663844865140069,-10.75477860370724
1,0,1,0
1,0,1,0
1,0,1,0
1,0,1,0
1,0,1,0
1,0,1,0
1,0,1,0
1.038263951005382e-15,0.8678276979307213,0.1757786982499736,-10.85655076961383
1,0,1,0
1,0,1,0
3.375913150811423,1.018484262932546,0.1564394081386534,-9.029411774446855
1,0,1,0
1,0,1,0
6.728744545674702e-16,0.8840662910059862,0.1735451843294968,-8.721987844586989
1,0,1,0
1,0,1,0
1,0,1,0
1,0,1,0
2.036102056218572,0.4014945293444647,0.2631592137121745,-8.509506944675572
1,0,1,0
1,0,1,0
2.804502661847769e-15,0.9994676075662134,0.1587196828014371,-9.178125525164837
1,0,1,0
1,0,1,0
1,0,1,0
1,0,1,0
1,0,1,0
2.804502661847769e-15,0.9377656271523911,0.1664265642172044,-14.65308946854815
1,0,1,0
4.10263496250171,2.595562999571506,0.053581676687945,-16.33865511457639
1,0,1,0
1,0,1,0
1,0,1,0
1,0,1,0
1,0,1,0
1,0,1,0
1,0,1,0
1,0,1,0
1,0,1,0
4.936130869128893e-15,0.938068801867896,0.1663874959038231,-10.24777030292359
1,0,1,0
1,0,1,0
1,0,1,0
1,0,1,0
1,0,1,0
1,0,1,0
2.804502661847769e-15,0.9567148650440025,0.1640079777033268,-10.61960564656571
1,0,1,0
1,0,1,0
1,0,1,0
1,0,1,0
1,0,1,0
1,0,1,0
2.035475328794758,0.4015272357911392,0.2631507904989783,-11.0673251403361
2.804502661847769e-15,0.9560711794248213,0.1640893651798508,-10.21068730360985
1,0,1,0
1,0,1,0
1,0,1,0
2.804502661847769e-15,0.9567148980132636,0.1640079735360723,-10.23118545676193
1,0,1,0
1,0,1,0
2.145988671105187,0.4554708432763412,0.2498741614275913,-11.09774751359561
1,0,1,0
1,0,1,0
1,0,1,0
1,0,1,0
1,0,1,0
1,0,1,0
4.936130869128893e-15,1.094717857865472,0.1477141215866207,-14.44162601038464
1,0,1,0
1.038263951005382e-15,0.6023587947453741,0.2188397258614338,-11.39514548968311
1,0,1,0
1,0,1,0
1,0,1,0
2.804502661847769e-15,1.007983325633585,0.1576932285068933,-11.05472159702622
1,0,1,0
1,0,1,0
1,0,1,0
1,0,1,0
1,0,1,0
1,0,1,0
1,0,1,0
1,0,1,0
1,0,1,0
1.028145822447522e-15,1.069914196070311,0.1504824138681831,-11.37358274325375
4.936130869128893e-15,0.9994676097488409,0.1587196825372305,-22.83319458139505
1,0,1,0
1,0,1,0
1,0,1,0
18.23875066244166,30.48806977617393,1.679629907380686e-08,-37.32582920312144
9.682324783204268e-17,0.7906365871811607,0.1869538524855546,-3.694556697533506
2.804502661847769e-15,0.8402042540865224,0.1796691803210838,-11.21191259727696
4.936130869128893e-15,0.2278423465577948,0.3165641658541938,-4.469400306546881
2.804502661847769e-15,0.4213389185418563,0.258134852501689,-4.209592689366438
2.804502661847769e-15,0.4428514729532829,0.2528746860482185,-4.041314230905868
6.728744545674702e-16,0.5798747950425209,0.2231807007526464,-4.13376610099049
1.038263951005382e-15,0.3998736560543517,0.2635772566906506,-4.553435932053691
8.005405863007662e-18,0.4438249635846558,0.2526410312634876,-3.926664645513029
2.804502661847769e-15,0.4629485359804821,0.2481245927351289,-4.319331825562877
4.936130869128893e-15,0.2278423465577948,0.3165641658541938,-4.469400306546881
1.028145822447522e-15,0.3231858917288761,0.2848496509335994,-3.959691230823226
2.804502661847769e-15,0.4629485359804821,0.2481245927351289,-4.319331825562877
1.028145822447522e-15,0.3627234827070556,0.2734987799316433,-4.283856836376617
1.028145822447522e-15,0.4362049615751964,0.254479934704202,-4.284767753182196
4.936130869128893e-15,0.4067629012113478,0.2618085592586472,-4.243283237942834
1.827506400178574e-15,0.2567359862645784,0.3061857481672703,-3.966463667923381
9.682324783204268e-17,0.3921378696517008,0.2655888910510115,-3.622838930655854
1.20578150638828e-15,0.3388409615945296,0.2802495030388455,-4.390563611724796
2.804502661847769e-15,0.4213389185418563,0.258134852501689,-4.209592689366438
2.804502661847769e-15,0.4428514729532829,0.2528746860482185,-4.041314230905868
2.093959926088373e-15,0.420769438473819,0.2582766794922542,-9.029022100489858
2.804502661847769e-15,0.4428514729532829,0.2528746860482185,-4.041314230905868
1.827506400178574e-15,0.2567359862645784,0.3061857481672703,-3.966463667923381
2.271595610028619e-15,0.4177360414437796,0.2590344413611534,-4.12836696085775
2.271595610028619e-15,0.4177360414437796,0.2590344413611534,-4.12836696085775
8.005405863007662e-18,0.4438249635846558,0.2526410312634876,-3.926664645513029
4.936130869128893e-15,0.3628117486755187,0.2734743970449957,-4.637168841835196
1.20578150638828e-15,0.3696470345769347,0.2715983637211421,-3.346019360636403
6.728744545674702e-16,0.4530063527117747,0.2504553661069463,-4.043481499798584
1.20578150638828e-15,0.3660489568878731,0.2725829208192415,-4.102558840657585
1.827506400178574e-15,0.2567359862645784,0.3061857481672703,-3.966463667923381
2.271595610028619e-15,0.4177360414437796,0.2590344413611534,-4.12836696085775
2.271595610028619e-15,0.4177360414437796,0.2590344413611534,-4.12836696085775
2.093959926088373e-15,0.3637449811332107,0.2732168447888193,-4.008945314034094
8.005405863007662e-18,0.4438249635846558,0.2526410312634876,-3.926664645513029
1.827506400178574e-15,0.2567359862645784,0.3061857481672703,-3.966463667923381
2.093959926088373e-15,0.3637449811332107,0.2732168447888193,-4.008945314034094
9.682324783204268e-17,0.3921378696517008,0.2655888910510115,-3.622838930655854
1.038263951005382e-15,0.460817029838875,0.2486211903143701,-10.21620388154776
1.038263951005382e-15,0.3696542032416605,0.2715964086885204,-3.905766974509263
4.936130869128893e-15,0.2151806377604402,0.3213684123521001,-4.943870035096053
9.682324783204268e-17,0.3921378696517008,0.2655888910510115,-3.622838930655854
9.682324783204268e-17,0.4161035111340006,0.2594438739186203,-3.725020139309105
1.038263951005382e-15,0.2278949984210126,0.3165445335872457,-4.570838655421042
9.83736901463257e-16,0.3185604522798,0.2862370236919373,-3.998142934830729
1.028145822447522e-15,0.4054426872802743,0.2621458640274491,-4.586676840345145
9.83736901463257e-16,0.3237258689338791,0.2846885453967009,-3.338929797018897
2.093959926088373e-15,0.3205785203345872,0.2856300913671815,-4.139638333709367
1.340273035413137e-15,0.3434245367829813,0.2789295764117025,-3.662509915902569
1.038263951005382e-15,0.3689996090086254,0.2717750362655811,-4.197647576071796
9.83736901463257e-16,0.3237258689338791,0.2846885453967009,-3.338929797018897
2.093959926088373e-15,0.3176709569223561,0.286505343902215,-4.274680292523173
9.682324783204268e-17,0.3562385469352822,0.2753013540233495,-4.234516092667602
1.038263951005382e-15,0.224853404352837,0.3176832463428981,-4.514266168501599
5.64667360488876e-15,0.3185602408313652,0.2862370874175746,-3.949704626472551
4.936130869128893e-15,0.3689931517164453,0.2717767994303895,-3.642755511876073
9.83736901463257e-16,0.3237258689338791,0.2846885453967009,-3.338929797018897
4.936130869128893e-15,0.3689931517164453,0.2717767994303895,-3.642755511876073
2.093959926088373e-15,0.3176709569223561,0.286505343902215,-4.274680292523173
8.48884454792928e-15,0.2590330870157338,0.3053926082030732,-11.28458684989597
4.936130869128893e-15,0.3689931517164453,0.2717767994303895,-3.642755511876073
8.48884454792928e-15,0.3502034061177923,0.27699900471212,-12.33060677204755
4.936130869128893e-15,0.3689931517164453,0.2717767994303895,-3.642755511876073
1.028145822447522e-15,0.4054426872802743,0.2621458640274491,-4.586676840345145
6.728744545674702e-16,0.364414324213147,0.2730323976975682,-3.717035792012104
5.64667360488876e-15,0.3185602408313652,0.2862370874175746,-3.949704626472551
1.038263951005382e-15,0.224853404352837,0.3176832463428981,-4.514266168501599
3.17603086687411e-16,0.3886939608203024,0.2664933557171143,-3.966335630759743
1.028145822447522e-15,0.317748698333407,0.286481873131372,-4.576962076365199
1.038263951005382e-15,0.3689996090086254,0.2717750362655811,-4.197647576071796
9.83736901463257e-16,0.3237258689338791,0.2846885453967009,-3.338929797018897
6.728744545674702e-16,0.2830391971368753,0.2973580516462293,-3.902076556447837
8.054333073515119e-16,0.3502034061293564,0.2769990047088482,-4.260343470043087
1.038263951005382e-15,0.3689996090086254,0.2717750362655811,-4.197647576071796
3.17603086687411e-16,0.3886939608203024,0.2664933557171143,-3.966335630759743
2.093959926088373e-15,0.3205785203345837,0.2856300913671826,-4.091199919626975
9.83736901463257e-16,0.3237258689338791,0.2846885453967009,-3.338929797018897
1.028145822447522e-15,0.4048769546366815,0.2622906407768887,-3.630354966315464
1.827506400178574e-15,0.3886933935319385,0.2664935051604138,-3.917897500237799
2.804502661847769e-15,0.3177486995624506,0.2864818727603436,-4.625400489833073
4.936130869128893e-15,0.1995449021714304,0.327544219456319,-4.469400306546881
4.936130869128893e-15,0.2573390300142382,0.3059770994385534,-4.103013392112318
1.20578150638828e-15,0.283039197139713,0.2973580516453057,-3.950514686969781
1.340273035413137e-15,0.3434245367829813,0.2789295764117025,-3.662509915902569
2.269969926313108e-14,0.3658479386554809,0.2726381210476481,-4.673729570297031
1.038263951005382e-15,0.3689996090086254,0.2717750362655811,-4.197647576071796
1.028145822447522e-15,0.317748698333407,0.286481873131372,-4.576962076365199
1.028145822447522e-15,0.317748698333407,0.286481873131372,-4.576962076365199
8.054333073515119e-16,0.3502034061293564,0.2769990047088482,-4.260343470043087
2.271595610028619e-15,0.3658479430592969,0.2726381198381198,-4.443464048566542
3.479574723590854e-16,0.1884547504164953,0.3321029195313083,-4.920312930984504
1.038263951005382e-15,0.3689996090086254,0.2717750362655811,-4.197647576071796
1.340273035413137e-15,0.3434245367829813,0.2789295764117025,-3.662509915902569
1.827506400178574e-15,0.2248462062967151,0.3176859523163146,-3.959374104305875
2.804502661847769e-15,0.3560953978390735,0.275341394679497,-9.872481697885881
4.162828811893032e-17,0.320578511478308,0.2856300940251599,-3.815008621045105
5.64667360488876e-15,0.3185602408313652,0.2862370874175746,-3.949704626472551
1.827506400178574e-15,0.3886933935319385,0.2664935051604138,-3.917897500237799
1.417318643400957e-14,0.1884546880650095,0.3321029456049051,-4.365417689721687
2.093959926088373e-15,0.3205785203345837,0.2856300913671826,-4.091199919626975
3.17603086687411e-16,0.3886939608203024,0.2664933557171143,-3.966335630759743
4.936130869128893e-15,0.2573390300142382,0.3059770994385534,-4.103013392112318
4.936130869128893e-15,0.3689931517164453,0.2717767994303895,-3.642755511876073
1.20578150638828e-15,0.507845157890598,0.2380365807780665,-4.13376610099049
1.340273035413137e-15,0.3434245367829813,0.2789295764117025,-3.662509915902569
9.83736901463257e-16,0.3237258689338791,0.2846885453967009,-3.338929797018897
3.479574723590854e-16,0.1884547504164953,0.3321029195313083,-4.920312930984504
1.038263951005382e-15,0.3176703894834159,0.2865055152306051,-4.226242162001228
4.936130869128893e-15,0.3689931517164453,0.2717767994303895,-3.642755511876073
9.83736901463257e-16,0.3237258689338791,0.2846885453967009,-3.338929797018897
4.162828811893032e-17,0.320578511478308,0.2856300940251599,-3.815008621045105
6.376851020904277,1.994051921111151,0.0789589297535066,-8.055743712913912
4.162828811893032e-17,0.3237323262158691,0.2846866199031253,-3.89382186121462
1.827506400178574e-15,0.2248462062967151,0.3176859523163146,-3.959374104305875
3.479574723590854e-16,0.1884547504164953,0.3321029195313083,-4.920312930984504
1.028145822447522e-15,0.3820197909085383,0.2682621279377251,-4.27192785620805
4.936130869128893e-15,0.3689931517164453,0.2717767994303895,-3.642755511876073
8.005405863007662e-18,0.3434239694946761,0.2789297390395037,-3.614071785380624
8.054333073515119e-16,0.3658479430592951,0.2726381198381203,-4.395025634484149
1.038263951005382e-15,0.3689996090086254,0.2717750362655811,-4.197647576071796
1.827506400178574e-15,0.3886933935319385,0.2664935051604138,-3.917897500237799
1.20578150638828e-15,0.507845157890598,0.2380365807780665,-4.13376610099049
1.038263951005382e-15,0.405442935596227,0.2621458005120398,-4.35641131861466
8.005405863007662e-18,0.3434239694946761,0.2789297390395037,-3.614071785380624
1.028145822447522e-15,0.4054429354911715,0.2621458005389115,-4.307972904532266
1.028145822447522e-15,0.3499754653451639,0.2770635094530857,-4.273871596490407
2.093959926088373e-15,0.3176709569223561,0.286505343902215,-4.274680292523173
6.489262698952258,2.021621409234523,0.07753673912389519,-10.95562197121299
1.028145822447522e-15,0.4048769546366815,0.2622906407768887,-3.630354966315464
1.20578150638828e-15,0.283039197139713,0.2973580516453057,-3.950514686969781
4.936130869128893e-15,0.356239115284831,0.2753011950703667,-4.282954223189548
9.83736901463257e-16,0.3237258689338791,0.2846885453967009,-3.338929797018897
1.028145822447522e-15,0.3499754653451639,0.2770635094530857,-4.273871596490407
3.17603086687411e-16,0.3886939608203024,0.2664933557171143,-3.966335630759743
8.005405863007662e-18,0.3434239694946761,0.2789297390395037,-3.614071785380624
2.271595610028619e-15,0.3658479430592969,0.2726381198381198,-4.443464048566542
8.054333073515119e-16,0.3499756772381328,0.2770634494765301,-4.32230972701235
1.028145822447522e-15,0.4048769546366815,0.2622906407768887,-3.630354966315464
2.804502661847769e-15,0.3878414088419788,0.2667181183665144,-4.031781605950398
8.48884454792928e-15,0.2575687160979143,0.3058977105626283,-10.65425914831176
9.83736901463257e-16,0.3185604522798,0.2862370236919373,-3.998142934830729
6.728744545674702e-16,0.364414324213147,0.2730323976975682,-3.717035792012104
8.005405863007662e-18,0.3434239694946761,0.2789297390395037,-3.614071785380624
2.804502661847769e-15,0.3878414088419788,0.2667181183665144,-4.031781605950398
2.093959926088373e-15,0.3205785203345837,0.2856300913671826,-4.091199919626975
6.728744545674702e-16,0.2830391971368753,0.2973580516462293,-3.902076556447837
3.17603086687411e-16,0.3886939608203024,0.2664933557171143,-3.966335630759743
4.936130869128893e-15,0.356239115284831,0.2753011950703667,-4.282954223189548
5.462693639811752,1.744729175160575,0.09327036147592394,-9.238719656857924
1.038263951005382e-15,0.3502033985147897,0.2769990068632138,-9.839679089578802
1.20578150638828e-15,0.283039197139713,0.2973580516453057,-3.950514686969781
6.728744545674702e-16,0.364414324213147,0.2730323976975682,-3.717035792012104
1.827506400178574e-15,0.3886933935319385,0.2664935051604138,-3.917897500237799
4.936130869128893e-15,0.3689931517164453,0.2717767994303895,-3.642755511876073
1.038263951005382e-15,0.3658479356182589,0.2726381218818351,-4.118834335902281
2.093959926088373e-15,0.1834991319834538,0.3341916141257348,-3.997429736209817
1.340273035413137e-15,0.3434245367829813,0.2789295764117025,-3.662509915902569
6.012685715409792,1.89808914850726,0.08414618010287245,-9.64828444445258
2.093959926088373e-15,0.3135056756943833,0.2877684439423494,-9.678930842679677
1.038263951005382e-15,0.3173135076274569,0.2866133095069883,-8.949518442012394
1.038263951005382e-15,0.224853404352837,0.3176832463428981,-4.514266168501599
9.83736901463257e-16,0.3185604522798,0.2862370236919373,-3.998142934830729
4.162828811893032e-17,0.3237323262158691,0.2846866199031253,-3.89382186121462
2.804502661847769e-15,0.3878414088419788,0.2667181183665144,-4.031781605950398
5.883048960148618,1.866454861152203,0.08594083080199882,-8.25188527681753
1.038263951005382e-15,0.3689996090086254,0.2717750362655811,-4.197647576071796
3.479574723590854e-16,0.1884547504164953,0.3321029195313083,-4.920312930984504
4.162828811893032e-17,0.3237323262158691,0.2846866199031253,-3.89382186121462
4.936130869128893e-15,0.2573390300142382,0.3059770994385534,-4.103013392112318
1.028145822447522e-15,0.4054426872802743,0.2621458640274491,-4.586676840345145
1.20578150638828e-15,0.283039197139713,0.2973580516453057,-3.950514686969781
9.83736901463257e-16,0.3237258689338791,0.2846885453967009,-3.338929797018897
1.827506400178574e-15,0.3886933935319385,0.2664935051604138,-3.917897500237799
4.936130869128893e-15,0.1995449021714304,0.327544219456319,-4.469400306546881
9.83736901463257e-16,0.3185604522798,0.2862370236919373,-3.998142934830729
1.417318643400957e-14,0.1884546880650095,0.3321029456049051,-4.365417689721687
4.936130869128893e-15,0.1995449021714304,0.327544219456319,-4.469400306546881
5.64667360488876e-15,0.3185602408313652,0.2862370874175746,-3.949704626472551
1.038263951005382e-15,0.2967541990890545,0.2929622190326529,-4.42764310477658
1.038263951005382e-15,0.3176703894834159,0.2865055152306051,-4.226242162001228
2.271595610028619e-15,0.3658479430592969,0.2726381198381198,-4.443464048566542
1.028145822447522e-15,0.4048769546366815,0.2622906407768887,-3.630354966315464
4.936130869128893e-15,0.2573390300142382,0.3059770994385534,-4.103013392112318
1.028145822447522e-15,0.3499754653451639,0.2770635094530857,-4.273871596490407
1.038263951005382e-15,0.3176703894834159,0.2865055152306051,-4.226242162001228
1.038263951005382e-15,0.1995902622674031,0.3275258889910744,-4.552321800414594
1.028145822447522e-15,0.317748698333407,0.286481873131372,-4.576962076365199
1.028145822447522e-15,0.3499754653451639,0.2770635094530857,-4.273871596490407
8.054333073515119e-16,0.3502034061293564,0.2769990047088482,-4.260343470043087
8.054333073515119e-16,0.3658479430592951,0.2726381198381203,-4.395025634484149
1.038263951005382e-15,0.1995902622674031,0.3275258889910744,-4.552321800414594
1.038263951005382e-15,0.1995902622674031,0.3275258889910744,-4.552321800414594
1.028145822447522e-15,0.4054426872802743,0.2621458640274491,-4.586676840345145
2.093959926088373e-15,0.3176709569223561,0.286505343902215,-4.274680292523173
9.83736901463257e-16,0.3185604522798,0.2862370236919373,-3.998142934830729
1.20578150638828e-15,0.507845157890598,0.2380365807780665,-4.13376610099049
4.936130869128893e-15,0.1995449021714304,0.327544219456319,-4.469400306546881
2.271595610028619e-15,0.3658479430592969,0.2726381198381198,-4.443464048566542
8.054333073515119e-16,0.3499756772381328,0.2770634494765301,-4.32230972701235
4.936130869128893e-15,0.2246456005053261,0.3177613876306704,-9.407046156861435
9.83736901463257e-16,0.3237258689338791,0.2846885453967009,-3.338929797018897
1.038263951005382e-15,0.405442935596227,0.2621458005120398,-4.35641131861466
1.340273035413137e-15,0.3434245367829813,0.2789295764117025,-3.662509915902569
5.64667360488876e-15,0.3185602408313652,0.2862370874175746,-3.949704626472551
1.028145822447522e-15,0.3820197909085383,0.2682621279377251,-4.27192785620805
8.054333073515119e-16,0.3499756772381328,0.2770634494765301,-4.32230972701235
1.340273035413137e-15,0.3434245367829813,0.2789295764117025,-3.662509915902569
5.64667360488876e-15,0.3185602408313652,0.2862370874175746,-3.949704626472551
8.054333073515119e-16,0.3499756772381328,0.2770634494765301,-4.32230972701235
5.64667360488876e-15,0.3185602408313652,0.2862370874175746,-3.949704626472551