dN/dS,LRT,p-value,Log(L)
3.17603086687411e-16,12.55877707305191,0.0001971748653847305,-4.04893924922404
0.2512085738079464,3.181740384619758,0.03723268823900067,-42.14799242418708
6.728744545674702e-16,8.295402840381058,0.001987278135388626,-48.74094724652755
0.5244922454755816,1.039661116775484,0.1539501501647293,-29.2312990202445
9.555848176237971e-17,7.627283618347516,0.002874591352439393,-5.516461156323114
9.555848176237971e-17,9.544431249558427,0.001002784809590929,-6.295536303323659
0.9196250560293645,0.01438835583486764,0.4522607946897421,-33.06312094721988
0.575682883300598,1.103745983456207,0.146722742455227,-32.02096668946292
0.3077823749892086,2.13169386112169,0.0721406200055798,-14.42458907328474
0.5238935501535209,1.043785791553084,0.1534713143529243,-24.00469393571538
6.728744545674702e-16,4.187616781377876,0.02036015156728171,-20.78847239533597
5.840566125974614e-16,8.824958189654815,0.001485691004856571,-31.3809244619855
1.038263951005382e-15,4.186276627829272,0.02037625438967411,-71.10117414561542
1.876182922242071,2.577271906589445,0.05420417813491574,-63.996490807853
0.2841161151850688,2.514554030086742,0.05639977030509552,-43.34099870484037
1.048081633964156,0.01079992775564165,0.4586153459831929,-65.21694459432565
0.3778709764361503,1.340904531593232,0.1234372576485906,-15.91370778719792
0.4865469414356495,1.333585778217667,0.1240841523318114,-21.53227764294502
3.690269149788843,16.00787270591402,3.153981610409806e-05,-125.1147615360338
3.17603086687411e-16,8.759378434732533,0.001540070028827945,-11.91899649539523
0.5471754641808549,1.341204480524837,0.1234108336893768,-55.44314049352152
0.2288444730193315,3.771970190235201,0.0260591048568925,-27.43101606093149
0.3991799860378817,2.335961809048975,0.06320844378357127,-30.04528070216737
0.6802149530493682,0.5054763506744848,0.2385518469036524,-42.74190737478482
0.5529784901375117,1.289531147565675,0.1280671861112295,-28.02208774930129
0.4620670515364807,1.561510645720759,0.1057220848910826,-56.34349988157766
3.17603086687411e-16,9.946792591460824,0.0008056494497407085,-11.34169570825743
0.2308519872865535,3.717286958637374,0.02692590256072419,-61.93732521171443
5.840566125974614e-16,4.352002051546613,0.01848273342487389,-25.6039705277021
3.17603086687411e-16,9.180802536440083,0.001222833808987023,-13.02275673011963
9.555848176237971e-17,7.536714710361906,0.003022708714412403,-14.44261749813325
1.028145822447522e-15,11.31935806338403,0.0003835161281994792,-37.28554861981358
1,0,1,0
0.2260979808784114,3.85959703349571,0.02473110329877021,-13.75551232661069
1,0,1,0
3.17603086687411e-16,8.955165026915019,0.001383430958693754,-28.12950051881414
0.2281760502469595,3.80107645406266,0.02560982206982543,-24.27778620983615
2.287852447174094e-16,8.722374949503525,0.001571641571388505,-21.7998909356902
9.555848176237971e-17,10.9699255727274,0.0004630123972986233,-21.09716103161159
0.230926826924783,3.715133263386107,0.02696066013461623,-41.93037884862184
1.212183632058033,0.2076000232756599,0.3243275098187143,-50.37331314503393
9.682324783204268e-17,8.955165040221651,0.001383430948616982,-20.46899511561
0.7255663339416102,0.3422946678895187,0.279253840709057,-27.86355766234382
4.730343101349462e-16,8.645174993947414,0.00163964319897314,-11.95671176621223
5.840566125974614e-16,7.948247097551068,0.00240669878414701,-25.83544037055463
0.2308895410245804,3.716192556721438,0.02694355871292664,-75.80390226234688
0.2288529230944047,3.771739963043494,0.02606269169078257,-19.76285665717472
0.3988260493833066,2.341343849852649,0.06299041567679708,-30.63086574375987
3.438272979163066,10.43746499508757,0.0006174231746590153,-63.88535100575001
1,0,1,0
9.555848176237971e-17,9.583225643905951,0.0009818155713934296,-11.8611052914475
3.17603086687411e-16,8.955165088855736,0.001383430911787609,-29.02243061091883
5.840566125974614e-16,8.645175972728275,0.001639642318121803,-10.93526133845856
5.840566125974614e-16,8.722643309637022,0.001571410253850269,-17.04918735865792
9.555848176237971e-17,9.946793412002812,0.0008056490906363512,-18.12009867371014
1,0,1,0
6.728744545674702e-16,9.582614314027552,0.000982142537043762,-49.17504510582128
1.028145822447522e-15,4.361333609226051,0.01838175717711199,-36.34396195015336
0.2230168821602196,3.952189820880974,0.02340520771416726,-14.29905360569347
5.840566125974614e-16,5.356820486023622,0.01032068687494792,-25.11298575526389
1.312472726452218,0.4034427640863925,0.2626583024555809,-51.41291040439105
9.555848176237971e-17,7.485851355902732,0.003109283028800369,-12.50943725589028
0.3032556881045716,2.201686998074955,0.06892989557574597,-20.06091042020143
1.010149534059706,0.0005036901774104763,0.4910472728352743,-36.51102849802429
0.1759855257391567,5.869378691514939,0.007703244215011729,-36.16062144761041
0.6254166889268215,0.7745908980870126,0.1894002788017807,-20.02336078458659
1,0,1,0
3.17603086687411e-16,9.180802525694297,0.001222833816166446,-13.02166759146392
1.642550970272253,1.668354779672299,0.09823952159675314,-52.45278878093958
0.3681637063848889,2.855570120956457,0.04552897605627032,-40.18015968644591
9.682324783204268e-17,8.759378434667234,0.001540070028883067,-19.41235946233764
0.2261199900283291,3.857794758712679,0.02475768456452765,-16.47721362116561
1.480526161380347,0.5400422781113718,0.2312076028021193,-60.15797670518054
0.5043408302415566,1.187075518736492,0.1379601267702575,-47.11505381332127
0.2573027616118565,3.049666403090072,0.04037686424879899,-17.64015607414845
3.17603086687411e-16,10.02436941489205,0.000772412778132503,-12.20070763072265
9.555848176237971e-17,10.96981108881305,0.0004630410026437159,-21.79206700921991
0.6265318707824475,0.7668956456960103,0.1905895628902358,-28.30731806871224
0.2288610524410681,3.771325258008559,0.02606915392278236,-53.22501919180187
5.840566125974614e-16,9.180673412334308,0.00122292008234054,-22.76316611488858
9.555848176237971e-17,8.645174993989656,0.00163964319893517,-12.65223394029012
0.459348937710112,0.7956319740432605,0.186201277373386,-39.93287649013639
0.581025561609367,1.062539635807639,0.1513183334557844,-25.61587912955085
3.17603086687411e-16,10.02436925821951,0.0007724128438347799,-12.1976160966826
0.2007964406386269,4.733966861785561,0.01478630224399863,-29.80179248045702
1,0,1,0
9.682324783204268e-17,4.532754591165521,0.01662602667154806,-27.2698094662394
5.840566125974614e-16,10.97049604596538,0.0004628698835213996,-25.21062956594979
3.17603086687411e-16,10.0242948906739,0.0007724440312759651,-17.83619152748103
5.840566125974614e-16,8.759378433166845,0.001540070030150054,-27.11779888093615
0.3664120257489441,1.444882841006844,0.1146754110868762,-24.70387550182222
2.287852447174094e-16,9.180779628250946,0.001222849114480062,-19.75025650249096
3.17603086687411e-16,10.02431514889565,0.0007724355354799539,-11.10098633390368
0.3524138785114063,3.165803374838546,0.03759771563774683,-37.34523522215306
0.2734741871582547,2.71101368432214,0.04982882356111096,-33.09563345850204
9.682324783204268e-17,5.356308644187529,0.01032371664357512,-29.23823165975768
0.4583868237766949,1.596917359849414,0.1031703067407956,-36.70036783453812
0.2410264533714068,3.43452726816129,0.03192342734756481,-19.13216705565571
0.7217744537524725,0.3546077253590454,0.2757581632671641,-38.09616737600117
1,0,1,0
3.17603086687411e-16,10.02432342348283,0.0007724320653504368,-18.13577720485566
2.731941657024047e-16,7.767746793541445,0.002659367675825808,-12.42158417065173
0.273873214296976,2.704355288348104,0.05003726539046111,-21.12718002215797
1.57550054363808,1.24191169360877,0.1325514708776351,-59.17025480301029
2.731941657024047e-16,9.583125787858854,0.0009818689711832973,-10.25130149788123
2.804502661847769e-15,6.40597482070541,0.005686848162326674,-75.69004682760757
0.3681639591201873,2.855632161021887,0.04552721967970091,-35.35173848388317
0.2410627120906894,3.432707245712066,0.03195862230037083,-23.76189575192783
0.2008047783568186,4.733640140764432,0.014789111036557,-14.73716324248461
1.425838083226871,0.5573191961576214,0.2276712001405388,-41.73480925489865
1,0,1,0
0.9191103037671476,0.02907744071438856,0.4323001765563859,-33.07088512721779
1,0,1,0
3.17603086687411e-16,6.750932740376424,0.004684934439570188,-12.48593936952474
5.840566125974614e-16,8.759378427079319,0.001540070035290608,-19.42517726950295
1,0,1,0
5.114956077737342e-17,10.02439649984953,0.0007724014198595697,-5.25319149362093
0.2231928946340321,3.946811143401483,0.02348013872262372,-21.93362960028348
9.682324783204268e-17,8.759362621367089,0.001540083382317925,-32.74757023682328
0.3988432686235436,2.341081099488179,0.06300104033955706,-20.70976166479845
1,0,1,0
0.6038262224384198,0.9059326408428348,0.1705979585470652,-45.28679987267739
3.17603086687411e-16,7.485305717772039,0.003110225350891394,-14.85717911798526
5.840566125974614e-16,7.759449271287565,0.002671612526405909,-34.24720929538407
5.840566125974614e-16,10.55578554088936,0.0005791248924820747,-17.97777640043795
9.682324783204268e-17,6.588445575180963,0.005132137780263113,-27.76530835478117
3.17603086687411e-16,4.351271170987935,0.0184906667323928,-12.81813319333642
0.2230078409799697,3.952466638955336,0.02340135815639854,-29.42086572521021
2.731941657024047e-16,9.946793412003885,0.0008056490906359071,-29.11911365332332
5.840566125974614e-16,6.605369962514402,0.005083583862631136,-20.52128083696571
6.728744545674702e-16,7.485234529038337,0.00311034831598489,-54.15248639432377
1,0,1,0
9.682324783204268e-17,8.645175440543184,0.001639642797060359,-16.14086591200592
0.4590244361288318,0.7973276431232748,0.1859467816433174,-25.56295686112651
9.682324783204268e-17,9.582708939544034,0.0009820919200062561,-32.23517061056781
1,0,1,0
0.9194010463004227,0.02885613409719667,0.4325558202322914,-44.83204899632299
0.4583258050683504,1.597679345212526,0.1031161958409521,-27.52671521471752
1,0,1,0
0.9248983749495068,0.03110769844042238,0.4300001643158432,-87.87166733955307
1,0,1,0
0.2288603172465332,3.771552185722022,0.02606561756198938,-16.04989960416338
1,0,1,0
1.79726808447421,2.267346981720294,0.06606295632391207,-74.31982658088833
0.1818517159545498,5.568734088838717,0.009141987431970811,-21.27378672106549
5.840566125974614e-16,8.955165634280998,0.001383430498750504,-14.05408976476028
0.7954689103767287,0.180974019144287,0.3352687583792462,-53.66237677390546
2.731941657024047e-16,5.355082976457638,0.01033097553519835,-8.197080547550684
0.2288090556989821,3.771843551788635,0.02606107776107691,-32.48780323236561
9.555848176237971e-17,10.9700399736141,0.0004629838144838416,-11.38375335475488
0.2309866097276323,3.713391818168684,0.02698879933479803,-14.80508071470243
0.183890217676362,5.468453490896096,0.009681376097829764,-40.13657808992753
0.2700325434244868,2.778868675650759,0.04775780856163953,-14.29306746957813
2.259515475164123,5.631217901341074,0.00882168456124921,-103.9361888824341
3.17603086687411e-16,9.180792629115427,0.001222840428276806,-12.32749585252104
1.184273928567032,0.1612556294471972,0.3440015553827371,-48.50494567711441
5.840566125974614e-16,10.55522767829639,0.0005792997034327896,-24.37688791310751
2.130900649336349,4.929185244531539,0.01320338256607351,-73.3118748547723
9.682324783204268e-17,7.485851260966079,0.003109283192731516,-26.58526492052563
1.86615135088033,2.536272958344057,0.05562856418430057,-69.44422835268257
1.559213489066143,1.359140267897203,0.1218432681477348,-69.50246068644886
3.17603086687411e-16,10.8572760036817,0.0004920417027661217,-12.43187314211551
1,0,1,0
3.17603086687411e-16,7.306647523809428,0.003434998920667787,-11.03718096937543
9.682324783204268e-17,10.85719230900028,0.000492063940979226,-18.25050478194215
1.028145822447522e-15,10.18040996466702,0.0007097030924991254,-32.17032995897866
2.449231293967717e-15,4.289433406537626,0.01917497183447509,-35.62482016869556
5.840566125974614e-16,8.72250740902458,0.001571527391348859,-22.78981942502104
1,0,1,0
1.028145822447522e-15,4.530317296534584,0.01664972157276723,-23.7741999773177
0.4668437579582703,1.514954379003591,0.109192322936732,-21.93046796521633
0.6946749736849603,0.4495975080799184,0.2512630766890963,-55.16479785999142
1.417946038489129,0.3252256905922195,0.2842419956050652,-32.77342574142476
0.4601994917416557,1.57859489754086,0.1044816016787558,-21.27218214238978
0.5536136004523132,0.8566287532349719,0.177341916961991,-21.86234120146024
0.2410108484199971,3.435039463085111,0.03191353015692533,-19.22939619891783
9.682324783204268e-17,6.750932700559446,0.004684934544119279,-21.61206888198388
1,0,1,0
3.17603086687411e-16,9.946792591436903,0.0008056494497512001,-18.67991551091773
1.028145822447522e-15,4.516841809857922,0.01678136582405693,-49.28743813945464
5.840566125974614e-16,8.722678862198684,0.001571379611315982,-24.36076587592854
0.6701698689648774,0.5489629880981823,0.2293708632446383,-53.01184672949425
1.028145822447522e-15,8.645175972721738,0.001639642318127688,-31.63044353795601
0.1525395356024498,7.325045898479264,0.003400011386344215,-12.7918500176361
1,0,1,0
9.555848176237971e-17,8.722787346908468,0.001571286112764581,-12.1161704629728
9.682324783204268e-17,8.722697682458232,0.001571363390495795,-18.14936836155029
0.2080706046738147,4.454691399135328,0.01740275225472204,-24.39019216969555
1.120177684708339,0.03703445300616437,0.4236974590580004,-25.41562616136125
1,0,1,0
1,0,1,0
1,0,1,0
1.028145822447522e-15,4.533140380727922,0.01662227933101279,-21.72623331151293
9.682324783204268e-17,6.750932739757708,0.004684934441194777,-17.50832700001297
1,0,1,0
1,0,1,0
1.028145822447522e-15,11.31909890203322,0.0003835696588668225,-41.54785637112048
1.028145822447522e-15,8.955165634312195,0.001383430498726856,-37.29388270922134
0.226081121495662,3.860109066904883,0.02472355695569878,-24.49332165919271
9.555848176237971e-17,8.836967398495304,0.001475946224392954,-12.95128808159492
5.840566125974614e-16,8.759362612138801,0.001540083390110747,-51.39229796685346
1.422159675840534,0.8806367605082812,0.1740136676123698,-112.8456008966959
1.028145822447522e-15,8.645175355339219,0.001639642873739466,-58.11549114470898
0.3988103955086975,2.341590487922929,0.06298044434855804,-21.84969847773818
0.478465633092804,1.404518445710991,0.1179842491242624,-27.76084005071626
9.555848176237971e-17,10.02437718980986,0.0007724095176471768,-11.72851682932845
3.17603086687411e-16,5.356532915136064,0.01032238899310506,-18.12090938331118
1.678406787531036,1.431200892513445,0.1157842761122858,-56.3763025123145
2.190707408547157,3.819610931806153,0.02532799972836869,-68.37996469916249
2.943296887616562,5.331537805814037,0.01047144932917277,-74.82252573681659
1,0,1,0
5.840566125974614e-16,9.946793411996097,0.0008056490906392932,-20.56132888015756
0.7477978779109569,0.1856138248668344,0.333296272413774,-33.52450765422162
1.970016116561301,2.586398126917871,0.05389259835661375,-55.70570566825462
0.2975909724948026,2.289111105667516,0.06514225942542706,-24.05080581357691
3.17603086687411e-16,10.98070686587386,0.0004603265371024845,-21.70890653905748
0.1961080314669562,4.920777465603543,0.01326778665410361,-20.95463607029744
0.7525734110765662,0.2659071652984366,0.3030452947255508,-24.61622392859067
0.2310602122308246,3.711272732493626,0.02702308262459602,-37.27799090647225
9.682324783204268e-17,8.955165122481077,0.001383430886323922,-17.50030252893609
5.840566125974614e-16,7.485851269347954,0.003109283178258149,-20.33134349773425
1,0,1,0
0.971207773561663,0.00342241461638082,0.4766746209135942,-47.28532378263066
0.1961267403735951,4.919977974354893,0.01327392778169795,-20.61028975817091
0.3681987206808877,2.85501992090262,0.04554455563720217,-23.66968146876202
1,0,1,0
1,0,1,0
0.6080761899564164,0.8794611086010633,0.1741746599693919,-34.01932132741435
2.731941657024047e-16,8.955164694524285,0.001383431210405128,-10.9991100391708
1.519016545004655,0.9099203357339434,0.1700677784637782,-61.96288150909547
5.840566125974614e-16,8.759358108538066,0.001540087193167616,-44.39499130282689
3.17603086687411e-16,8.722751797777708,0.001571316750489271,-11.89456714006458
0.2512098262361457,3.184681786309582,0.03716573428044018,-41.70258332289541
3.17603086687411e-16,10.97106716358975,0.0004627272531894655,-19.19579280485788
0.5351993725299861,0.9701436786978661,0.1623221742593466,-43.56443258499697
0.1962538396471615,4.914695409415934,0.01331457904435762,-20.60141808641387
1.151699596884235,0.0948605763045407,0.3790432807844922,-46.44141576428805
0.2015845179688896,4.705294869113736,0.0150349215821039,-29.78359469781955
0.7987340881918402,0.2169500688509203,0.3206868521576663,-32.28511377522938
3.17603086687411e-16,10.49638326901994,0.0005980421834108074,-22.74738330157932
4.423074208815226,26.78774723756698,1.135362671655926e-07,-123.0718112482378
0.5054798849513861,1.175986761357535,0.1390872640945565,-42.59282477234638
0.2303655242060176,3.738221488595752,0.02659051142624896,-14.7402380756192
9.555848176237971e-17,10.79798059096991,0.0005080543869045995,-16.96714975044841
9.682324783204268e-17,10.12618637948727,0.0007308876966157785,-19.31285282243536
0.3970212967747619,2.367548058316551,0.06194074579448883,-18.50256147040642
5.114956077737342e-17,10.79817089275102,0.0005080021620326725,-5.827109349176809
9.555848176237971e-17,7.905533754553268,0.002464189875173939,-14.69230552807937
0.2949309480114923,2.329804623055999,0.06345890304916979,-16.89665185213429
1.028145822447522e-15,4.476863586468689,0.01717835767493431,-4.570393958035272
4.730343101349462e-16,8.598062931406364,0.001682603743814459,-11.53954576218473
6.740639792367023e-18,10.26915637442444,0.0006763632168558797,-3.86089586411213
5.840566125974614e-16,8.906363845819733,0.00142089277421753,-23.79986261965563
0.7291271618029177,0.331341582115428,0.2824350908908114,-38.13438914091254
9.682324783204268e-17,8.71164026571833,0.001580922942189922,-56.10939533779603
9.682324783204268e-17,10.9116332612852,0.0004778111706472687,-25.19796978776994
5.840566125974614e-16,9.969773431052186,0.0007956553658663434,-12.41118175867569
0.3890694186651927,2.49166562570668,0.05722527137529781,-19.84359849794823
3.17603086687411e-16,7.725425118446594,0.002722426893655039,-13.51030668800851
9.555848176237971e-17,4.508653276062022,0.01686189170805058,-7.814604216450955
2.287852447174094e-16,7.905570903142863,0.002464139270874743,-11.13922458309315
0.925563134065703,0.02439478599860934,0.4379422982181662,-44.39488229880294
2.287852447174094e-16,10.79800484216084,0.0005080477313033072,-17.34806351545349
0.2322598234674568,3.677027852195025,0.02758355374902177,-23.98211219349453
9.555848176237971e-17,11.28265980910967,0.0003911719403715819,-24.22703893904011
9.682324783204268e-17,8.674907063492981,0.001613106536409725,-22.34646346090998
9.682324783204268e-17,4.327948084020221,0.01874570802415443,-20.3251030630351
2.731941657024047e-16,7.905600555460751,0.002464098878855736,-12.5278709348709
5.840566125974614e-16,9.892592047467168,0.0008297272701495717,-18.64738954603132
9.555848176237971e-17,8.711656165923959,0.001580909153523269,-12.0481137097833
3.17603086687411e-16,10.32690379628446,0.0006555247763554983,-28.4804256937274
5.840566125974614e-16,11.28452865066507,0.0003907783653875341,-28.7743548043777
9.555848176237971e-17,6.714141674829431,0.004782565841073672,-5.661146334332004
9.555848176237971e-17,7.266980166374967,0.003511689577032573,-12.86104992823372
3.17603086687411e-16,8.236541664837038,0.002052764233666515,-4.433453080085076
0.3891483938982632,2.490369375754867,0.05727241933177524,-20.98008146961292
2.600887632953176,5.397258669259713,0.01008420291042988,-95.83404742013791
0.5563053683019064,1.260738667842034,0.1307556586077232,-27.53823713745363
5.840566125974614e-16,11.27785421923738,0.0003921858300781622,-33.37363105088011
0.4854132338581054,1.341339408722256,0.123398949464352,-21.02922982748212
5.114956077737342e-17,10.79817089275102,0.0005080021620326725,-5.827109349176809
9.555848176237971e-17,6.551704958933861,0.005239185151559078,-5.891828447480297
0.1943136604628145,4.992924342437217,0.0127255809229937,-12.92141557000753
0.3070842962572194,4.286015865127581,0.01921355633866167,-21.5228532632381
0.3949114000276402,2.401116273014892,0.06062435193457727,-43.57869655773145
9.555848176237971e-17,6.551704958933861,0.005239185151559078,-5.891828447480297
3.17603086687411e-16,9.969683746828771,0.0007956941233344117,-11.09173574565675
0.6069605935851425,0.8857600939897736,0.1733144372236142,-29.83420037868744
0.2293814076887556,3.765666000175756,0.02615751019138585,-16.59099497496574
5.840566125974614e-16,7.905461709191144,0.002464288019335348,-26.62439217714237
0.1771541922331327,5.807801877295965,0.007977612591480443,-26.97112566647513
3.17603086687411e-16,8.236541664837038,0.002052764233666515,-4.433453080085076
5.840566125974614e-16,9.130647656099761,0.001256813601758,-16.12948272926276
0.9637101823350765,0.005493887528047026,0.4704571470565734,-42.16748817436642
6.728744545674702e-16,7.444247877240187,0.00318197539204057,-21.44261274329358
0.41866779110125,2.061333377427168,0.07553896091908324,-20.32358917670397
9.555848176237971e-17,9.130776987349879,0.001256724758960104,-13.0030960748526
9.555848176237971e-17,7.905424076471661,0.002464339286282646,-20.1173402118255
9.682324783204268e-17,8.598063909734833,0.001682602839918002,-17.24389292878725
5.114956077737342e-17,8.711631109596905,0.001580930882438658,-6.357160040773476
2.287852447174094e-16,8.675154412788828,0.001612887610961455,-18.13533199733357
3.17603086687411e-16,10.91012297705704,0.0004782008809052773,-11.7330809789011
5.114956077737342e-17,10.79817089275102,0.0005080021620326725,-5.827109349176809
5.840566125974614e-16,7.905561121207569,0.002464152595853475,-17.68190933803843
0.2293923915078606,3.765345254249027,0.02616252737982105,-30.7154884004736
0.9253726939669787,0.02452627381144623,0.437776636751137,-46.16416185820528
4.004733053112191e-17,9.969788289777634,0.0007956489447814019,-5.596225886612415
0.485109468023296,1.343985347711175,0.1231661825837185,-19.14939650102868
5.114956077737342e-17,8.711631109596905,0.001580930882438658,-6.357160040773476
9.555848176237971e-17,7.265141879700717,0.003515285734542017,-8.631596278185825
5.840566125974614e-16,5.327367954712802,0.01049653255751754,-11.28593019803909
3.17603086687411e-16,8.67507389365025,0.00161295887402485,-10.09280185934238
0.2242976044687508,3.912568830807899,0.02396314381395637,-37.67796538418605
5.114956077737342e-17,8.675272281807976,0.001612783297341991,-5.291381769212509
0.3815271829616794,2.614840324057354,0.05293409059079762,-42.9219540549413
0.5063338557882862,1.168744096922694,0.1398297225785526,-43.01752909899888
0.2322467076188401,3.677395606995077,0.02757746983985571,-28.56883874546687
2.804502661847769e-15,6.71414077282823,0.004782568260067177,-38.44077888440023
9.555848176237971e-17,11.28448869407715,0.0003907867759921357,-16.22624760202587
1.015021941652096,0.00110048979018984,0.4867680630017567,-59.10225134462108
9.682324783204268e-17,9.130704681934752,0.001256774427650098,-17.94487020475949
2.731941657024047e-16,8.711656165990398,0.001580909153465648,-14.00863256793157
3.17603086687411e-16,10.12434822295282,0.000731616961789805,-19.31714393212257
5.840566125974614e-16,6.714141666228006,0.004782565864140997,-10.86862552596721
0.2243087163627634,3.912204599309668,0.02396833746424037,-19.28088413251601
5.840566125974614e-16,8.236330699568462,0.002053002850991137,-21.95872468822356
1.028145822447522e-15,5.327342925416964,0.01049668330578496,-18.11288020694626
1.567771820998203,1.392029176109446,0.1190313595809613,-55.01196533737612
5.840566125974614e-16,8.598063909665115,0.00168260283998245,-19.97072140503189
1.028145822447522e-15,4.332194831822299,0.01869899628133037,-28.40483029616075
9.682324783204268e-17,8.236466981966416,0.002052848702290333,-25.78544729169973
1.028145822447522e-15,4.498769912964995,0.01695962256161448,-28.64322745676202
4.004733053112191e-17,9.89259122724782,0.0008297276399829578,-5.826907999760708
2.731941657024047e-16,8.598062931482399,0.001682603743744238,-13.28240707141045
5.840566125974614e-16,10.92679489451514,0.0004739166463960665,-33.09053177921256
3.17603086687411e-16,13.01696889519535,0.0001543405240170825,-4.04893924922404
5.840566125974614e-16,6.893187591591584,0.004326242082331844,-28.15787183329278
9.682324783204268e-17,8.675156108808686,0.001612886109941869,-25.78957439475723
0.2242980146036107,3.912566007516304,0.02396318406727288,-31.30098043322848
5.114956077737342e-17,8.711631109596905,0.001580930882438658,-6.357160040773476
0.2094455432908073,4.403642146120333,0.01793113182399275,-21.72264138400347
0.730117332986464,0.3283428770775885,0.2833182475941124,-43.51649991290092
9.555848176237971e-17,5.327442716597009,0.01049608228953369,-5.268549238497749
9.682324783204268e-17,8.598063909734833,0.001682602839918002,-33.85497835856472
3.17603086687411e-16,10.12416947002832,0.0007316879190324421,-5.08682341390854
5.840566125974614e-16,11.28244944991138,0.0003912162667496499,-28.66574669675239
6.740639792367023e-18,10.26915637442444,0.0006763632168558797,-3.86089586411213
5.840566125974614e-16,7.265124108811385,0.003515320517287868,-8.423464044910636
9.682324783204268e-17,11.14255403127677,0.0004218482361801335,-59.78280947609656
9.555848176237971e-17,9.768232487554158,0.0008877653246588402,-5.805526595130063
3.17603086687411e-16,10.02167739116943,0.0007735425421614428,-8.795249083712662
1.028145822447522e-15,9.768232660067781,0.0008877652413577519,-35.01377940381438
3.17603086687411e-16,11.14266821808705,0.000421822269569716,-25.64631116457689
3.17603086687411e-16,7.175441650407045,0.003695412558054556,-10.75487997768195
6.740639792367023e-18,10.14005180497744,0.0007254104296186004,-3.856219721862864
9.555848176237971e-17,9.411199371958565,0.001078320565304935,-4.721591924274567
3.17603086687411e-16,8.566170513540204,0.001712333626857354,-4.919925386999967
6.728744545674702e-16,11.14232221226413,0.0004219009578686483,-29.89942375151931
1.028145822447522e-15,4.420594104161923,0.01775383572283934,-4.570393958035272
0.2121182347136772,4.308818355859231,0.01895764462562266,-38.04267030490811
9.682324783204268e-17,10.77768064122277,0.0005136566380917751,-23.79967846134653
3.17603086687411e-16,12.85332996608186,0.0001684396112323072,-4.04893924922404
2.428518021397207,6.5077209565342,0.005370353988114751,-96.13017442376785
0.2028540334358671,4.648589442802479,0.01553953798977731,-15.441668000279
4.004733053112191e-17,11.14266822575129,0.0004218222678268879,-6.159486126484691
1.028145822447522e-15,4.420594104161923,0.01775383572283934,-4.570393958035272
3.17603086687411e-16,6.629734981406141,0.005014509236030085,-10.65386836505241
4.004733053112191e-17,11.14266822575129,0.0004218222678268879,-6.159486126484691
0.278531908980899,2.616204526287994,0.05288858904596461,-16.97169461046015
0.1927384247709809,5.064039419858304,0.0122136197342857,-35.11826087437504
6.728744545674702e-16,8.678055418250587,0.001610322223690897,-23.61609019178271
2.3166052493529,3.236441018059239,0.03600846067498586,-61.55444146924658
4.730343101349462e-16,8.566116304502064,0.001712384612123918,-11.17360915619516
0.5443742133013962,0.9123438065799832,0.1697466509119721,-37.64915686192796
0.2121096076522812,4.308905804038687,0.01895667010275659,-59.12769190571917
3.17603086687411e-16,10.78443283170594,0.0005117863107841902,-31.96068733586103
0.2031765203662782,4.64144651179231,0.01560434326366383,-36.64035695163501
3.17603086687411e-16,10.77265244115482,0.0005150539169160306,-5.624709132728263
9.555848176237971e-17,5.260471454759774,0.01090755429792728,-5.251843965287334
9.555848176237971e-17,9.768232487554158,0.0008877653246588402,-5.805526595130063
3.17603086687411e-16,9.768232487554599,0.0008877653246586181,-12.91766500493873
9.555848176237971e-17,9.844347292158254,0.0008517721278376578,-11.07189900605693
9.555848176237971e-17,7.628274163452804,0.002873012999426106,-15.59496166842654
0.2454451318462091,3.322053144074935,0.0341782062862383,-19.64597964759768
9.555848176237971e-17,10.66242317959884,0.0005466703119724192,-5.804540197932624
5.840566125974614e-16,8.489975264683508,0.001785543308556459,-32.04067204177684
9.555848176237971e-17,5.260471454759774,0.01090755429792728,-5.251843965287334
0.2044614581511398,4.591972814295787,0.0160610104644523,-14.89649092331538
0.2044789654269641,4.591312701980506,0.01606719705404014,-27.97509650154619
3.17603086687411e-16,7.80621725020341,0.002603339057811072,-12.02811723301729
0.2035681225049353,4.624220848528942,0.01576178784800097,-24.41253416658306
9.555848176237971e-17,5.260471454759774,0.01090755429792728,-5.251843965287334
0.2557792550259473,3.078919625337914,0.03965659728324605,-13.69047277643174
3.17603086687411e-16,8.564293140877108,0.001714100252620976,-14.34791306254383
0.179205370649997,5.701891492763863,0.008473320253258754,-29.46407567370387
2.287852447174094e-16,8.131247961487823,0.002175439477581587,-25.86624009997832
1.028145822447522e-15,4.273630528400787,0.01935407186270838,-29.21312780132177
9.682324783204268e-17,8.56584461803746,0.001712640164845236,-21.66077602208301
0.5837148997538041,0.6782270404398218,0.2050989528545276,-55.43182843538936
9.682324783204268e-17,4.4387189344021,0.01756630013909555,-15.92826608987247
0.2557606120963838,3.078393941827343,0.03966941769468396,-33.30476781086937
0.360327345714505,3.007664373076807,0.0414358112686819,-24.77993443011674
4.004733053112191e-17,8.13298876994412,0.002173351806075807,-4.41674780687466
5.840566125974614e-16,8.489974979828133,0.0017855435881175,-16.27957435942514
2.287852447174094e-16,8.565932304701235,0.001712557681101623,-22.78478958126349
0.6382309446843655,0.7026948938687099,0.2009398249210911,-40.7375625568627
4.730343101349462e-16,8.132913950315643,0.002173441491854111,-10.43435734797224
5.840566125974614e-16,7.175442386914732,0.003695411040984697,-24.16541442342429
3.17603086687411e-16,8.678243905843267,0.001610155685817516,-18.95469643216386
5.840566125974614e-16,5.258760635505801,0.01091828173771742,-26.68280983633628
5.840566125974614e-16,7.806204549343619,0.002603357355485392,-11.81189532808736
5.840566125974614e-16,9.394877260449661,0.001087962850734869,-18.98247621900995
9.682324783204268e-17,8.118798068493284,0.00219042969611577,-17.25828063932667
3.17603086687411e-16,9.394802112551421,0.001088007445995354,-10.22485248421214
2.287852447174094e-16,7.162627077076174,0.003721904808428544,-21.99909719117866
0.6203176827671698,0.5361171527999105,0.2320231870169219,-22.58746362384349
0.2124871638178296,4.296020271154127,0.01910083420235797,-27.37352872787771
0.2274645817390095,3.81676281435697,0.02537109212942329,-28.61270921621178
3.17603086687411e-16,9.394802575577572,0.001088007171214544,-17.16683830829707
9.555848176237971e-17,11.12199223943747,0.0004265505218258858,-30.33489431233446
3.17603086687411e-16,9.98005577346526,0.0007912244557189418,-10.57189134384873
1.029998007882325,0.003438453494808869,0.4766200909866136,-53.03404332912456
6.728744545674702e-16,5.251636447899127,0.0109630705278832,-12.63578838181883
0.6112772309383764,0.8576867998928606,0.1771934174261067,-31.39990180095559
0.525909630631996,1.032050021613628,0.1548388312594031,-37.44147091802609
9.555848176237971e-17,9.395066347264176,0.001087850648535726,-12.82161111781172
4.004733053112191e-17,8.118922911435924,0.002190278858946848,-4.414478226568669
3.17603086687411e-16,6.618272633240291,0.005046884255851702,-11.53931730990762
9.682324783204268e-17,8.779198340135409,0.001523425368205822,-32.17866768729418
0.2113602876272566,4.335558765115003,0.01866208153756871,-23.34094659504942
5.840566125974614e-16,9.881883125482986,0.0008345701379824932,-24.39785488248179
0.2343808650803275,3.617456332495209,0.02858811489046925,-33.06986606265817
4.004733053112191e-17,8.131079876989389,0.002175641161636266,-4.416438899104172
0.3943829779104717,2.40775842598768,0.06036756924494413,-20.09868806256146
9.682324783204268e-17,9.841988195603832,0.000852865181935003,-24.61484732331068
9.682324783204268e-17,7.620327415532387,0.002885700439122563,-36.3969812214261
0.452490033762487,0.8319617550133209,0.180852939946447,-14.2797878490618
5.840566125974614e-16,6.468345772065121,0.005490635053401138,-11.37775970915383
2.731941657024047e-16,6.628185132750051,0.0050188742565353,-11.75978945565523
5.840566125974614e-16,8.549986473026578,0.001727623971414127,-33.29359437415781
9.682324783204268e-17,9.734822873309312,0.0009040471884048107,-58.92450254551427
9.555848176237971e-17,9.35670065997428,0.001110858603767917,-12.11912898772637
0.5279116780306804,1.018427399893227,0.156446162498053,-40.42154828104684
0.2643333237635423,2.897136351971902,0.04436853383061234,-31.39078287906157
3.17603086687411e-16,8.743392467915017,0.001553629502472842,-5.996465768928597
0.2056532593268136,4.546945818621467,0.01648876010583633,-33.72021352430372
2.804502661847769e-15,4.249170413700654,0.01963475443878182,-58.02593060322983
9.682324783204268e-17,9.356464216313086,0.001111001919234078,-28.99969378606766
5.840566125974614e-16,8.51607031529565,0.001760119094495194,-34.78965731808104
3.17603086687411e-16,5.229910836675998,0.01110083524956623,-11.66649448522867
4.730343101349462e-16,8.627604175121451,0.001655533772222995,-10.01255451466542
9.555848176237971e-17,8.440727338985361,0.001834547346218351,-16.00775989663369
9.682324783204268e-17,7.760710179078849,0.002669748077808731,-19.1433575822837
3.17603086687411e-16,9.787092630283098,0.0008787055569236535,-30.92129223061551
6.728744545674702e-16,4.248302989902875,0.01964478626608168,-25.75171343760089
3.17603086687411e-16,8.440727977957238,0.00183454670161709,-13.36500595287877
5.840566125974614e-16,9.787126922691307,0.000878689169641178,-16.70132806936472
2.509897052099161e-16,6.43184587014745,0.005604601367670048,-5.860700001934519
4.004733053112191e-17,9.356586040649642,0.001110928075574003,-4.713970466804126
3.17603086687411e-16,12.7787789031852,0.0001752868489167114,-4.04893924922404
0.4698695103304789,1.483323241353155,0.111627646715398,-22.38686827665188
5.840566125974614e-16,8.08568871613015,0.002230808618558899,-17.93356806565219
1.028145822447522e-15,4.24936386898645,0.01963251784549219,-69.28774019357056
5.840566125974614e-16,7.133844513285734,0.003782118526775236,-10.6621487968263
4.004733053112191e-17,9.356586040649642,0.001110928075574003,-4.713970466804126
0.4944746414947814,1.264677054804551,0.1303838205839642,-20.21189175668643
0.236555441429029,3.557618221275717,0.02963636500465555,-28.02294966728483
0.993454064374938,0.0001724681350339097,0.4947609563620265,-52.28457332451701
9.682324783204268e-17,8.085756749296607,0.002230724875475043,-16.57269953775925
0.7674104806765466,0.1526232133427499,0.34802051051462,-31.61670767209911
6.728744545674702e-16,4.250938133345791,0.01961432724615803,-29.93831347534732
9.682324783204268e-17,10.29745672259891,0.0006660684090460389,-39.9439180361527
3.17603086687411e-16,9.356561067559671,0.001110943212573712,-11.82897502877066
9.555848176237971e-17,8.516443360694876,0.001759758320099281,-4.910903310194321
3.17603086687411e-16,9.711594085989184,0.0009155455757576814,-21.90099106792754
2.731941657024047e-16,9.356650096016224,0.001110889250495573,-11.4135741481679
3.17603086687411e-16,9.787309610981962,0.0008786018737702017,-5.215747427594228
0.3127486794755092,4.123667115981185,0.02114366008253038,-21.73859344375198
6.728744545674702e-16,11.07781512697402,0.000436833406516679,-32.70040185028341
3.17603086687411e-16,8.516416270395343,0.00175978451675507,-11.85822234493817
5.840566125974614e-16,11.07804357320015,0.0004367795928023055,-37.41773936403089
9.682324783204268e-17,8.96357775288093,0.001377075078994983,-22.5574007821001
9.555848176237971e-17,7.134070081889483,0.003781642781674255,-6.012331650135582
0.2469444618972006,3.284748093704636,0.03496317904598784,-18.72977770311951
6.740639792367023e-18,10.08119264549551,0.0007489517434196014,-3.85409413953959
1.028145822447522e-15,6.591267162879845,0.005124010100764742,-37.62553687580888
9.555848176237971e-17,8.627854174663199,0.001655306585239547,-10.96095937342401
3.17603086687411e-16,8.085717511848138,0.002230773173070633,-10.83217186819552
3.17603086687411e-16,8.963706774705017,0.001376977833206172,-12.06954620164389
0.4087345938350038,2.196924634231742,0.06914319363337368,-18.73956443970557
9.555848176237971e-17,8.516443360694876,0.001759758320099281,-4.910903310194321
1.03468774982321,0.005718979869641316,0.4698591459545384,-64.68063313503768
5.840566125974614e-16,8.963699969801596,0.001376982961995288,-18.40848406007775
0.1978744751085859,4.844809696807555,0.01386472598038702,-12.48950445378251
0.1866820441043445,5.337194622355717,0.01043752056358221,-26.23577777132561
0.3108042475765749,2.090938961614171,0.07408748748438793,-16.04367608714848
5.840566125974614e-16,8.156816973180298,0.002144979898265675,-29.09116313026881
0.200960108231938,4.723923188298308,0.01487290144178044,-22.44879146547254
9.555848176237971e-17,8.516443360694876,0.001759758320099281,-4.910903310194321
0.186406727946079,5.34998163378873,0.01036124449318065,-40.33257332799568
5.840566125974614e-16,8.440727978047029,0.001834546701526552,-21.18797613078568
5.840566125974614e-16,6.591267154674949,0.005124010124380018,-12.22683875931182
1.035515183719609,0.005980883719473695,0.4691780574204547,-57.53845469540964
5.840566125974614e-16,8.62779953284852,0.001655356238260575,-17.64199236100927
2.368801323291741,6.205057569258003,0.006369290299967356,-81.84046953397153
0.2283953804054676,3.789112708691732,0.02579349397698327,-42.19691470546072
9.682324783204268e-17,6.591267162994377,0.005124010100435061,-17.46593997011842
5.840566125974614e-16,10.19600195691612,0.0007037273296325308,-25.97755599496743
0.2040238253793886,4.604620621978896,0.01594295379604699,-24.50900878500136
3.17603086687411e-16,9.356460678932155,0.001111004063487242,-10.21691214399507
9.555848176237971e-17,9.711593267288556,0.000915545983620536,-12.91091013581973
2.804502661847769e-15,4.10301029056852,0.02140346626038636,-38.13343987603042
9.555848176237971e-17,8.516369814072664,0.00175982944151859,-10.68676178448577
6.728744545674702e-16,8.516315485314024,0.00175988198066096,-16.80793701446819
6.728744545674702e-16,8.888359998100981,0.001434972008345969,-44.53196156853662
0.2800858192456449,2.587382470870935,0.0538591093812138,-39.70172425993693
0.3821679837211815,1.304165363474375,0.1267268858018792,-24.01294539656025
0.2572726978082855,3.045187030592651,0.04048839393751114,-25.68649549040611
0.494597811029482,1.263123274473628,0.1305303621807535,-71.09482345224281
0.186202838492322,5.358310600710695,0.01031187160821212,-26.91437644262711
0.6874349843289148,0.4769906769601704,0.2448942937952498,-28.93866800885084
3.17603086687411e-16,9.356725623942349,0.001110843473466239,-12.81185652604839
2.804502661847769e-15,4.445950604382858,0.01749205420633604,-41.14036685379735
0.2468195666342236,3.287853870228851,0.03489709669339364,-27.3650882635383
0.3104309877930385,2.096264349889253,0.07382975756566235,-20.54527805468113
0.7243735731322896,0.4621329655406328,0.2483144062610103,-75.72283970225249
9.555848176237971e-17,6.591267163091246,0.005124010100156284,-12.44276443185674
3.17603086687411e-16,8.085767395964472,0.002230711770615457,-4.409126349404221
0.8193742477160039,0.1688327299867609,0.3405756438576582,-46.87690824043295
1.028145822447522e-15,4.394987662885601,0.01802236024074994,-4.570393958035272
0.2573003227008068,3.044591869800367,0.04050323753874369,-15.05990052632657
0.942978037889195,0.007004555703701953,0.4666501724518825,-44.31517126099568
1.028145822447522e-15,4.394987662885601,0.01802236024074994,-4.570393958035272
9.555848176237971e-17,7.760929894504809,0.002669423330055765,-5.547419884261673
1.843763237323921e-16,7.308875127671346,0.003430743272896664,-6.741537655332207
3.17603086687411e-16,7.134034992924667,0.003781716783536559,-5.66470531158638
2.731941657024047e-16,9.711594085993305,0.0009155455757556274,-6.676617207612619
1.398639326166115,0.7010564241117123,0.2012144740126446,-52.99344594464647
0.310736355827902,2.091905603857363,0.07404063006056472,-25.75752355039573
3.17603086687411e-16,8.963716648132547,0.001376970391734955,-12.76288944855942
0.2800806120921759,2.587600416126396,0.05385169762031561,-15.27589825767111
1.028145822447522e-15,4.42537251830106,0.01770419161051107,-33.05136531590603
0.2635388676047594,2.9138890169353,0.04390993692798395,-30.35859605638623
0.2228759301947633,3.958866610717671,0.02331254311814113,-17.32964499338503
0.4572935147632896,1.610229131030437,0.1022297981996385,-21.71863029322176
1.455791117038471,0.8698220888217065,0.1755022833646695,-48.43472692632311
3.17603086687411e-16,4.426008120019155,0.01769759914020003,-14.39327214775195
9.682324783204268e-17,4.41855170190658,0.0177750991453397,-16.84558745664356
9.555848176237971e-17,11.07685985852598,0.0004370585060222698,-17.08493920576705
0.5608384723034621,0.815954703514997,0.183182788294905,-28.26663109091983
0.2575510078400166,3.037662690427908,0.04067648728520379,-43.56482563465629
0.1564404109505928,7.049230025984738,0.003964966565326133,-12.76524114745867
1.028145822447522e-15,4.389223800763373,0.01808338749926208,-4.570393958035272
0.2060870690952906,4.530714195879781,0.01664586059200956,-37.28250599888027
4.004733053112191e-17,8.946278683349549,0.001390177016129035,-6.160587364782905
2.731941657024047e-16,5.219770077377609,0.01116575173997997,-5.24167836819273
0.495673224028337,1.254237807635008,0.1313723099599654,-95.22783712230307
5.114956077737342e-17,11.05645819123908,0.0004418940491594525,-6.491593662446562
0.2348516364314215,3.600808270629642,0.02887574309208196,-19.88416112969932
3.17603086687411e-16,7.745783860081652,0.002691904319706784,-11.7960394034518
0.3887755191329469,2.498281317340229,0.05698530731349072,-47.93457127476973
9.555848176237971e-17,8.833916168487715,0.001478415952415879,-6.138490366940497
0.2378092326428148,3.520188847762327,0.0303127696244242,-25.41087177371022
5.114956077737342e-17,7.648489979927986,0.00284099313393632,-5.521371462876888
0.2261907478632496,3.85709860659496,0.02476796000274328,-16.63866379358164
5.114956077737342e-17,7.648489979927986,0.00284099313393632,-5.521371462876888