dN/dS,LRT,p-value,Log(L)
2.804502661847769e-15,0.8790658819086516,0.1742288272682825,-4.052597790392641
6.728744545674702e-16,0.5697516728800531,0.2251788059387034,-3.822439957407305
6.728744545674702e-16,0.5835103928512169,0.2224698196172012,-4.239848408144462
1.028145822447522e-15,0.5511353977705102,0.2289270710312202,-3.980847723886153
4.0479524494288e-15,0.5511351292978119,0.2289271257925009,-3.918920553158068
1.028145822447522e-15,0.6604833039438684,0.2081946853553651,-4.525976945846264
1.038263951005382e-15,0.3387663999975423,0.2802710730777204,-4.629295612155656
9.682324783204268e-17,0.7332109409054919,0.19592218674561,-4.089989758420108
4.259780463919327,1.362165208220304,0.1215812922044999,-10.01673822552569
3.669755286045634,1.140631554316144,0.1427594582647306,-12.69170435312281
2.269969926313108e-14,0.309849577291601,0.2888862527097787,-19.07026580884786
1.028145822447522e-15,0.6253726935771002,0.2145288690427024,-4.390955972923567
12.43721682815587,6.374216409009961,0.005789507831426233,-18.12631418539826
6.728744545674702e-16,0.6020514457243245,0.2188981877051259,-4.218077388192944
4.0479524494288e-15,0.530473473484891,0.2332039347312301,-4.321946870268135
1.028145822447522e-15,0.6604833039438684,0.2081946853553651,-4.525976945846264
1,0,1,0
1,0,1,0
3.591194617431263,1.111051838945244,0.1459267082095414,-12.47039202565903
6.621516813368243,4.152680742691892,0.02078433214588599,-17.71105672368956
3.179496149021383,0.9393210385889432,0.1662262571972494,-10.76490526604565
1,0,1,0
2.809272959818965,0.7750505816147815,0.1893295676004786,-10.97221297249802
1,0,1,0
1,0,1,0
1,0,1,0
1,0,1,0
1,0,1,0
1,0,1,0
1,0,1,0
1,0,1,0
1.038263951005382e-15,0.74786498596238,0.1935765159369323,-9.282407219357815
1,0,1,0
1,0,1,0
1,0,1,0
1,0,1,0
1,0,1,0
1.028145822447522e-15,0.6357051400496125,0.2126351604086844,-10.73049342062999
1,0,1,0
1,0,1,0
1,0,1,0
1,0,1,0
1,0,1,0
1,0,1,0
1,0,1,0
1,0,1,0
1,0,1,0
2.812616165303883,0.7765494096755639,0.1890992674310745,-12.61929426741983
6.615235988154566,4.145435181236422,0.02087346160437314,-15.66421093667201
1,0,1,0
1.038263951005382e-15,0.6782637784804955,0.2050926138142687,-9.843308680871637
1,0,1,0
1,0,1,0
1,0,1,0
4.936130869128893e-15,0.6928128548680981,0.2026046346571287,-10.34135498157267
1,0,1,0
1,0,1,0
8.48884454792928e-15,0.3371103081853448,0.2807509874635039,-16.71984575083505
1,0,1,0
1,0,1,0
1,0,1,0
1,0,1,0
1,0,1,0
1,0,1,0
1,0,1,0
1,0,1,0
1,0,1,0
1.038263951005382e-15,0.6559565766155089,0.2089955318153238,-10.90510916272566
2.814366766054196,0.7774415278320639,0.1889623777178009,-8.709947715745265
2.671237830844582,0.7114781515363617,0.199476768897106,-11.14738334305169
3.225491096807787,0.9601756745022811,0.1635713103757809,-13.57956761069307
1,0,1,0
8.48884454792928e-15,0.4179638384691415,0.2589774009049218,-10.35243022016916
3.48292987721955,1.065804541093005,0.1509475136186523,-10.84704590235265
1,0,1,0
1,0,1,0
1,0,1,0
1,0,1,0
1,0,1,0
4.936130869128893e-15,0.6559705444464967,0.2089930536600932,-11.59862388575649
1,0,1,0
1,0,1,0
1,0,1,0
1,0,1,0
1,0,1,0
1,0,1,0
1,0,1,0
1,0,1,0
1,0,1,0
1,0,1,0
1.038263951005382e-15,0.6475006508693006,0.2105038409695495,-10.42061993447587
1,0,1,0
1,0,1,0
1,0,1,0
1,0,1,0
1.985752832009056e-14,0.4179991846322793,0.2589685521884509,-18.85603844971542
3.163211468097241,0.9314982588554948,0.1672369529554232,-9.096229567424089
1,0,1,0
1,0,1,0
1,0,1,0
1,0,1,0
1,0,1,0
5.64667360488876e-15,0.5562891251851987,0.2278796432601489,-10.0697523272998
1,0,1,0
1,0,1,0
1,0,1,0
2.611983882396437,0.6838215093465543,0.2041369495380046,-9.290155109925346
3.376330402396153,1.022196456190677,0.1559992848136181,-10.21660714086521
1,0,1,0
4.064104338729339,1.291070768669933,0.1279253577223849,-10.47511261899172
1,0,1,0
1,0,1,0
1,0,1,0
1,0,1,0
3.220833529150744,0.9582020420567403,0.1638201440665709,-10.93124875735639
1,0,1,0
1,0,1,0
1,0,1,0
1,0,1,0
1,0,1,0
1,0,1,0
1,0,1,0
1.038263951005382e-15,0.5446785421236946,0.2302501141848758,-10.71408424132449
1,0,1,0
1,0,1,0
1,0,1,0
1,0,1,0
3.213462902549296,0.9538369738538925,0.1643722739808823,-12.02617652988919
1,0,1,0
1,0,1,0
1,0,1,0
1,0,1,0
1,0,1,0
1,0,1,0
1,0,1,0
1,0,1,0
1,0,1,0
1,0,1,0
1,0,1,0
1,0,1,0
1,0,1,0
1,0,1,0
1,0,1,0
1,0,1,0
1,0,1,0
1,0,1,0
1,0,1,0
1,0,1,0
1,0,1,0
1,0,1,0
1,0,1,0
1,0,1,0
3.689979712599974,1.150222470940708,0.1417512917839172,-10.7690506218153
1,0,1,0
1,0,1,0
1,0,1,0
1,0,1,0
4.936130869128893e-15,0.7119435119015094,0.1993996835841371,-9.784425279804111
1,0,1,0
3.503191877184391,1.073999881440862,0.1500218560069062,-10.13625353247736
1,0,1,0
1,0,1,0
1,0,1,0
1,0,1,0
1,0,1,0
1,0,1,0
1,0,1,0
1,0,1,0
1,0,1,0
8.48884454792928e-15,0.3550718513034212,0.2756280123272088,-18.41225446095203
1,0,1,0
1,0,1,0
1.038263951005382e-15,0.3267487781277261,0.2837899130175329,-10.37221680703593
1,0,1,0
1,0,1,0
1,0,1,0
1.038263951005382e-15,0.4952952747989592,0.2407873321783053,-8.879962171225229
1,0,1,0
2.940512706467009,0.8348269491419806,0.1804402348340966,-11.86219740050894
1.038263951005382e-15,0.3371813420773577,0.280730370414519,-10.93695546073489
3.169529989197876,0.9338334251897962,0.1669343945632665,-16.99020838433229
1,0,1,0
3.290045514360161,0.9862060056133828,0.1603357155989941,-17.31362833857902
2.179575868251716,0.4744722799108132,0.2454684368017347,-13.30469736283765
1,0,1,0
1,0,1,0
1,0,1,0
1.038263951005382e-15,0.6783342225890152,0.2050804596975483,-10.94232584567545
6.834037700027442,4.244544799906954,0.01968831219031186,-17.07259224031866
1,0,1,0
1,0,1,0
1,0,1,0
1,0,1,0
1,0,1,0
4.936130869128893e-15,0.5780829539217827,0.2235323621842323,-10.42809667030967
1,0,1,0
1,0,1,0
1,0,1,0
1,0,1,0
4.936130869128893e-15,0.6475752462042443,0.2104904642985008,-11.52340271064017
1,0,1,0
1,0,1,0
1,0,1,0
1,0,1,0
1,0,1,0
1,0,1,0
1,0,1,0
1,0,1,0
2.804502661847769e-15,0.7690619621147228,0.1902536992036566,-11.23566409650793
1,0,1,0
5.64667360488876e-15,0.4952952765120884,0.2407873317992643,-10.68156725476306
1,0,1,0
1,0,1,0
1,0,1,0
4.330026339693835,1.388806963536389,0.119303339159361,-9.532230051799875
1.028145822447522e-15,0.7755182248908952,0.189257670168228,-10.84679853238611
1,0,1,0
1,0,1,0
1,0,1,0
1,0,1,0
1,0,1,0
1,0,1,0
1,0,1,0
1,0,1,0
2.612397575143095,0.6839499657619648,0.2041149385166383,-10.14342297334089
1,0,1,0
4.936130869128893e-15,0.4179643150966683,0.2589772815803276,-10.3573771209987
1,0,1,0
1,0,1,0
1,0,1,0
1,0,1,0
3.164580120034839,0.9320654382728861,0.1671633984022953,-9.384283426104444
1,0,1,0
1,0,1,0
1,0,1,0
2.836426743559923,0.7874146991349313,0.1874415051568187,-10.83463268677578
1,0,1,0
1,0,1,0
3.201868852489983,0.9488854956309041,0.1650015735904456,-11.35964188346674
1,0,1,0
1,0,1,0
1,0,1,0
1,0,1,0
2.804502661847769e-15,0.7690189450353628,0.1902603603869702,-10.53099210805994
18.1958872759385,23.23690722857937,7.161108304676311e-07,-38.17788098448325
1,0,1,0
1,0,1,0
1,0,1,0
4.06807589851925,1.292523415961778,0.1277917188001205,-11.10532722383826
1,0,1,0
1,0,1,0
1,0,1,0
1,0,1,0
1,0,1,0
1,0,1,0
1,0,1,0
1,0,1,0
1,0,1,0
1,0,1,0
1,0,1,0
1,0,1,0
1,0,1,0
2.804502661847769e-15,0.7688365166362203,0.1902886130390559,-9.282691391611069
1,0,1,0
1,0,1,0
2.804502661847769e-15,0.6357043906629904,0.2126352968408385,-10.72444179788594
1,0,1,0
1,0,1,0
1,0,1,0
1,0,1,0
1,0,1,0
1,0,1,0
1,0,1,0
1.038263951005382e-15,0.5564027739643862,0.2278566307818154,-11.46467153351023
1,0,1,0
4.936130869128893e-15,0.7262244363417203,0.1970548699679215,-11.14230417237454
1,0,1,0
1,0,1,0
1,0,1,0
1,0,1,0
1,0,1,0
1,0,1,0
5.601136126732155,3.585809371016261,0.02913751131284947,-15.25704290287808
1,0,1,0
1,0,1,0
1,0,1,0
3.588703587073131,1.12052994073624,0.1449021863383736,-10.36740876347086
2.906461370737068,0.819558110861216,0.1826546977761827,-9.701529777581456
6.627712005177022,4.156075734363142,0.02074270716185361,-14.76472171710772
1,0,1,0
2.804502661847769e-15,0.7767862195883879,0.189062916878002,-10.46010649166421
6.802008081942598,4.228818478652769,0.01987154886558334,-15.13710754798332
1,0,1,0
1,0,1,0
1,0,1,0
1,0,1,0
1.038263951005382e-15,0.6559285638958166,0.209000501928951,-10.21088871674808
1,0,1,0
1,0,1,0
1,0,1,0
1,0,1,0
1,0,1,0
1,0,1,0
3.480880358946417,1.065000646415204,0.151038709060333,-9.686095843374435
1,0,1,0
1,0,1,0
1,0,1,0
1,0,1,0
1,0,1,0
1,0,1,0
1,0,1,0
1,0,1,0
1,0,1,0
1,0,1,0
1,0,1,0
1,0,1,0
1,0,1,0
1,0,1,0
1,0,1,0
2.093959926088373e-15,0.6928128548366317,0.2026046346624619,-21.04173021196657
1,0,1,0
1,0,1,0
1,0,1,0
1.038263951005382e-15,0.495295276458009,0.2407873318112297,-9.98790546477154
1,0,1,0
1,0,1,0
1,0,1,0
3.199533339460838,0.9470906619673123,0.1652304757746724,-11.39743967535748
1,0,1,0
1,0,1,0
1,0,1,0
1,0,1,0
1,0,1,0
1,0,1,0
1,0,1,0
1,0,1,0
1,0,1,0
1,0,1,0
1,0,1,0
1,0,1,0
1,0,1,0
1,0,1,0
1,0,1,0
1,0,1,0
1,0,1,0
2.449231293967717e-15,0.740538960618526,0.1947441422770876,-4.410940742080838
1.028145822447522e-15,0.6972244705367503,0.2018589434697135,-3.571010156108254
4.0479524494288e-15,0.530473473484891,0.2332039347312301,-4.321946870268135
1.028145822447522e-15,0.7405389459348903,0.1947441446274441,-10.1585634211149
2.804502661847769e-15,0.6604832989978338,0.2081946862279027,-4.251111222732629
1.028145822447522e-15,0.5511353977705102,0.2289270710312202,-3.980847723886153
6.728744545674702e-16,0.6604833008594468,0.2081946858994926,-4.823619561454608
9.682324783204268e-17,0.7405389605334758,0.1947441422907013,-4.349013437116402
4.0479524494288e-15,0.530473473484891,0.2332039347312301,-4.321946870268135
2.888168438249842,0.8104281071629913,0.1839968555029649,-10.61773283756424
6.728744545674702e-16,0.6467159307087567,0.2106446364291694,-3.536063390679241
2.287852447174094e-16,0.6060778760831553,0.2181341962660724,-3.522892108060734
9.682324783204268e-17,0.7405389605334758,0.1947441422907013,-4.349013437116402
4.936130869128893e-15,0.3449553158226522,0.2784913950030027,-4.546427000087583
1.028145822447522e-15,0.6466865274040714,0.2106499147402688,-10.98372313092683
1.340273035413137e-15,0.7080210890188887,0.2000507731044213,-4.074147714002766
2.804502661847769e-15,0.8790658819086516,0.1742288272682825,-4.052597790392641
3.336463215081503,1.005812596580949,0.1579540527590114,-11.13087715390626
2.954876472952497,0.840125930687833,0.179680378560451,-15.66773717592196
9.682324783204268e-17,0.7405389605334758,0.1947441422907013,-4.349013437116402
4.936130869128893e-15,0.3449553158226522,0.2784913950030027,-4.546427000087583
1.038263951005382e-15,0.4721838980571924,0.2459920926749864,-11.08815908944071
5.731449371131697,3.619630797066065,0.02855077192611744,-35.24868593877325
4.0479524494288e-15,0.530473473484891,0.2332039347312301,-4.321946870268135
2.449231293967717e-15,0.7083013190427625,0.2000041551277205,-4.338159807150232
4.004808294513406e-15,0.6173919197178037,0.2160090596175616,-4.318320912461915
2.804502661847769e-15,0.3985607040780259,0.2639167534120356,-4.045363657378617
1.038263951005382e-15,0.6060406114636194,0.2181412483119553,-10.71916509546592
6.728744545674702e-16,0.5192604408478552,0.2355786637486883,-4.602741568915945
1.038263951005382e-15,0.6258878642755086,0.2144338482893581,-4.103926487952553
2.804502661847769e-15,0.7166803041818461,0.1986174965946551,-4.406216253221277
3.563954385251189,1.098936231682437,0.147249837798653,-17.55677420614075
2.271595610028619e-15,0.6626145916060899,0.2078192044604719,-4.066517053780116
4.936130869128893e-15,0.3730000701661211,0.2706867485766041,-4.039844000821396
9.682324783204268e-17,0.6181248257810843,0.215872483561371,-4.243480562509976
9.682324783204268e-17,0.6181248257810843,0.215872483561371,-4.243480562509976
2.287852447174094e-16,0.6392460480671858,0.2119919730188681,-3.802239979397376
2.804502661847769e-15,0.5019915816364069,0.2393131716268778,-4.718363573797366
1.028145822447522e-15,0.533207740904416,0.2326306859894398,-3.244415196420217
2.804502661847769e-15,0.6861889326865072,0.2037318494645511,-4.082819097854933
5.840566125974614e-16,0.5460889383786167,0.229960085013682,-4.230834319217028
4.936130869128893e-15,0.3730000701661211,0.2706867485766041,-4.039844000821396
9.682324783204268e-17,0.6181248257810843,0.215872483561371,-4.243480562509976
9.682324783204268e-17,0.6181248257810843,0.215872483561371,-4.243480562509976
9.682324783204268e-17,0.5157905184845779,0.2363214358869966,-3.972279234950318
5.64667360488876e-15,0.5670615097792719,0.2257144812834178,-9.330181461475298
4.936130869128893e-15,0.3730000701661211,0.2706867485766041,-4.039844000821396
9.682324783204268e-17,0.5157905184845779,0.2363214358869966,-3.972279234950318
9.682324783204268e-17,0.5672108213540756,0.2256846976400702,-3.577648393763583
2.900884733106743,0.8168347596263992,0.1830536180446609,-11.39031847573075
1.028145822447522e-15,0.533207740904416,0.2326306859894398,-3.244415196420217
4.936130869128893e-15,0.3007668491813309,0.2917010371033163,-5.11428139404194
5.840566125974614e-16,0.5672101551863209,0.225684830508976,-3.516111441695573
1.028145822447522e-15,0.661817582751322,0.2079595003632791,-9.26152023073157
4.936130869128893e-15,0.2896796496266862,0.295212945749121,-4.046799162844099
9.682324783204268e-17,0.5157905184845779,0.2363214358869966,-3.972279234950318
1.028145822447522e-15,0.6052477312981743,0.2182913774280204,-4.099328507602872
1.028145822447522e-15,0.533207740904416,0.2326306859894398,-3.244415196420217
2.093959926088373e-15,0.5460889333484431,0.2299600860470372,-9.159787765792814
2.804502661847769e-15,0.5671735613023898,0.2256921294429539,-10.71819743063804
4.936130869128893e-15,0.6051773409621148,0.2183047132232715,-10.29399934160123
1.028145822447522e-15,0.5331373166837388,0.2326454223858057,-9.953102511350137
4.936130869128893e-15,0.496452193843135,0.2405315796246267,-4.314776209702958
1.028145822447522e-15,0.5777967827693473,0.2235886049348702,-4.311540246096753
4.936130869128893e-15,0.3730000701661211,0.2706867485766041,-4.039844000821396
4.0479524494288e-15,0.5157902692289715,0.2363214893786374,-3.910742074490318
9.682324783204268e-17,0.6052416647038772,0.218292526725117,-3.530543734122019
1.028145822447522e-15,0.533207740904416,0.2326306859894398,-3.244415196420217
9.682324783204268e-17,0.6052416647038772,0.218292526725117,-3.530543734122019
4.936130869128893e-15,0.496452193843135,0.2405315796246267,-4.314776209702958
2.449231293967717e-15,0.4132671937084744,0.2601579239165751,-4.320245185579658
9.682324783204268e-17,0.6052416647038772,0.218292526725117,-3.530543734122019
3.576839359606638,1.104315585931158,0.1466604803049976,-9.176347923418026
9.682324783204268e-17,0.6052416647038772,0.218292526725117,-3.530543734122019
1.028145822447522e-15,0.6930466989190851,0.2025650074014441,-4.635304830036187
1.028145822447522e-15,0.6324408004858233,0.2132307116616107,-3.759458449737052
4.0479524494288e-15,0.5157902692289715,0.2363214893786374,-3.910742074490318
2.804502661847769e-15,0.3730064789073104,0.2706850115764805,-4.608628774302248
3.15232394616213,0.9272964548203255,0.1677832132125081,-9.43844202836387
4.936130869128893e-15,0.5019915824833916,0.2393131714413532,-4.779900858461676
1.028145822447522e-15,0.6052477312981743,0.2182913774280204,-4.099328507602872
3.779961516440609,1.182883117416836,0.1383849154434763,-9.513601858728361
5.840566125974614e-16,0.4419022702585353,0.2531028683695407,-3.879004602467057
5.840566125974614e-16,0.5634407871515794,0.2264386048773731,-4.20906329926551
4.936130869128893e-15,0.6051411386537069,0.2183115724133886,-9.880352536588397
5.840566125974614e-16,0.6392467142349716,0.21199185228782,-3.863776931465386
5.840566125974614e-16,0.5460889383786167,0.229960085013682,-4.230834319217028
1.028145822447522e-15,0.533207740904416,0.2326306859894398,-3.244415196420217
9.682324783204268e-17,0.6525115208427339,0.2096080870161219,-3.568899151145105
2.093959926088373e-15,0.6389833730169663,0.2120395862324699,-9.045564914190509
4.936130869128893e-15,0.5019915824833916,0.2393131714413532,-4.779900858461676
4.936130869128893e-15,0.3228315511418156,0.2849554674387721,-4.546427000087583
1.038263951005382e-15,0.4406226708980263,0.253411035855553,-4.88903296183573
9.682324783204268e-17,0.441902270259888,0.2531028683692153,-3.940541554535067
9.682324783204268e-17,0.5672108213540756,0.2256846976400702,-3.577648393763583
2.804502661847769e-15,0.6181248275376401,0.2158724832341961,-4.812268338766049
1.028145822447522e-15,0.6052477312981743,0.2182913774280204,-4.099328507602872
2.804502661847769e-15,0.5019915816364069,0.2393131716268778,-4.718363573797366
2.804502661847769e-15,0.5019915816364069,0.2393131716268778,-4.718363573797366
5.840566125974614e-16,0.5634407871515794,0.2264386048773731,-4.20906329926551
2.449231293967717e-15,0.6181248304479947,0.2158724826921156,-4.578500142006632
4.936130869128893e-15,0.3007668491813309,0.2917010371033163,-5.11428139404194
1.028145822447522e-15,0.6052477312981743,0.2182913774280204,-4.099328507602872
9.682324783204268e-17,0.5672108213540756,0.2256846976400702,-3.577648393763583
4.936130869128893e-15,0.3730000701661211,0.2706867485766041,-4.039844000821396
1.028145822447522e-15,0.5777967827693473,0.2235886049348702,-4.311540246096753
2.804502661847769e-15,0.5460889328064704,0.2299600861583754,-3.957352024808175
4.0479524494288e-15,0.5157902692289715,0.2363214893786374,-3.910742074490318
2.287852447174094e-16,0.6392460480671858,0.2119919730188681,-3.802239979397376
2.804502661847769e-15,0.3007668232213963,0.2917010452270933,-4.545493613967141
5.840566125974614e-16,0.5460889383786167,0.229960085013682,-4.230834319217028
5.840566125974614e-16,0.6392467142349716,0.21199185228782,-3.863776931465386
2.449231293967717e-15,0.4132671937084744,0.2601579239165751,-4.320245185579658
9.682324783204268e-17,0.6052416647038772,0.218292526725117,-3.530543734122019
4.0479524494288e-15,0.8226897972155864,0.1821974521941009,-4.052597790392641
9.682324783204268e-17,0.5672108213540756,0.2256846976400702,-3.577648393763583
1.028145822447522e-15,0.533207740904416,0.2326306859894398,-3.244415196420217
1.038263951005382e-15,0.3007846111744357,0.2916954788574654,-12.29417772662153
4.0479524494288e-15,0.4964515275403922,0.240531726791461,-4.253239257634948
9.682324783204268e-17,0.6052416647038772,0.218292526725117,-3.530543734122019
3.473019634643506,1.065188004969585,0.1510174483745908,-10.30664775603244
2.804502661847769e-15,0.5460889328064704,0.2299600861583754,-3.957352024808175
3.155190462263799,0.928775053473327,0.1675907145642307,-8.755497389920006
1.028145822447522e-15,0.5332138074945494,0.232629416614214,-3.813199969901069
4.936130869128893e-15,0.3730000701661211,0.2706867485766041,-4.039844000821396
4.936130869128893e-15,0.3007668491813309,0.2917010371033163,-5.11428139404194
3.042666996507859,0.8796245961579601,0.1741522600750717,-16.78759382402986
9.682324783204268e-17,0.6052416647038772,0.218292526725117,-3.530543734122019
5.840566125974614e-16,0.5672101551863209,0.225684830508976,-3.516111441695573
6.728744545674702e-16,0.6181248304479947,0.2158724826921156,-4.51696285691883
1.028145822447522e-15,0.6052477312981743,0.2182913774280204,-4.099328507602872
2.287852447174094e-16,0.6392460480671858,0.2119919730188681,-3.802239979397376
4.0479524494288e-15,0.8226897972155864,0.1821974521941009,-4.052597790392641
2.449231293967717e-15,0.6930467771525528,0.2025649941458803,-15.62313558380859
5.840566125974614e-16,0.5672101551863209,0.225684830508976,-3.516111441695573
4.936130869128893e-15,0.6930468150524689,0.2025649877242717,-10.14448149107822
1.028145822447522e-15,0.585265617530748,0.222127868457224,-4.384175306558406
4.936130869128893e-15,0.496452193843135,0.2405315796246267,-4.314776209702958
1.028145822447522e-15,0.533207740904416,0.2326306859894398,-3.244415196420217
3.10886347743816,0.9080233797738337,0.1703197093880449,-10.54323076751962
2.804502661847769e-15,0.441902270113097,0.2531028684045302,-9.693074622246781
1.028145822447522e-15,0.5777974496559537,0.2235884738425256,-4.373077198164763
1.028145822447522e-15,0.533207740904416,0.2326306859894398,-3.244415196420217
1.028145822447522e-15,0.585265617530748,0.222127868457224,-4.384175306558406
5.840566125974614e-16,0.6392467142349716,0.21199185228782,-3.863776931465386
5.840566125974614e-16,0.5672101551863209,0.225684830508976,-3.516111441695573
2.449231293967717e-15,0.6181248304479947,0.2158724826921156,-4.578500142006632
4.936130869128893e-15,0.5852658671298219,0.2221278198883935,-4.445712258626418
9.682324783204268e-17,0.6525115208427339,0.2096080870161219,-3.568899151145105
2.90186503240017,0.8172745802642325,0.1829891107311498,-11.35573786248183
2.449231293967717e-15,0.4132671937084744,0.2601579239165751,-4.320245185579658
9.682324783204268e-17,0.5157905184845779,0.2363214358869966,-3.972279234950318
1.028145822447522e-15,0.6324408004858233,0.2132307116616107,-3.759458449737052
5.840566125974614e-16,0.5672101551863209,0.225684830508976,-3.516111441695573
2.271595610028619e-15,0.6626145916060899,0.2078192044604719,-4.066517053780116
5.840566125974614e-16,0.5460889383786167,0.229960085013682,-4.230834319217028
5.840566125974614e-16,0.4419022702585353,0.2531028683695407,-3.879004602467057
5.840566125974614e-16,0.6392467142349716,0.21199185228782,-3.863776931465386
1.028145822447522e-15,0.5777967827693473,0.2235886049348702,-4.311540246096753
2.287852447174094e-16,0.6392460480671858,0.2119919730188681,-3.802239979397376
9.682324783204268e-17,0.5634407817976603,0.2264386059508141,-3.935581004856656
9.682324783204268e-17,0.441902270259888,0.2531028683692153,-3.940541554535067
1.028145822447522e-15,0.6324408004858233,0.2132307116616107,-3.759458449737052
2.804502661847769e-15,0.6390972848104433,0.2120189362930086,-9.615521297791622
9.682324783204268e-17,0.6052416647038772,0.218292526725117,-3.530543734122019
9.682324783204268e-17,0.6181248257810843,0.215872483561371,-4.243480562509976
4.936130869128893e-15,0.2896796496266862,0.295212945749121,-4.046799162844099
9.682324783204268e-17,0.5672108213540756,0.2256846976400702,-3.577648393763583
9.682324783204268e-17,0.5672108213540756,0.2256846976400702,-3.577648393763583
1.028145822447522e-15,0.5878469994164472,0.221626440222292,-5.16647976444838
4.936130869128893e-15,0.4962282554372948,0.2405810494080976,-23.94037414778072
2.804502661847769e-15,0.3730064789073104,0.2706850115764805,-4.608628774302248
9.682324783204268e-17,0.5157905184845779,0.2363214358869966,-3.972279234950318
1.028145822447522e-15,0.533207740904416,0.2326306859894398,-3.244415196420217
1.038263951005382e-15,0.6930468261637941,0.2025649858416136,-10.84298607843004
5.840566125974614e-16,0.5634407871515794,0.2264386048773731,-4.20906329926551
1.028145822447522e-15,0.6052477312981743,0.2182913774280204,-4.099328507602872
4.936130869128893e-15,0.3007668491813309,0.2917010371033163,-5.11428139404194
1.028145822447522e-15,0.5332138074945494,0.232629416614214,-3.813199969901069
2.449231293967717e-15,0.4132671937084744,0.2601579239165751,-4.320245185579658
2.271595610028619e-15,0.6626145916060899,0.2078192044604719,-4.066517053780116
9.682324783204268e-17,0.441902270259888,0.2531028683692153,-3.940541554535067
1.028145822447522e-15,0.533207740904416,0.2326306859894398,-3.244415196420217
2.287852447174094e-16,0.6392460480671858,0.2119919730188681,-3.802239979397376
4.936130869128893e-15,0.3228315511418156,0.2849554674387721,-4.546427000087583
9.682324783204268e-17,0.5157905184845779,0.2363214358869966,-3.972279234950318
2.804502661847769e-15,0.3007668232213963,0.2917010452270933,-4.545493613967141
4.936130869128893e-15,0.3228315511418156,0.2849554674387721,-4.546427000087583
4.0479524494288e-15,0.5157902692289715,0.2363214893786374,-3.910742074490318
2.449231293967717e-15,0.485958242963985,0.2428679004186537,-4.655264765076313
4.0479524494288e-15,0.4964515275403922,0.240531726791461,-4.253239257634948
2.449231293967717e-15,0.6181248304479947,0.2158724826921156,-4.578500142006632
9.682324783204268e-17,0.6525115208427339,0.2096080870161219,-3.568899151145105
2.449231293967717e-15,0.4132671937084744,0.2601579239165751,-4.320245185579658
1.028145822447522e-15,0.585265617530748,0.222127868457224,-4.384175306558406
4.0479524494288e-15,0.4964515275403922,0.240531726791461,-4.253239257634948
4.936130869128893e-15,0.3170397873320177,0.2866960393969566,-4.615583936328065
2.804502661847769e-15,0.5019915816364069,0.2393131716268778,-4.718363573797366
1.028145822447522e-15,0.585265617530748,0.222127868457224,-4.384175306558406
3.594271399523135,1.111319890335164,0.1458976068126104,-8.798136651313099
5.840566125974614e-16,0.5634407871515794,0.2264386048773731,-4.20906329926551
8.48884454792928e-15,0.3167410606058318,0.2867863809860536,-10.79993043056969
8.48884454792928e-15,0.3008202087316327,0.2916843399858654,-11.19349638502882
1.028145822447522e-15,0.6930466989190851,0.2025650074014441,-4.635304830036187
4.936130869128893e-15,0.496452193843135,0.2405315796246267,-4.314776209702958
8.059169715569194,4.816703422496708,0.01409260053278494,-14.87812189820361
2.499956665067145,0.6306716337753429,0.213554530639075,-11.25995700095552
4.936130869128893e-15,0.3228315511418156,0.2849554674387721,-4.546427000087583
2.449231293967717e-15,0.6181248304479947,0.2158724826921156,-4.578500142006632
4.936130869128893e-15,0.5852658671298219,0.2221278198883935,-4.445712258626418
4.936130869128893e-15,0.3730000701661211,0.2706867485766041,-4.039844000821396
1.028145822447522e-15,0.533207740904416,0.2326306859894398,-3.244415196420217
2.804502661847769e-15,0.693046829823647,0.202564985221503,-4.401536633276771
9.682324783204268e-17,0.5672108213540756,0.2256846976400702,-3.577648393763583
4.0479524494288e-15,0.5157902692289715,0.2363214893786374,-3.910742074490318
2.449231293967717e-15,0.662876937990708,0.2077730548263497,-4.328243223218006
4.936130869128893e-15,0.5852658671298219,0.2221278198883935,-4.445712258626418
9.682324783204268e-17,0.5672108213540756,0.2256846976400702,-3.577648393763583
3.983953101437077,1.261597326826454,0.1306744774610132,-10.64979162106237
4.936130869128893e-15,0.5852658671298219,0.2221278198883935,-4.445712258626418
4.0479524494288e-15,0.5157902692289715,0.2363214893786374,-3.910742074490318