dN/dS,LRT,p-value,Log(L)
1,0,1,0
4.489498487833615,1.432176800476491,0.1157047559340664,-8.126794161187526
1,0,1,0
1,0,1,0
1,0,1,0
1,0,1,0
1,0,1,0
1,0,1,0
1,0,1,0
1,0,1,0
1,0,1,0
1,0,1,0
8.248832936319383,2.441060212013486,0.0590981574017781,-11.46574938890072
1,0,1,0
1,0,1,0
3.88021810907156,1.217645619263834,0.1349115977874843,-10.71639301242801
6.914907828635196,2.13150490281841,0.07214951247404439,-11.09314570791488
1,0,1,0
1,0,1,0
1,0,1,0
3.530903394619281,1.080344137141818,0.1493102914953163,-9.258393056572904
1,0,1,0
1,0,1,0
1,0,1,0
1,0,1,0
4.936130869128893e-15,0.468435477576012,0.2468539019321879,-8.752762095224471
1,0,1,0
1,0,1,0
1,0,1,0
1,0,1,0
1,0,1,0
1,0,1,0
2.804502661847769e-15,0.475153990564074,0.2453127992232049,-11.21865668125219
1,0,1,0
1,0,1,0
1,0,1,0
1,0,1,0
1,0,1,0
1,0,1,0
1,0,1,0
1,0,1,0
1,0,1,0
1,0,1,0
1,0,1,0
1,0,1,0
1.038263951005382e-15,0.4684354798954757,0.2468539013973485,-9.252437676412718
1,0,1,0
1.038263951005382e-15,0.5320099759915635,0.2328815238105045,-8.23897903056992
1,0,1,0
1,0,1,0
1,0,1,0
1,0,1,0
1,0,1,0
1,0,1,0
1,0,1,0
1,0,1,0
1,0,1,0
8.545869008691456,2.50356436302561,0.05679447756267209,-12.62073032641208
1,0,1,0
1,0,1,0
1,0,1,0
1,0,1,0
1,0,1,0
4.333280673146771,1.38141345765769,0.1199302654138931,-9.349700160468879
1,0,1,0
1,0,1,0
1,0,1,0
1,0,1,0
3.864975739606216,1.209851813099435,0.1356807359867027,-7.794463901610642
1,0,1,0
1,0,1,0
2.093959926088373e-15,0.4748918628885335,0.2453726246421721,-9.015881087282915
1,0,1,0
1,0,1,0
1,0,1,0
1,0,1,0
4.936130869128893e-15,0.5759209217501109,0.2239578229256053,-9.802780997256029
1,0,1,0
2.093959926088373e-15,0.4769668879132105,0.2448997067320555,-14.49240665663233
1,0,1,0
1,0,1,0
8.48884454792928e-15,0.2386635298225386,0.3125865272941948,-10.6579847656257
1,0,1,0
1,0,1,0
1.038263951005382e-15,0.5235087109888354,0.2346743957135742,-10.7192958532939
4.936130869128893e-15,0.2386633701083305,0.312586585171134,-11.71391124894603
1,0,1,0
1,0,1,0
1,0,1,0
1,0,1,0
1,0,1,0
1,0,1,0
1,0,1,0
3.48619859222275,1.062536993779432,0.1513186340066318,-8.497188341796083
1,0,1,0
1,0,1,0
1,0,1,0
1,0,1,0
1,0,1,0
1,0,1,0
1,0,1,0
1,0,1,0
1,0,1,0
1,0,1,0
1,0,1,0
1,0,1,0
1,0,1,0
1,0,1,0
1,0,1,0
1,0,1,0
1,0,1,0
1,0,1,0
1,0,1,0
1,0,1,0
1,0,1,0
1,0,1,0
1,0,1,0
1,0,1,0
1,0,1,0
1,0,1,0
1,0,1,0
2.804502661847769e-15,0.5235087109886969,0.2346743957136037,-14.14545816639912
1,0,1,0
1,0,1,0
1,0,1,0
1,0,1,0
1,0,1,0
4.367274228064933,1.393914957572139,0.1188725340735013,-8.052543013673164
1,0,1,0
1,0,1,0
4.936130869128893e-15,0.3629916658087211,0.2734247086479319,-10.95951542399189
1,0,1,0
1,0,1,0
4.936130869128893e-15,0.2425481773315035,0.311185857157589,-12.6702254945041
1,0,1,0
1,0,1,0
1,0,1,0
4.317023723209433,1.372209465947325,0.1207163147202238,-10.16310330210863
1,0,1,0
1,0,1,0
1,0,1,0
1,0,1,0
1,0,1,0
8.993159534392781,5.155499749688573,0.01158643307903662,-16.69693145590678
1,0,1,0
1,0,1,0
1,0,1,0
1,0,1,0
1,0,1,0
4.936130869128893e-15,0.591854669230429,0.2208514122651408,-8.814375613016594
4.715180835099011,1.507432132362663,0.1097656693775165,-9.629153861108829
1,0,1,0
1,0,1,0
3.921010871761852,1.232965582053676,0.1334155386630717,-12.46027306010994
1,0,1,0
1,0,1,0
1,0,1,0
1,0,1,0
1,0,1,0
1,0,1,0
19.47253380376883,15.64165434963266,3.827482686574735e-05,-24.82644442916448
1,0,1,0
1,0,1,0
1,0,1,0
1,0,1,0
1,0,1,0
1,0,1,0
1,0,1,0
1,0,1,0
1,0,1,0
1,0,1,0
1,0,1,0
1,0,1,0
1,0,1,0
5.794825721160564,1.837284862719095,0.08763475583806263,-10.19427988343559
1,0,1,0
1,0,1,0
1,0,1,0
1,0,1,0
1,0,1,0
1,0,1,0
1,0,1,0
1,0,1,0
1,0,1,0
1,0,1,0
1,0,1,0
1,0,1,0
1,0,1,0
1,0,1,0
1,0,1,0
1.038263951005382e-15,0.5322406357974643,0.2328331850513892,-16.47057745546066
1,0,1,0
1.038263951005382e-15,0.2482267615658671,0.3091632229743632,-11.9917823800774
1,0,1,0
1,0,1,0
1,0,1,0
1,0,1,0
1,0,1,0
1,0,1,0
1,0,1,0
1,0,1,0
5.64667360488876e-15,0.5887416152482139,0.2214530706458125,-8.529242877223441
1,0,1,0
5.64667360488876e-15,0.5322730354067033,0.2328263964373898,-9.552394887286813
1,0,1,0
1,0,1,0
1,0,1,0
1,0,1,0
1,0,1,0
1,0,1,0
1,0,1,0
1,0,1,0
1.038263951005382e-15,0.2986781572612074,0.2923561432543501,-9.816356927323929
1,0,1,0
1,0,1,0
1,0,1,0
1,0,1,0
1,0,1,0
1,0,1,0
1,0,1,0
1,0,1,0
1,0,1,0
1,0,1,0
1,0,1,0
1,0,1,0
1,0,1,0
1,0,1,0
1,0,1,0
1,0,1,0
1,0,1,0
1,0,1,0
1,0,1,0
1,0,1,0
1,0,1,0
4.936130869128893e-15,0.4031881135874329,0.2627236792090821,-9.90533810573071
1,0,1,0
1,0,1,0
1,0,1,0
5.64667360488876e-15,0.4709220212571346,0.2462816506289517,-9.444290295180071
1,0,1,0
4.936130869128893e-15,0.5973360773215397,0.2197981210897513,-11.11786490542884
4.739607285699242,1.519424907580891,0.1088532713406214,-17.97118666696165
1,0,1,0
1.038263951005382e-15,0.5887414051538045,0.2214531113359018,-8.527409255363633
2.804502661847769e-15,0.5526965535661112,0.2286089861982937,-8.725461408062044
1,0,1,0
1,0,1,0
1,0,1,0
1,0,1,0
1,0,1,0
1,0,1,0
4.936130869128893e-15,0.5514427111854694,0.2288644008410036,-11.16269786402206
1,0,1,0
1,0,1,0
1,0,1,0
1,0,1,0
1,0,1,0
1,0,1,0
1,0,1,0
1,0,1,0
1,0,1,0
13.53160171448851,9.839476044646702,0.0008540307142111403,-18.76176006852537
1,0,1,0
1,0,1,0
1,0,1,0
1,0,1,0
1,0,1,0
1,0,1,0
1,0,1,0
1,0,1,0
1,0,1,0
1,0,1,0
1,0,1,0
1,0,1,0
1,0,1,0
1,0,1,0
1,0,1,0
4.136348766649116,1.31056426650631,0.1261462586591877,-7.708510244832468
1,0,1,0
1,0,1,0
1,0,1,0
1,0,1,0
1,0,1,0
1,0,1,0
1,0,1,0
1,0,1,0
1,0,1,0
1,0,1,0
1,0,1,0
1,0,1,0
3.877776439997508,1.215776199617146,0.1350955850799741,-8.860464445254619
1,0,1,0
1,0,1,0
1,0,1,0
1,0,1,0
1,0,1,0
1,0,1,0
1,0,1,0
1,0,1,0
1,0,1,0
1,0,1,0
1,0,1,0
1,0,1,0
1,0,1,0
1,0,1,0
1,0,1,0
1,0,1,0
1,0,1,0
1,0,1,0
1,0,1,0
1,0,1,0
1,0,1,0
1,0,1,0
1,0,1,0
1,0,1,0
4.703534443123753,1.506247105897959,0.1098563195347164,-8.424709189739872
1,0,1,0
1,0,1,0
1,0,1,0
1,0,1,0
1,0,1,0
1,0,1,0
1,0,1,0
1,0,1,0
1,0,1,0
1,0,1,0
1,0,1,0
1,0,1,0
1.038263951005382e-15,0.4684354874346717,0.2468538996589045,-10.06854033401551
1,0,1,0
2.093959926088373e-15,0.4538326840520597,0.2502602354739366,-8.288029640829619
1,0,1,0
1,0,1,0
1,0,1,0
1,0,1,0
1,0,1,0
1,0,1,0
1,0,1,0
1,0,1,0
1,0,1,0
1,0,1,0
1,0,1,0
1,0,1,0
1,0,1,0
1,0,1,0
1,0,1,0
1,0,1,0
1,0,1,0
1,0,1,0
1,0,1,0
1,0,1,0
1,0,1,0
1,0,1,0
1,0,1,0
1,0,1,0
1,0,1,0
1,0,1,0
1,0,1,0
1,0,1,0
1,0,1,0
1,0,1,0
1,0,1,0
4.305977225055353,1.371837343133627,0.1207482267561353,-8.924943939631063
1,0,1,0
1,0,1,0
1,0,1,0
1,0,1,0
1,0,1,0
1,0,1,0
1,0,1,0
4.936130869128893e-15,0.4749594464296187,0.2453571977159306,-9.274580149675884
1,0,1,0
1,0,1,0
1,0,1,0
1,0,1,0
1,0,1,0
1,0,1,0
1,0,1,0
1,0,1,0
1,0,1,0
1,0,1,0
1,0,1,0
1,0,1,0
4.936130869128893e-15,0.4539644583851725,0.2502291420413904,-9.00140139476119
1,0,1,0
1,0,1,0
1,0,1,0
1,0,1,0
1,0,1,0
1,0,1,0
4.021469031820212,1.266755186365057,0.1301881442622459,-12.80127204093796
1,0,1,0
1,0,1,0
2.093959926088373e-15,0.4771997891284308,0.2448467211909678,-9.306942222633003
1,0,1,0
2.093959926088373e-15,0.4538326840520597,0.2502602354739366,-8.288029640829619
1,0,1,0
1,0,1,0
1.038263951005382e-15,0.5733271086185319,0.224469916423899,-9.875031025899956
8.48884454792928e-15,0.2306407388543406,0.3155245684081068,-9.349032632398494
1,0,1,0
1,0,1,0
1,0,1,0
5.64667360488876e-15,0.4684354795253896,0.2468539014826858,-13.84780916329165
1,0,1,0
1.038263951005382e-15,0.5089115260006878,0.2378052140900925,-8.577708060860303
1,0,1,0
1,0,1,0
1,0,1,0
1,0,1,0
1,0,1,0
1,0,1,0
1,0,1,0
1,0,1,0
5.64667360488876e-15,0.3973104529085134,0.2642407649817538,-9.78613703371054
1,0,1,0
1,0,1,0
1.038263951005382e-15,0.4709220203035116,0.2462816508479914,-11.05438658554144
1,0,1,0
1,0,1,0
2.804502661847769e-15,0.551969464190158,0.2287570434949116,-10.93010878664028
1,0,1,0
4.936130869128893e-15,0.2987818619277007,0.292323546786124,-11.24971889386974
1,0,1,0
1,0,1,0
1,0,1,0
1,0,1,0
1,0,1,0
1,0,1,0
1,0,1,0
1,0,1,0
1,0,1,0
1,0,1,0
1,0,1,0
5.64667360488876e-15,0.532075698338037,0.2328677489186955,-8.442644685398053
1,0,1,0
1,0,1,0
1,0,1,0
1,0,1,0
1,0,1,0
1,0,1,0
1,0,1,0
1,0,1,0
1,0,1,0
6.365931526347072,2.141132728743901,0.07169798870455357,-9.811439398377608
1,0,1,0
1,0,1,0
1,0,1,0
2.804502661847769e-15,0.4771252867578397,0.2448636685669242,-8.772685518467567
1,0,1,0
1,0,1,0
1,0,1,0
1,0,1,0
1,0,1,0
1,0,1,0
1,0,1,0
1,0,1,0
1,0,1,0
1,0,1,0
1,0,1,0
1,0,1,0
1,0,1,0
1,0,1,0
1,0,1,0
1,0,1,0
1,0,1,0
1,0,1,0
1,0,1,0
1,0,1,0
1,0,1,0
1,0,1,0
1,0,1,0
1,0,1,0
1,0,1,0
1,0,1,0
1,0,1,0
1.038263951005382e-15,0.53227309218682,0.2328263845406632,-9.552996056531493
1,0,1,0
1,0,1,0
1,0,1,0
1,0,1,0
1,0,1,0
1,0,1,0
1,0,1,0
1,0,1,0
1,0,1,0
1,0,1,0
1,0,1,0
1,0,1,0
1,0,1,0
1,0,1,0
1,0,1,0
1,0,1,0
1,0,1,0
1,0,1,0
1,0,1,0
1,0,1,0
1,0,1,0
1,0,1,0
1,0,1,0
1,0,1,0
1,0,1,0
3.829225372268197,1.195831136156354,0.1370782473891883,-10.00937678559931
1,0,1,0
1,0,1,0
1.038263951005382e-15,0.4709220203611082,0.246281650834762,-9.263095890172497
1,0,1,0
3.707875126992519,1.14983823182142,0.1417915079886079,-8.190154694097686
1,0,1,0
1,0,1,0
1,0,1,0
1,0,1,0
1,0,1,0
1,0,1,0
1,0,1,0
1,0,1,0
1,0,1,0
1,0,1,0
1,0,1,0
1,0,1,0
1,0,1,0
4.096189785941531,1.294809758236603,0.1275817309783624,-10.81808364838799
1,0,1,0
1,0,1,0
5.64667360488876e-15,0.3545279777353691,0.2757805378379622,-10.43175678489011
1,0,1,0
1,0,1,0
1,0,1,0
1,0,1,0
1,0,1,0
1,0,1,0
1,0,1,0
1,0,1,0
1,0,1,0
8.48884454792928e-15,0.4031881690421599,0.2627236649689644,-10.43818610212203
1,0,1,0
1,0,1,0
1,0,1,0
1,0,1,0
1,0,1,0
1,0,1,0
8.48884454792928e-15,0.2491149768001293,0.3088494700055323,-16.1756258154368
1,0,1,0
1,0,1,0
1,0,1,0
1,0,1,0
1,0,1,0
1.038263951005382e-15,0.2386639301266378,0.3125863822328413,-9.812930393322578
1,0,1,0
1,0,1,0
1,0,1,0
1,0,1,0
1,0,1,0
2.093959926088373e-15,0.5235087105230747,0.2346743958124074,-11.31857689221252
1,0,1,0
1,0,1,0
1,0,1,0
1,0,1,0
1,0,1,0
1,0,1,0
1,0,1,0
1,0,1,0
4.23813458251759,1.344731421867611,0.1231006464475639,-10.13403961916344
1,0,1,0
1,0,1,0
1,0,1,0