dN/dS,LRT,p-value,Log(L)
1,0,1,0
4.4892503734476,1.432089976705733,0.1157118279489271,-8.126812637982775
1,0,1,0
1,0,1,0
1,0,1,0
1,0,1,0
1,0,1,0
1,0,1,0
1,0,1,0
1,0,1,0
1,0,1,0
1,0,1,0
8.24874222473724,2.441037827164269,0.05909900069562879,-11.46587232954564
1,0,1,0
1,0,1,0
3.879962139654734,1.217547581131775,0.1349212388665073,-10.71638083970901
6.914836031524825,2.131483322854734,0.07215052811602796,-11.09325540885033
1,0,1,0
1,0,1,0
1,0,1,0
3.530621649267932,1.08023004203578,0.1493230498929334,-9.258282217925428
1,0,1,0
1,0,1,0
1,0,1,0
1,0,1,0
2.093959926088373e-15,0.4684650604566514,0.2468470806486565,-8.752694250054523
1,0,1,0
1,0,1,0
1,0,1,0
1,0,1,0
1,0,1,0
1,0,1,0
8.48884454792928e-15,0.4751751831025288,0.245307963512204,-11.21859663789451
1,0,1,0
1,0,1,0
1,0,1,0
1,0,1,0
1,0,1,0
1,0,1,0
1,0,1,0
1,0,1,0
1,0,1,0
1,0,1,0
1,0,1,0
1,0,1,0
4.936130869128893e-15,0.4684650627758202,0.2468470801139101,-9.25247036617797
1,0,1,0
1.038263951005382e-15,0.5320402671958462,0.2328751748481359,-8.238914389333647
1,0,1,0
1,0,1,0
1,0,1,0
1,0,1,0
1,0,1,0
1,0,1,0
1,0,1,0
1,0,1,0
1,0,1,0
8.545757801743127,2.503538421628214,0.05679541287337486,-12.6209173500281
1,0,1,0
1,0,1,0
1,0,1,0
1,0,1,0
1,0,1,0
4.333009413663156,1.381316824215933,0.1199384858269988,-9.349664042035464
1,0,1,0
1,0,1,0
1,0,1,0
1,0,1,0
3.864764737384624,1.209770333711674,0.1356888057707522,-7.794479171224394
1,0,1,0
1,0,1,0
2.093959926088373e-15,0.4749131335320165,0.2453677691338334,-9.015840578964632
1,0,1,0
1,0,1,0
1,0,1,0
1,0,1,0
2.804502661847769e-15,0.5759670360188629,0.2239487350865025,-9.802786218651708
1,0,1,0
4.0479524494288e-15,0.4769918129493114,0.2448940353183635,-14.49205824504388
1,0,1,0
1,0,1,0
1.985752832009056e-14,0.2386675037088608,0.312585087252345,-10.65791772039628
1,0,1,0
1,0,1,0
5.64667360488876e-15,0.5235435989282067,0.2346669927785557,-10.71921715430796
1.038263951005382e-15,0.2386673440003868,0.3125851451266096,-11.71382083196187
1,0,1,0
1,0,1,0
1,0,1,0
1,0,1,0
1,0,1,0
1,0,1,0
1,0,1,0
3.485938609673723,1.062430884802261,0.1513307053486694,-8.496998317534711
1,0,1,0
1,0,1,0
1,0,1,0
1,0,1,0
1,0,1,0
1,0,1,0
1,0,1,0
1,0,1,0
1,0,1,0
1,0,1,0
1,0,1,0
1,0,1,0
1,0,1,0
1,0,1,0
1,0,1,0
1,0,1,0
1,0,1,0
1,0,1,0
1,0,1,0
1,0,1,0
1,0,1,0
1,0,1,0
1,0,1,0
1,0,1,0
1,0,1,0
1,0,1,0
1,0,1,0
1.038263951005382e-15,0.5235435989280717,0.2346669927785844,-14.14543901158145
1,0,1,0
1,0,1,0
1,0,1,0
1,0,1,0
1,0,1,0
4.367008009979734,1.393820447367705,0.1188804878515811,-8.052562497305813
1,0,1,0
1,0,1,0
5.64667360488876e-15,0.3630139775309758,0.2734185479047712,-10.95962078386832
1,0,1,0
1,0,1,0
8.48884454792928e-15,0.2425521506866843,0.3111844316564337,-12.67041602861519
1,0,1,0
1,0,1,0
1,0,1,0
4.316802820328564,1.372129987533114,0.1207231296671266,-10.16306264165534
1,0,1,0
1,0,1,0
1,0,1,0
1,0,1,0
1,0,1,0
8.992621365394344,5.155282593459198,0.01158788199294686,-16.69712960978445
1,0,1,0
1,0,1,0
1,0,1,0
1,0,1,0
1,0,1,0
2.804502661847769e-15,0.5918998373234317,0.2208427011954566,-8.814311504812771
4.714918060671683,1.507342857857473,0.1097724954364319,-9.629318209712412
1,0,1,0
1,0,1,0
3.920752984433591,1.232867467242492,0.1334250539827693,-12.46043599027677
1,0,1,0
1,0,1,0
1,0,1,0
1,0,1,0
1,0,1,0
1,0,1,0
19.47174592677402,15.64128725289992,3.828225739188618e-05,-24.82705791199787
1,0,1,0
1,0,1,0
1,0,1,0
1,0,1,0
1,0,1,0
1,0,1,0
1,0,1,0
1,0,1,0
1,0,1,0
1,0,1,0
1,0,1,0
1,0,1,0
1,0,1,0
5.794540642374901,1.837201604697135,0.08763964540652613,-10.19453550423342
1,0,1,0
1,0,1,0
1,0,1,0
1,0,1,0
1,0,1,0
1,0,1,0
1,0,1,0
1,0,1,0
1,0,1,0
1,0,1,0
1,0,1,0
1,0,1,0
1,0,1,0
1,0,1,0
1,0,1,0
4.936130869128893e-15,0.532270850549331,0.2328268542154669,-16.47025142331613
1,0,1,0
5.64667360488876e-15,0.2482299911765793,0.3091620808788466,-11.99169545313391
1,0,1,0
1,0,1,0
1,0,1,0
1,0,1,0
1,0,1,0
1,0,1,0
1,0,1,0
1,0,1,0
2.804502661847769e-15,0.5887773710827133,0.2214461457933062,-8.529178519294383
1,0,1,0
4.936130869128893e-15,0.5323032538991477,0.232820065112997,-9.552318924215626
1,0,1,0
1,0,1,0
1,0,1,0
1,0,1,0
1,0,1,0
1,0,1,0
1,0,1,0
1,0,1,0
5.64667360488876e-15,0.298682631795387,0.2923547366663169,-9.816259458568283
1,0,1,0
1,0,1,0
1,0,1,0
1,0,1,0
1,0,1,0
1,0,1,0
1,0,1,0
1,0,1,0
1,0,1,0
1,0,1,0
1,0,1,0
1,0,1,0
1,0,1,0
1,0,1,0
1,0,1,0
1,0,1,0
1,0,1,0
1,0,1,0
1,0,1,0
1,0,1,0
1,0,1,0
4.936130869128893e-15,0.4032079106353521,0.262718595648805,-9.905154984297864
1,0,1,0
1,0,1,0
1,0,1,0
8.48884454792928e-15,0.470951844089722,0.2462748007179363,-9.44410678022046
1,0,1,0
4.936130869128893e-15,0.5973806074848085,0.2197895959368846,-11.1177945130997
4.739388536427692,1.519351751215055,0.1088588095174278,-17.97101551819129
1,0,1,0
2.804502661847769e-15,0.5887771609731445,0.2214461864843684,-8.52734461412736
4.936130869128893e-15,0.5527349956727825,0.2286011624365867,-8.72541829074226
1,0,1,0
1,0,1,0
1,0,1,0
1,0,1,0
1,0,1,0
1,0,1,0
4.936130869128893e-15,0.5514807454815838,0.2288566464200733,-11.16286883239236
1,0,1,0
1,0,1,0
1,0,1,0
1,0,1,0
1,0,1,0
1,0,1,0
1,0,1,0
1,0,1,0
1,0,1,0
13.53099150352825,9.839202488332212,0.0008541577302229597,-18.76182729855782
1,0,1,0
1,0,1,0
1,0,1,0
1,0,1,0
1,0,1,0
1,0,1,0
1,0,1,0
1,0,1,0
1,0,1,0
1,0,1,0
1,0,1,0
1,0,1,0
1,0,1,0
1,0,1,0
1,0,1,0
4.136167980754747,1.310497555281646,0.1261522950476124,-7.708491546198015
1,0,1,0
1,0,1,0
1,0,1,0
1,0,1,0
1,0,1,0
1,0,1,0
1,0,1,0
1,0,1,0
1,0,1,0
1,0,1,0
1,0,1,0
1,0,1,0
3.877540208675267,1.215685469935739,0.1351045226229624,-8.860346877665814
1,0,1,0
1,0,1,0
1,0,1,0
1,0,1,0
1,0,1,0
1,0,1,0
1,0,1,0
1,0,1,0
1,0,1,0
1,0,1,0
1,0,1,0
1,0,1,0
1,0,1,0
1,0,1,0
1,0,1,0
1,0,1,0
1,0,1,0
1,0,1,0
1,0,1,0
1,0,1,0
1,0,1,0
1,0,1,0
1,0,1,0
1,0,1,0
4.703289087426264,1.506164091650984,0.1098626731685753,-8.424703067650922
1,0,1,0
1,0,1,0
1,0,1,0
1,0,1,0
1,0,1,0
1,0,1,0
1,0,1,0
1,0,1,0
1,0,1,0
1,0,1,0
1,0,1,0
1,0,1,0
2.093959926088373e-15,0.4684650703131581,0.246847078375975,-10.06835717919451
1,0,1,0
4.936130869128893e-15,0.4538593596182459,0.25025394058549,-8.28776525063396
1,0,1,0
1,0,1,0
1,0,1,0
1,0,1,0
1,0,1,0
1,0,1,0
1,0,1,0
1,0,1,0
1,0,1,0
1,0,1,0
1,0,1,0
1,0,1,0
1,0,1,0
1,0,1,0
1,0,1,0
1,0,1,0
1,0,1,0
1,0,1,0
1,0,1,0
1,0,1,0
1,0,1,0
1,0,1,0
1,0,1,0
1,0,1,0
1,0,1,0
1,0,1,0
1,0,1,0
1,0,1,0
1,0,1,0
1,0,1,0
1,0,1,0
4.305708865385771,1.371741328850643,0.1207564622933239,-8.9249270284408
1,0,1,0
1,0,1,0
1,0,1,0
1,0,1,0
1,0,1,0
1,0,1,0
1,0,1,0
1.038263951005382e-15,0.474980713480452,0.2453523435371158,-9.274611822818576
1,0,1,0
1,0,1,0
1,0,1,0
1,0,1,0
1,0,1,0
1,0,1,0
1,0,1,0
1,0,1,0
1,0,1,0
1,0,1,0
1,0,1,0
1,0,1,0
2.093959926088373e-15,0.4539911444075102,0.25022284601442,-9.001303926005543
1,0,1,0
1,0,1,0
1,0,1,0
1,0,1,0
1,0,1,0
1,0,1,0
4.021266534478548,1.266679376024868,0.1301952761500976,-12.80107003800543
1,0,1,0
1,0,1,0
2.093959926088373e-15,0.4772247006827399,0.2448410548881045,-9.306846899951926
1,0,1,0
4.936130869128893e-15,0.4538593596182459,0.25025394058549,-8.28776525063396
1,0,1,0
1,0,1,0
4.936130869128893e-15,0.5733639407618583,0.2244626319456664,-9.874851570540748
8.48884454792928e-15,0.230645388500939,0.3155228475450506,-9.348773514301589
1,0,1,0
1,0,1,0
1,0,1,0
1.038263951005382e-15,0.4684650624058229,0.2468470801992229,-13.84770203507127
1,0,1,0
4.936130869128893e-15,0.5089435051777293,0.2377982813138781,-8.577446888391876
1,0,1,0
1,0,1,0
1,0,1,0
1,0,1,0
1,0,1,0
1,0,1,0
1,0,1,0
1,0,1,0
5.64667360488876e-15,0.3973216623923932,0.2642378568000195,-9.786146075993736
1,0,1,0
1,0,1,0
4.936130869128893e-15,0.4709518431364472,0.2462748009368859,-11.05445351127317
1,0,1,0
1,0,1,0
4.936130869128893e-15,0.5520079561432176,0.2287492015805599,-10.93001102703107
1,0,1,0
1.038263951005382e-15,0.2987863106033046,0.2923221486420151,-11.2495508070336
1,0,1,0
1,0,1,0
1,0,1,0
1,0,1,0
1,0,1,0
1,0,1,0
1,0,1,0
1,0,1,0
1,0,1,0
1,0,1,0
1,0,1,0
2.449231293967717e-15,0.5321059785724707,0.232861402856046,-8.442603850361898
1,0,1,0
1,0,1,0
1,0,1,0
1,0,1,0
1,0,1,0
1,0,1,0
1,0,1,0
1,0,1,0
1,0,1,0
6.3653351174815,2.140921145594156,0.07170787724036659,-9.811350163525905
1,0,1,0
1,0,1,0
1,0,1,0
2.093959926088373e-15,0.4771502011954105,0.2448580009547201,-8.772504271521958
1,0,1,0
1,0,1,0
1,0,1,0
1,0,1,0
1,0,1,0
1,0,1,0
1,0,1,0
1,0,1,0
1,0,1,0
1,0,1,0
1,0,1,0
1,0,1,0
1,0,1,0
1,0,1,0
1,0,1,0
1,0,1,0
1,0,1,0
1,0,1,0
1,0,1,0
1,0,1,0
1,0,1,0
1,0,1,0
1,0,1,0
1,0,1,0
1,0,1,0
1,0,1,0
1,0,1,0
1.038263951005382e-15,0.5323032998630239,0.2328200554829378,-9.552808989255496
1,0,1,0
1,0,1,0
1,0,1,0
1,0,1,0
1,0,1,0
1,0,1,0
1,0,1,0
1,0,1,0
1,0,1,0
1,0,1,0
1,0,1,0
1,0,1,0
1,0,1,0
1,0,1,0
1,0,1,0
1,0,1,0
1,0,1,0
1,0,1,0
1,0,1,0
1,0,1,0
1,0,1,0
1,0,1,0
1,0,1,0
1,0,1,0
1,0,1,0
3.829012813838705,1.195748691562255,0.1370865182808266,-10.00933800301072
1,0,1,0
1,0,1,0
1.038263951005382e-15,0.4709518431940083,0.2462748009236651,-9.263033988323311
1,0,1,0
3.707619110267981,1.149737364164334,0.1418020676479501,-8.190163442885266
1,0,1,0
1,0,1,0
1,0,1,0
1,0,1,0
1,0,1,0
1,0,1,0
1,0,1,0
1,0,1,0
1,0,1,0
1,0,1,0
1,0,1,0
1,0,1,0
1,0,1,0
4.09593741025638,1.294716238734413,0.1275903118796108,-10.81826259187775
1,0,1,0
1,0,1,0
4.936130869128893e-15,0.3545514562010013,0.2757739501956029,-10.43168390292229
1,0,1,0
1,0,1,0
1,0,1,0
1,0,1,0
1,0,1,0
1,0,1,0
1,0,1,0
1,0,1,0
1,0,1,0
8.48884454792928e-15,0.4032079660877095,0.2627185814097865,-10.43811417549458
1,0,1,0
1,0,1,0
1,0,1,0
1,0,1,0
1,0,1,0
1,0,1,0
8.48884454792928e-15,0.2491180785550711,0.3088483755671502,-16.17526691894471
1,0,1,0
1,0,1,0
1,0,1,0
1,0,1,0
1,0,1,0
8.48884454792928e-15,0.2386679038360526,0.3125849422565942,-9.812971502807219
1,0,1,0
1,0,1,0
1,0,1,0
1,0,1,0
1,0,1,0
1.028145822447522e-15,0.523543598462723,0.234666992877325,-11.31878003457192
1,0,1,0
1,0,1,0
1,0,1,0
1,0,1,0
1,0,1,0
1,0,1,0
1,0,1,0
1,0,1,0
4.237915666695597,1.344651704417743,0.1231076468992827,-10.13410064374487
1,0,1,0
1,0,1,0
1,0,1,0