dN/dS,LRT,p-value,Log(L)
2.804502661847769e-15,0.8789716732659443,0.17424174229291,-4.052597790392641
2.804502661847769e-15,0.5696897762076363,0.2251911087136564,-3.82242615393411
9.682324783204268e-17,0.5834478382569603,0.2224820214689421,-4.239833176403857
2.449231293967717e-15,0.5510746288588058,0.2289394667985282,-3.980833819056474
5.840566125974614e-16,0.5510743604739554,0.228939521546572,-3.91890723170364
9.682324783204268e-17,0.6604133644668018,0.2082070240294542,-4.52596171410566
1.028145822447522e-15,0.3387249580004958,0.2802830632707318,-4.629275130451299
1.028145822447522e-15,0.7331315212325116,0.1959350100321623,-4.089979049199211
4.260254194471743,1.362335057618772,0.1215666027118432,-10.01682846317565
3.670160763252553,1.140791978578022,0.142742520357613,-12.69161554594845
8.48884454792928e-15,0.3098123817218692,0.2888976691293991,-19.07055962216608
2.449231293967717e-15,0.6253043658300754,0.2145414765445602,-4.390945847004492
12.43873607885535,6.374664932476826,0.005788044805589199,-18.12651427028054
9.682324783204268e-17,0.6019871125900078,0.2189104277428404,-4.218062156452339
2.449231293967717e-15,0.5304110139793128,0.2332170559897153,-4.321936161047236
9.682324783204268e-17,0.6604133644668018,0.2082070240294542,-4.52596171410566
1,0,1,0
1,0,1,0
3.591603730664746,1.111216018315226,0.1459088829531992,-12.4705238379263
6.622263822236341,4.153063504857016,0.02077963482671014,-17.71111401485736
3.179834433560208,0.9394666007749031,0.1662075280495626,-10.7650508728346
1,0,1,0
2.809589389150457,0.7751953706680119,0.1893073030116937,-10.97235274314695
1,0,1,0
1,0,1,0
1,0,1,0
1,0,1,0
1,0,1,0
1,0,1,0
1,0,1,0
1,0,1,0
1.028145822447522e-15,0.7477864015285398,0.1935889877077507,-9.282607644396469
1,0,1,0
1,0,1,0
1,0,1,0
1,0,1,0
1,0,1,0
4.936130869128893e-15,0.6356324220823772,0.2126483999407885,-10.73069274539513
1,0,1,0
1,0,1,0
1,0,1,0
1,0,1,0
1,0,1,0
1,0,1,0
1,0,1,0
1,0,1,0
1,0,1,0
2.812932418017356,0.7766940352605367,0.1890770660920726,-12.61931700089652
6.616025652720825,4.145839717565199,0.0208684747325395,-15.66416985729562
1,0,1,0
2.804502661847769e-15,0.6781887633970811,0.2051055577515342,-9.843395452553526
1,0,1,0
1,0,1,0
1,0,1,0
4.936130869128893e-15,0.6927370736719354,0.2026174789814212,-10.34155113568264
1,0,1,0
1,0,1,0
8.48884454792928e-15,0.3370683339304179,0.2807631715382054,-16.72013351124851
1,0,1,0
1,0,1,0
1,0,1,0
1,0,1,0
1,0,1,0
1,0,1,0
1,0,1,0
1,0,1,0
1,0,1,0
2.804502661847769e-15,0.6558826152274264,0.2090086546812028,-10.9050389634076
2.814683350848306,0.7775862563564075,0.1889401832298541,-8.710037999206003
2.671543451280647,0.7116210515262971,0.1994530934250734,-11.14729749629039
3.225855618343266,0.9603314429681511,0.1635516925786163,-13.57958455206158
1,0,1,0
4.936130869128893e-15,0.4179114211312331,0.2589905242724104,-10.35258053914364
3.483326166239786,1.065966438123528,0.1509291562856693,-10.84701270795562
1,0,1,0
1,0,1,0
1,0,1,0
1,0,1,0
1,0,1,0
4.004808294513406e-15,0.6558965854977075,0.2090061758617877,-11.59877143242058
1,0,1,0
1,0,1,0
1,0,1,0
1,0,1,0
1,0,1,0
1,0,1,0
1,0,1,0
1,0,1,0
1,0,1,0
1,0,1,0
4.0479524494288e-15,0.6474252253162298,0.2105173678087166,-10.42070470758703
1,0,1,0
1,0,1,0
1,0,1,0
1,0,1,0
1.038263951005382e-15,0.417946761727805,0.2589816761627572,-18.85645106288564
3.163574079897855,0.9316546617906774,0.1672166655523042,-9.096316535133942
1,0,1,0
1,0,1,0
1,0,1,0
1,0,1,0
1,0,1,0
2.449231293967717e-15,0.5562216878346113,0.227893300222774,-10.06978620030798
1,0,1,0
1,0,1,0
1,0,1,0
2.612275804835717,0.6839591833303089,0.2041133592191001,-9.290245893024476
3.376698297593918,1.02234948076244,0.1559811766649918,-10.21675085977727
1,0,1,0
4.064567675745276,1.291242341686942,0.1279095645810115,-10.47492816368526
1,0,1,0
1,0,1,0
1,0,1,0
1,0,1,0
3.221197399479446,0.9583576594120018,0.163800505757215,-10.93121505130919
1,0,1,0
1,0,1,0
1,0,1,0
1,0,1,0
1,0,1,0
1,0,1,0
1,0,1,0
1.038263951005382e-15,0.5446159540911033,0.2302629980172681,-10.7141094314881
1,0,1,0
1,0,1,0
1,0,1,0
1,0,1,0
3.213819752494857,0.9539896847664977,0.1643529161791642,-12.02614269561622
1,0,1,0
1,0,1,0
1,0,1,0
1,0,1,0
1,0,1,0
1,0,1,0
1,0,1,0
1,0,1,0
1,0,1,0
1,0,1,0
1,0,1,0
1,0,1,0
1,0,1,0
1,0,1,0
1,0,1,0
1,0,1,0
1,0,1,0
1,0,1,0
1,0,1,0
1,0,1,0
1,0,1,0
1,0,1,0
1,0,1,0
1,0,1,0
3.690403960749011,1.150389878196687,0.1417337746999791,-10.76886042598459
1,0,1,0
1,0,1,0
1,0,1,0
1,0,1,0
2.804502661847769e-15,0.7118663151892903,0.1994124679647442,-9.784459637393905
1,0,1,0
3.503583561315196,1.074159274944368,0.1500039252327395,-10.13639387945863
1,0,1,0
1,0,1,0
1,0,1,0
1,0,1,0
1,0,1,0
1,0,1,0
1,0,1,0
1,0,1,0
1,0,1,0
8.48884454792928e-15,0.3550271624792032,0.2756405390227179,-18.41227004981352
1,0,1,0
1,0,1,0
1.038263951005382e-15,0.3267084910191045,0.2838018530181551,-10.37218718696137
1,0,1,0
1,0,1,0
1,0,1,0
5.64667360488876e-15,0.4952386765928587,0.2407998554324515,-8.880166322926664
1,0,1,0
2.940832263039709,0.8349701307864699,0.1804196449144507,-11.86228491133891
4.936130869128893e-15,0.337139361829049,0.2807425545125334,-10.93708387849919
3.16989316588858,0.933989838568543,0.1669141548319979,-16.99033154973104
1,0,1,0
3.290409933300101,0.9863599259240488,0.1603168353981034,-17.31359475601816
2.179816881801274,0.4745917430966955,0.2454411509139134,-13.30484840143659
1,0,1,0
1,0,1,0
1,0,1,0
1.028145822447522e-15,0.6782591882010891,0.2050934058376531,-10.94225873147518
6.834806704780862,4.244928365985324,0.0196838652422841,-17.07266566821784
1,0,1,0
1,0,1,0
1,0,1,0
1,0,1,0
1,0,1,0
1.038263951005382e-15,0.5780171949873569,0.2235452841958757,-10.42802353763171
1,0,1,0
1,0,1,0
1,0,1,0
1,0,1,0
1.038263951005382e-15,0.6474998102547396,0.2105039917184406,-11.52360267797274
1,0,1,0
1,0,1,0
1,0,1,0
1,0,1,0
1,0,1,0
1,0,1,0
1,0,1,0
1,0,1,0
2.804502661847769e-15,0.7689759829813347,0.1902670133785796,-11.2358634483181
1,0,1,0
4.936130869128893e-15,0.4952386783046983,0.2407998550536635,-10.68171572307359
1,0,1,0
1,0,1,0
1,0,1,0
4.330490592686138,1.388971740582345,0.119289412419341,-9.532097506612962
4.936130869128893e-15,0.7754354247275899,0.1892703974072118,-10.84671997990284
1,0,1,0
1,0,1,0
1,0,1,0
1,0,1,0
1,0,1,0
1,0,1,0
1,0,1,0
1,0,1,0
2.612689683810518,0.6840877045171432,0.2040913408320696,-10.14329303044487
1,0,1,0
8.48884454792928e-15,0.4179118794937793,0.2589904095102825,-10.35735476116013
1,0,1,0
1,0,1,0
1,0,1,0
1,0,1,0
3.164942754230001,0.9322218164448692,0.167143126132911,-9.3843699783512
1,0,1,0
1,0,1,0
1,0,1,0
2.836734705217287,0.7875550185980451,0.187420229806755,-10.83472439925053
1,0,1,0
1,0,1,0
3.202225106977282,0.9490382580554204,0.1649821106803213,-11.35950816610356
1,0,1,0
1,0,1,0
1,0,1,0
1,0,1,0
2.449231293967717e-15,0.7689329709649755,0.1902736744365688,-10.53107063041923
18.19783509763397,23.23812222036206,7.156585619672029e-07,-38.17786248395333
1,0,1,0
1,0,1,0
1,0,1,0
4.068540925267293,1.292695494872703,0.127775899492245,-11.10529755092579
1,0,1,0
1,0,1,0
1,0,1,0
1,0,1,0
1,0,1,0
1,0,1,0
1,0,1,0
1,0,1,0
1,0,1,0
1,0,1,0
1,0,1,0
1,0,1,0
1,0,1,0
1.028145822447522e-15,0.7687505497313438,0.1903019287729002,-9.282668920177612
1,0,1,0
1,0,1,0
2.804502661847769e-15,0.6356316664709887,0.2126485375190855,-10.72446787267499
1,0,1,0
1,0,1,0
1,0,1,0
1,0,1,0
1,0,1,0
1,0,1,0
1,0,1,0
4.936130869128893e-15,0.5563353176308787,0.2278702894174418,-11.46465381424844
1,0,1,0
2.804502661847769e-15,0.7261453367558879,0.1970677477666283,-11.14244609692983
1,0,1,0
1,0,1,0
1,0,1,0
1,0,1,0
1,0,1,0
1,0,1,0
5.601748870044424,3.58616835127302,0.02913121685137704,-15.25676376003905
1,0,1,0
1,0,1,0
1,0,1,0
3.589082292748334,1.120681302951674,0.1448858995771645,-10.36732650620504
2.906778804041499,0.8197011473605791,0.1826337789261577,-9.701618872162953
6.628470253027656,4.15646384689126,0.02073795421071056,-14.76490265770716
1,0,1,0
1.038263951005382e-15,0.7767031671344817,0.189075664389862,-10.4600829280607
6.802769101330701,4.229199578689563,0.01986708735309267,-15.13701294064388
1,0,1,0
1,0,1,0
1,0,1,0
1,0,1,0
1.038263951005382e-15,0.6558546062123654,0.209013624601509,-10.21086327296264
1,0,1,0
1,0,1,0
1,0,1,0
1,0,1,0
1,0,1,0
1,0,1,0
3.481276664458925,1.06516260003707,0.1510203309965692,-9.686179660589797
1,0,1,0
1,0,1,0
1,0,1,0
1,0,1,0
1,0,1,0
1,0,1,0
1,0,1,0
1,0,1,0
1,0,1,0
1,0,1,0
1,0,1,0
1,0,1,0
1,0,1,0
1,0,1,0
1,0,1,0
1.038263951005382e-15,0.6927370736404797,0.202617478986753,-21.04202017323097
1,0,1,0
1,0,1,0
1,0,1,0
4.936130869128893e-15,0.4952386782506508,0.2407998550656228,-9.988053820266934
1,0,1,0
1,0,1,0
1,0,1,0
3.199896378910761,0.9472462949720715,0.165210610565922,-11.3975777714918
1,0,1,0
1,0,1,0
1,0,1,0
1,0,1,0
1,0,1,0
1,0,1,0
1,0,1,0
1,0,1,0
1,0,1,0
1,0,1,0
1,0,1,0
1,0,1,0
1,0,1,0
1,0,1,0
1,0,1,0
1,0,1,0
1,0,1,0
1.028145822447522e-15,0.7404623679401983,0.194756402741593,-4.410924926921058
9.682324783204268e-17,0.6971510441213136,0.2018713218871263,-3.5710053304312
2.449231293967717e-15,0.5304110139793128,0.2332170559897153,-4.321936161047236
4.936130869128893e-15,0.7404623532602592,0.1947564050915692,-10.15859248822972
5.840566125974614e-16,0.66041335952354,0.2082070249015793,-4.251098157971753
2.449231293967717e-15,0.5510746288588058,0.2289394667985282,-3.980833819056474
4.0479524494288e-15,0.6604133613841014,0.2082070245733259,-4.823600931257853
4.936130869128893e-15,0.7404623678551925,0.1947564027552008,-4.3489982053758
2.449231293967717e-15,0.5304110139793128,0.2332170559897153,-4.321936161047236
2.888472439560388,0.810565420215017,0.1839765684430205,-10.61789901448771
1.028145822447522e-15,0.6466466519927252,0.2106570732590522,-3.536055151583811
1.028145822447522e-15,0.606010654018025,0.2181469177832208,-3.522881982141659
4.936130869128893e-15,0.7404623678551925,0.1947564027552008,-4.3489982053758
4.936130869128893e-15,0.3449118266828517,0.2785038255941451,-4.546427000087583
4.936130869128893e-15,0.6466172501130778,0.2106623517799057,-10.98370421812771
4.936130869128893e-15,0.7079492642384277,0.200062724132518,-4.074134649241894
2.804502661847769e-15,0.8789716732659443,0.17424174229291,-4.052597790392641
3.336819561871176,1.005961912446267,0.157936093610927,-11.13079567559019
2.955199517782951,0.8402702693709827,0.1796597425726355,-15.66792542833303
4.936130869128893e-15,0.7404623678551925,0.1947564027552008,-4.3489982053758
4.936130869128893e-15,0.3449118266828517,0.2785038255941451,-4.546427000087583
2.804502661847769e-15,0.4721315881875974,0.2460040846964835,-11.08824409297138
5.732049890332621,3.61997142620136,0.0285449268565508,-35.24928263567487
2.449231293967717e-15,0.5304110139793128,0.2332170559897153,-4.321936161047236
2.804502661847769e-15,0.7082255511560973,0.2000167580246026,-4.338144457033104
1.028145822447522e-15,0.6173221481163207,0.2160220682961948,-4.318310786542838
4.936130869128893e-15,0.398512097620495,0.2639293368399019,-4.045355418283188
4.936130869128893e-15,0.6059733948195891,0.2181539694312559,-10.71919898427124
8.054333073515119e-16,0.5192025868766983,0.2355910170499508,-4.602726337175342
2.804502661847769e-15,0.6258208237556495,0.2144462099911926,-4.1039131310773
1.028145822447522e-15,0.7166061887867716,0.1986297010917502,-4.406200949527014
3.564335095189122,1.099089655015483,0.1472329869238475,-17.5567886257435
4.936130869128893e-15,0.662549601180471,0.2078306393435689,-4.066505201303191
4.936130869128893e-15,0.3729558352477973,0.2706987383944823,-4.039836560913644
1.028145822447522e-15,0.6180614502869819,0.2158842883237094,-4.243468710033051
1.028145822447522e-15,0.6180614502869819,0.2158842883237094,-4.243468710033051
1.738688558207614e-15,0.639178375250923,0.2120042380490424,-3.802230835578163
4.936130869128893e-15,0.5019375877947052,0.2393249989792521,-4.718349761228189
1.028145822447522e-15,0.5331516084972261,0.2326424316771372,-3.244407756512464
1.028145822447522e-15,0.6861169137291192,0.2037441555585225,-4.082809427286022
2.804502661847769e-15,0.5460322318057376,0.2299717347878575,-4.230820506651848
4.936130869128893e-15,0.3729558352477973,0.2706987383944823,-4.039836560913644
1.028145822447522e-15,0.6180614502869819,0.2158842883237094,-4.243468710033051
1.028145822447522e-15,0.6180614502869819,0.2158842883237094,-4.243468710033051
2.804502661847769e-15,0.515735381131436,0.2363332691471435,-3.972266642327142
4.936130869128893e-15,0.5670005187611373,0.2257266491188244,-9.330157989656254
4.936130869128893e-15,0.3729558352477973,0.2706987383944823,-4.039836560913644
2.804502661847769e-15,0.515735381131436,0.2363332691471435,-3.972266642327142
1.028145822447522e-15,0.5671498172462357,0.2256968655765146,-3.577638723194673
2.901175011743752,0.8169656846390971,0.183034412326165,-11.39029720842446
1.028145822447522e-15,0.5331516084972261,0.2326424316771372,-3.244407756512464
1.028145822447522e-15,0.3007314620786392,0.2917121113965522,-5.114255212330011
9.682324783204268e-17,0.5671491512943643,0.2256969984135569,-3.51610229787636
4.936130869128893e-15,0.6617491963633064,0.2079715448242339,-9.261721065898744
2.804502661847769e-15,0.2896458524161574,0.2952237829003708,-4.046785692407197
2.804502661847769e-15,0.515735381131436,0.2363332691471435,-3.972266642327142
2.804502661847769e-15,0.6051849286311111,0.21830327564221,-4.09931604279349
1.028145822447522e-15,0.5331516084972261,0.2326424316771372,-3.244407756512464
2.804502661847769e-15,0.5460322267783582,0.2299717358207216,-9.159990477920445
4.936130869128893e-15,0.5671125586309387,0.2257042977192631,-10.71812484314809
4.936130869128893e-15,0.6051145484425504,0.2183166106254866,-10.2940295891484
1.038263951005382e-15,0.5330811872902501,0.2326571686322054,-9.95303639665908
2.804502661847769e-15,0.4963954095917931,0.240544122139298,-4.314766539134047
1.028145822447522e-15,0.5777334288161402,0.2236010591979881,-4.31153110227754
4.936130869128893e-15,0.3729558352477973,0.2706987383944823,-4.039836560913644
8.054333073515119e-16,0.5157351319566086,0.2363333226257816,-3.910730008684356
1.028145822447522e-15,0.6051788640105711,0.2183044246610764,-3.530536294214266
1.028145822447522e-15,0.5331516084972261,0.2326424316771372,-3.244407756512464
1.028145822447522e-15,0.6051788640105711,0.2183044246610764,-3.530536294214266
2.804502661847769e-15,0.4963954095917931,0.240544122139298,-4.314766539134047
4.936130869128893e-15,0.4132250989155626,0.2601685474449199,-4.320233333102734
1.028145822447522e-15,0.6051788640105711,0.2183044246610764,-3.530536294214266
3.577206380198147,1.104463221499707,0.1466443480586966,-9.176222300262859
1.028145822447522e-15,0.6051788640105711,0.2183044246610764,-3.530536294214266
2.804502661847769e-15,0.6929773488062754,0.2025767583035535,-4.635287951684703
1.028145822447522e-15,0.6323764816977215,0.2132424712801403,-3.75944959558443
8.054333073515119e-16,0.5157351319566086,0.2363333226257816,-3.910730008684356
4.936130869128893e-15,0.372962241879506,0.2706970018247208,-4.608616309492867
3.152658067984767,0.9274408791680351,0.1677643975840395,-9.438368638069877
4.936130869128893e-15,0.5019375886412565,0.2393249987938075,-4.779886519035112
2.804502661847769e-15,0.6051849286311111,0.21830327564221,-4.09931604279349
3.780359018729693,1.183037462488905,0.1383692475290009,-9.513527576486933
2.449231293967717e-15,0.4418548010013277,0.2531142889544868,-3.878995458647844
2.804502661847769e-15,0.5633824744737979,0.2264502968252416,-4.20904948670033
4.936130869128893e-15,0.6050783515157683,0.2183234693671036,-9.880383414065703
5.840566125974614e-16,0.6391790412028238,0.2120041173466466,-3.863767260896476
2.804502661847769e-15,0.5460322318057376,0.2299717347878575,-4.230820506651848
1.028145822447522e-15,0.5331516084972261,0.2326424316771372,-3.244407756512464
9.682324783204268e-17,0.6524449972988213,0.209619941661619,-3.568894738564929
2.449231293967717e-15,0.6389157240788919,0.2120518510654536,-9.045544958634757
4.936130869128893e-15,0.5019375886412565,0.2393249987938075,-4.779886519035112
4.936130869128893e-15,0.3227919368462295,0.2849673022045046,-4.546427000087583
2.804502661847769e-15,0.4405766568636995,0.2534221294759319,-4.889016083484246
1.028145822447522e-15,0.4418548010026786,0.2531142889541618,-3.940531883966157
1.028145822447522e-15,0.5671498172462357,0.2256968655765146,-3.577638723194673
2.804502661847769e-15,0.6180614520425483,0.2158842879966917,-4.812251460414565
2.804502661847769e-15,0.6051849286311111,0.21830327564221,-4.09931604279349
4.936130869128893e-15,0.5019375877947052,0.2393249989792521,-4.718349761228189
4.936130869128893e-15,0.5019375877947052,0.2393249989792521,-4.718349761228189
2.804502661847769e-15,0.5633824744737979,0.2264502968252416,-4.20904948670033
2.804502661847769e-15,0.6180614549512651,0.2158842874548714,-4.57848580258385
1.028145822447522e-15,0.3007314620786392,0.2917121113965522,-5.114255212330011
2.804502661847769e-15,0.6051849286311111,0.21830327564221,-4.09931604279349
1.028145822447522e-15,0.5671498172462357,0.2256968655765146,-3.577638723194673
4.936130869128893e-15,0.3729558352477973,0.2706987383944823,-4.039836560913644
1.028145822447522e-15,0.5777334288161402,0.2236010591979881,-4.31153110227754
5.840566125974614e-16,0.5460322262367292,0.2299717359319982,-3.957340172331248
8.054333073515119e-16,0.5157351319566086,0.2363333226257816,-3.910730008684356
1.738688558207614e-15,0.639178375250923,0.2120042380490424,-3.802230835578163
2.804502661847769e-15,0.3007314361305848,0.291712119517233,-4.545472458131719
2.804502661847769e-15,0.5460322318057376,0.2299717347878575,-4.230820506651848
5.840566125974614e-16,0.6391790412028238,0.2120041173466466,-3.863767260896476
4.936130869128893e-15,0.4132250989155626,0.2601685474449199,-4.320233333102734
1.028145822447522e-15,0.6051788640105711,0.2183044246610764,-3.530536294214266
4.0479524494288e-15,0.8226043967608803,0.1822099001465687,-4.052597790392641
1.028145822447522e-15,0.5671498172462357,0.2256968655765146,-3.577638723194673
1.028145822447522e-15,0.5331516084972261,0.2326424316771372,-3.244407756512464
1.038263951005382e-15,0.3007492257876052,0.2917065521883753,-12.29412930615814
2.449231293967717e-15,0.4963947435050091,0.2405442692710251,-4.253230113815734
1.028145822447522e-15,0.6051788640105711,0.2183044246610764,-3.530536294214266
3.473346077246849,1.065321275338245,0.1510023277459857,-10.30660192963975
5.840566125974614e-16,0.5460322262367292,0.2299717359319982,-3.957340172331248
3.15552350183395,0.9289189453647744,0.1675719970687168,-8.755593576792846
1.028145822447522e-15,0.5331576731136138,0.2326411626124809,-3.813187505091688
4.936130869128893e-15,0.3729558352477973,0.2706987383944823,-4.039836560913644
1.028145822447522e-15,0.3007314620786392,0.2917121113965522,-5.114255212330011
3.042983413969166,0.879763963027905,0.1741331681136823,-16.78746096457518
1.028145822447522e-15,0.6051788640105711,0.2183044246610764,-3.530536294214266
9.682324783204268e-17,0.5671491512943643,0.2256969984135569,-3.51610229787636
1.028145822447522e-15,0.6180614549512686,0.2158842874548707,-4.51694904435365
2.804502661847769e-15,0.6051849286311111,0.21830327564221,-4.09931604279349
1.738688558207614e-15,0.639178375250923,0.2120042380490424,-3.802230835578163
4.0479524494288e-15,0.8226043967608803,0.1822099001465687,-4.052597790392641
2.804502661847769e-15,0.6929774269866122,0.2025767450558699,-15.62315382600082
9.682324783204268e-17,0.5671491512943643,0.2256969984135569,-3.51610229787636
2.804502661847769e-15,0.6929774648824498,0.2025767386344082,-10.14451257107918
2.804502661847769e-15,0.5852036399700218,0.2221399290167663,-4.384166162739193
2.804502661847769e-15,0.4963954095917931,0.240544122139298,-4.314766539134047
1.028145822447522e-15,0.5331516084972261,0.2326424316771372,-3.244407756512464
3.109179277740252,0.9081609118787561,0.170301427144212,-10.54328254068727
2.804502661847769e-15,0.4418548008558965,0.2531142889894773,-9.693051150427737
4.936130869128893e-15,0.5777340954864982,0.2236009281368155,-4.373067527595854
1.028145822447522e-15,0.5331516084972261,0.2326424316771372,-3.244407756512464
2.804502661847769e-15,0.5852036399700218,0.2221399290167663,-4.384166162739193
5.840566125974614e-16,0.6391790412028238,0.2120041173466466,-3.863767260896476
9.682324783204268e-17,0.5671491512943643,0.2256969984135569,-3.51610229787636
2.804502661847769e-15,0.6180614549512651,0.2158842874548714,-4.57848580258385
2.804502661847769e-15,0.5852038894881471,0.2221398804596114,-4.445702588057507
9.682324783204268e-17,0.6524449972988213,0.209619941661619,-3.568894738564929
2.902155227131634,0.8174054449685109,0.1829699232445246,-11.35583226903892
4.936130869128893e-15,0.4132250989155626,0.2601685474449199,-4.320233333102734
2.804502661847769e-15,0.515735381131436,0.2363332691471435,-3.972266642327142
1.028145822447522e-15,0.6323764816977215,0.2132424712801403,-3.75944959558443
9.682324783204268e-17,0.5671491512943643,0.2256969984135569,-3.51610229787636
4.936130869128893e-15,0.662549601180471,0.2078306393435689,-4.066505201303191
2.804502661847769e-15,0.5460322318057376,0.2299717347878575,-4.230820506651848
2.449231293967717e-15,0.4418548010013277,0.2531142889544868,-3.878995458647844
5.840566125974614e-16,0.6391790412028238,0.2120041173466466,-3.863767260896476
1.028145822447522e-15,0.5777334288161402,0.2236010591979881,-4.31153110227754
1.738688558207614e-15,0.639178375250923,0.2120042380490424,-3.802230835578163
9.682324783204268e-17,0.5633824691228888,0.2264502978981658,-3.93556915237973
1.028145822447522e-15,0.4418548010026786,0.2531142889541618,-3.940531883966157
1.028145822447522e-15,0.6323764816977215,0.2132424712801403,-3.75944959558443
4.936130869128893e-15,0.6390296507940825,0.2120311966293335,-9.61567126546513
1.028145822447522e-15,0.6051788640105711,0.2183044246610764,-3.530536294214266
1.028145822447522e-15,0.6180614502869819,0.2158842883237094,-4.243468710033051
2.804502661847769e-15,0.2896458524161574,0.2952237829003708,-4.046785692407197
1.028145822447522e-15,0.5671498172462357,0.2256968655765146,-3.577638723194673
1.028145822447522e-15,0.5671498172462357,0.2256968655765146,-3.577638723194673
1.028145822447522e-15,0.5877882368288017,0.2216378352847251,-5.166459751984427
8.48884454792928e-15,0.4961714980489518,0.2405935902217212,-23.94055486291265
4.936130869128893e-15,0.372962241879506,0.2706970018247208,-4.608616309492867
2.804502661847769e-15,0.515735381131436,0.2363332691471435,-3.972266642327142
1.028145822447522e-15,0.5331516084972261,0.2326424316771372,-3.244407756512464
4.936130869128893e-15,0.6929774759901832,0.2025767367521995,-10.84291352330433
2.804502661847769e-15,0.5633824744737979,0.2264502968252416,-4.20904948670033
2.804502661847769e-15,0.6051849286311111,0.21830327564221,-4.09931604279349
1.028145822447522e-15,0.3007314620786392,0.2917121113965522,-5.114255212330011
1.028145822447522e-15,0.5331576731136138,0.2326411626124809,-3.813187505091688
4.936130869128893e-15,0.4132250989155626,0.2601685474449199,-4.320233333102734
4.936130869128893e-15,0.662549601180471,0.2078306393435689,-4.066505201303191
1.028145822447522e-15,0.4418548010026786,0.2531142889541618,-3.940531883966157
1.028145822447522e-15,0.5331516084972261,0.2326424316771372,-3.244407756512464
1.738688558207614e-15,0.639178375250923,0.2120042380490424,-3.802230835578163
4.936130869128893e-15,0.3227919368462295,0.2849673022045046,-4.546427000087583
2.804502661847769e-15,0.515735381131436,0.2363332691471435,-3.972266642327142
2.804502661847769e-15,0.3007314361305848,0.291712119517233,-4.545472458131719
4.936130869128893e-15,0.3227919368462295,0.2849673022045046,-4.546427000087583
8.054333073515119e-16,0.5157351319566086,0.2363333226257816,-3.910730008684356
2.804502661847769e-15,0.4859057336007364,0.242879684894949,-4.655250425653531
2.449231293967717e-15,0.4963947435050091,0.2405442692710251,-4.253230113815734
2.804502661847769e-15,0.6180614549512651,0.2158842874548714,-4.57848580258385
9.682324783204268e-17,0.6524449972988213,0.209619941661619,-3.568894738564929
4.936130869128893e-15,0.4132250989155626,0.2601685474449199,-4.320233333102734
2.804502661847769e-15,0.5852036399700218,0.2221399290167663,-4.384166162739193
2.449231293967717e-15,0.4963947435050091,0.2405442692710251,-4.253230113815734
1.028145822447522e-15,0.3170020693703872,0.286707443052697,-4.615565440989535
4.936130869128893e-15,0.5019375877947052,0.2393249989792521,-4.718349761228189
2.804502661847769e-15,0.5852036399700218,0.2221399290167663,-4.384166162739193
3.594642028376712,1.111468595657573,0.1458814655940294,-8.798008525829875
2.804502661847769e-15,0.5633824744737979,0.2264502968252416,-4.20904948670033
5.64667360488876e-15,0.3167033930730518,0.2867977764658748,-10.80000171705691
8.48884454792928e-15,0.3007848170881324,0.2916954144223139,-11.19362989414024
2.804502661847769e-15,0.6929773488062754,0.2025767583035535,-4.635287951684703
2.804502661847769e-15,0.4963954095917931,0.240544122139298,-4.314766539134047
8.060017412701647,4.817070943694521,0.01408959580270142,-14.8783785706455
2.500209763955358,0.6307928851952376,0.2135323137824676,-11.26012014197632
4.936130869128893e-15,0.3227919368462295,0.2849673022045046,-4.546427000087583
2.804502661847769e-15,0.6180614549512651,0.2158842874548714,-4.57848580258385
2.804502661847769e-15,0.5852038894881471,0.2221398804596114,-4.445702588057507
4.936130869128893e-15,0.3729558352477973,0.2706987383944823,-4.039836560913644
1.028145822447522e-15,0.5331516084972261,0.2326424316771372,-3.244407756512464
2.804502661847769e-15,0.6929774796498656,0.202576736132065,-4.401522293853988
1.028145822447522e-15,0.5671498172462357,0.2256968655765146,-3.577638723194673
8.054333073515119e-16,0.5157351319566086,0.2363333226257816,-3.910730008684356
1.028145822447522e-15,0.6628082582108927,0.2077851348926448,-4.328229344163756
2.804502661847769e-15,0.5852038894881471,0.2221398804596114,-4.445702588057507
1.028145822447522e-15,0.5671498172462357,0.2256968655765146,-3.577638723194673
3.984372167183958,1.261754549648103,0.1306596197366359,-10.64993968255299
2.804502661847769e-15,0.5852038894881471,0.2221398804596114,-4.445702588057507
8.054333073515119e-16,0.5157351319566086,0.2363333226257816,-3.910730008684356