107.813
104.474
100.749
97.8349
94.6399
91.7975
88.6901
85.4539
81.6831
79.0935
77.297
74.8115
74.8501
71.8998
70.2012
67.5166
67.7216
66.958
67.5107
70.0454
71.5711
74.1021
72.4823
69.2622
69.6556
71.9745
71.944
71.6032
71.4711
67.8494
64.9835
61.4202
58.3669
57.04
54.0168
50.8529
49.6636
47.2296
43.9056
42.2469
39.18
37.0184
36.0778
37.3398
35.1037
38.1666
39.7192
37.2298
33.736
31.5477
27.8499
26.2916
23.6843
22.3431
19.6533
20.2018
23.0119
24.4486
23.5982
19.8423
20.0678
22.1952
19.9505
16.8007
14.6458
11.5544
12.6469
16.0419
15.5552
17.1134
20.2211
20.3019
23.9603
25.1253
28.7604
30.8228
34.2907
32.9901
29.4826
29.1866
27.2412
26.4957
26.9673
23.6594
21.644
19.2406
17.4312
13.8798
13.6687
15.9137
19.1461
21.9365
25.4671
27.6059
31.2619
33.0726
30.0607
32.6173
34.0184
30.7993
29.8354
33.3635
33.6719
30.4163
31.4071
34.8204
33.5826
31.8956
29.1681
25.8081
26.7709
25.272
26.5298
24.7415
27.2813
27.492
27.782
28.5119
27.332
29.4135
28.7645
25.4731
21.8209
19.8161
16.336
15.5981
12.4573
11.6916
9.58024
11.9205
10.3335
6.539
6.17283
3.76757
0
3.83077
7.16202
9.06746
12.4491
14.9436
15.396
19.16
19.3767
19.26
19.0549
21.7038
22.4708
25.1257
25.4734
27.2051
29.4684
30.376
29.4202
32.2623
33.7607
31.7655
34.2303
33.1967
34.7591
33.9389
37.0051
37.1604
39.2721
38.3882
40.5702
38.0944
36.6109
33.1835
30.9722
28.8616
26.277
25.5965
25.0613
26.0664
24.0369
25.8495
24.8164
25.6975
27.6318
29.7341
27.7204
24.5986
26.8833
28.3498
25.2747
23.6652
26.8146
29.6735
32.1371
33.0112
33.0584
31.4481
32.6929
31.6469
34.4336
33.9144
37.0868
38.955
42.6732
43.6619
40.823
38.8609
36.3439
35.7876
33.3338
33.4755
30.4603
31.3564
29.8991
29.5125
27.5172
26.6636
25.4075
22.1269
19.4411
15.787
16.783
18.7734
22.5192
22.4944
22.6311
22.7371
25.8554
25.8908
29.0031
30.236
32.9754
34.8044
36.4727
39.3882
40.7428
42.5721
40.8806
38.2598
35.2956
35.3483
32.5909
33.764
31.7364
31.9322
28.7235
26.2498
25.8803
22.7802
23.8954
24.1525
22.8624
25.7696
27.7175
28.0257
31.1501
33.5475
35.6921
38.5696
39.3974
39.2427
35.5869
34.757
32.4013
33.1154
31.6934
32.2176
30.91
33.2455
31.9499
32.3631
34.9753
36.4537
39.818
41.6533
42.5833
43.316
42.8592
39.6021
39.5277
36.7326
38.6316
38.4696
40.5914
44.3111
47.359
49.1
52.6519
53.8218
54.3607
52.8207
50.034
49.1567
45.6006
43.6118
44.4275
40.9879
41.329
40.1738
42.4319
46.0834
46.7063
49.7441
50.4226
49.2898
52.2181
52.8573
55.2115
53.8901
56.7933
59.4024
61.9571
63.7984
67.1765
67.7617
71.2283
74.4562
75.4236
75.5389
79.0126
79.7984
82.3918
85.0592
80.4724
82.383
84.6997
85.8511
85.6437
82.585
82.9567
86.3528
89.4489
87.3999
87.1643
84.0643
81.844
82.2682
79.6151
81.5506
80.8783
77.8142
78.0309
78.312
77.9329
81.6077
84.7157
88.231
90.0528
93.6921
96.7191
99.6832
102.35
99.8145
97.5147
94.3076
90.9942
87.8479
86.0102
82.9716
83.5871
80.9778
81.3992
81.0224
78.1372
76.3035
77.1088
75.4154
72.4551
72.0436
72.1245
69.5972
67.2383
67.7613
66.6801
63.7576
62.4511
62.8039
60.8376
57.9612
57.5929
54.5956
51.8984
50.2911
46.8802
44.5313
40.9317
39.1128
41.0891
40.5029
38.4593
40.601
38.4793
36.8159
34.4586
35.6035
39.0728
39.7423
43.5266
45.5502
43.4698
42.3605
45.97
47.1207
44.5441
45.6038
49.2794
49.1538
47.7009
50.0766
52.9518
52.016
51.7016
55.0439
56.7536
55.4718
56.3596
59.8517
60.1242
59.1782
61.7222
64.495
63.8385
64.2918
67.3086
69.0736
68.1967
69.3255
72.5892
73.2643
72.443
74.9182
77.5165
77.0672
77.4169
80.5392
81.8379
81.4095
83.4285
86.1197
86.2679
86.8772
89.592
91.2935
91.1084
92.6962
95.4404
96.1935
96.6609
99.111
101.413
104.578
104.073
101.839
101.166
97.9381
98.1207
95.6971
92.8611
91.3753
94.0947
96.979
100.34
101.611
105.421
106.028
105.288
101.723
100.504
97.0242
97.3784
98.6811
95.7235
93.4053
95.2255
94.3542
90.7367
90.3684
92.2616
95.3653
97.8582
101.287
102.887
106.275
106.743
106.794
108.135
111.777
110.837
108.335
110.632
113.401
111.127
109.643
112.766
115.732
