dN,dS,dN/dS,dS=dN,LRT,p-value,Full Log(L)
0,0.9228666575522513,0,1.387778780781446e-17,0,1,-4.082745333957467
1.074910741212118,0.7225707189844428,1.487620122114665,0.9535027801599434,0.7392261668805986,0.3899088773021226,-177.0711140143077
0.248138256427088,2.458340663770342,0.1009372948525856,0.9645343056002171,24.60372936750588,7.041532779084037e-07,-163.3468445510414
0.4528207270816441,0.2625843478192594,1.724477223575135,0.3900208131005243,0.5065958560226704,0.4766162088287028,-78.17149036992018
0.2583651647389794,0.5635355722959621,0.4584717938680348,0.3543198855356477,1.184095541926666,0.2765237991179716,-72.29053672667705
0.05425095250897748,0.6415698499174464,0.08455969761664796,0.2287834874874745,7.426560637486745,0.006426806125330864,-54.85981281531291
0.5264144460319882,0.5653543321279053,0.9311230428723284,0.5484571827125432,0.01488372257668402,0.9028999187364004,-102.5426853433017
0.2470753983316606,0,inf,0.1869316408161079,2.78844065941712,0.09494657779545201,-50.65624340318016
1.126496153349369,0.4611073683935071,2.443023535438328,0.908221254528548,2.392442982556986,0.12192296266835,-133.3465576261113
0.8413901495718312,0.5610141059015054,1.49976647774263,0.7528497112759385,0.5359979857113899,0.464096039813458,-142.36473747393
0.6742399114176721,0.9978488376106976,0.6756934377276101,0.8601435114732903,0.636610823137346,0.4249407384826085,-146.0636991751722
0.5159924905536698,2.172286211049114,0.2375343027678057,0.9387287659123553,10.97345657571225,0.0009242620110525568,-157.0598453232532
0.6694302895719269,1.30513437927611,0.5129205851915607,1.077651583150515,2.321195310648477,0.1276219238157873,-206.465554728732
1.000053998624614,0.5137145009941392,1.946711639810267,0.8472843918081513,1.629644180189416,0.2017522705567791,-163.5710261338533
0.8740727912565929,2.480596060347339,0.352364016547782,1.359588542198883,7.690940026169358,0.005549871349113777,-193.3792016844469
0.9255361021924483,1.934538052498953,0.4784274473158492,1.224992432539767,4.155045214504071,0.04151066558896954,-233.4927172035656
0.5814286641363349,0.9596993840833444,0.60584457360227,0.6996854183711764,0.7675372189326595,0.3809800133188949,-137.3424028200143
0.6064093508600115,1.10816030194523,0.5472216878691102,0.7258780637853309,1.723299333797684,0.189268901726799,-171.1397066218767
2.287935145157235,0.7121909694374777,3.212530407348966,1.753476857560182,12.1626794994977,0.000487552845888195,-437.4235503042468
0.208445756830984,1.465539815216478,0.1422313844132539,0.6180396053792819,18.4381746128098,1.755065452480054e-05,-161.4992503186013
0.8014995740467018,1.357412477504276,0.5904613279526725,0.9405400548915007,2.166009270406107,0.1410919603891161,-263.6764021058
0.491197025844576,0.9163889899764051,0.5360136701961283,0.6031411978344432,1.760476804477491,0.184565054480749,-156.2038656160734
0.5050939487155945,0.2120548039309959,2.381902882426354,0.4307010324113958,1.624704120647323,0.2024371107245008,-135.7833484719114
0.5314215043916514,0.9692423140535082,0.5482854975338124,0.6519111805078595,1.821943449646028,0.1770821167457481,-169.2326423684701
0.5812487743947402,0.1058771430358425,5.489841883984067,0.4652331708926059,4.60376101676934,0.03190189746895999,-154.7848334501763
1.19136965662358,1.521078825578441,0.7832399193187913,1.31353098858103,0.703212906698468,0.4017062124752635,-345.070838501432
0.03742610734130391,1.041162795579154,0.03594645092988113,0.3027688451848121,20.4880776999758,6.000384296434014e-06,-86.15311217411652
0.4277939830508811,1.665943635507366,0.2567877891742692,0.9001279583281808,14.64461952802708,0.0001298046670908937,-246.0319342681162
0.07707311943163714,0.9372418598144581,0.08223397047897006,0.6309880221601017,13.18234827705453,0.0002825984110270685,-168.5349487625294
0,0.6404824943711953,0,0.1729330501318919,15.70009395071749,7.42204835452176e-05,-48.60955932645449
0.1475285874585627,1.104925877393985,0.1335189902570796,0.5306712811098433,14.28855258633172,0.0001568156462963266,-156.9505092676314
0,1.235839595970951,0,0.3892677861234521,39.24341507842283,3.741280618640985e-10,-125.8659910495618
0.1596585924268768,1.817238693804105,0.08785779929253905,0.6101525121504137,26.2969718923265,2.927473162772642e-07,-147.8593226405384
0.03988493497118854,0,inf,0.02957931186294465,0.5981238077253046,0.4392947751678729,-13.97858778867527
0.07486629076260516,0.519268896372783,0.1441763434813139,0.1925144321829935,6.12182599360284,0.01335228062152161,-64.86457321584402
0.2016449767554117,1.744341350860242,0.1155994935601155,0.6724766510479604,24.10916412306045,9.102607850808297e-07,-164.9731594291594
0.3340804196754936,0.8340803794687005,0.4005374396749374,0.476979905262322,3.231341686854535,0.07224148021947319,-146.9367996227276
0,1.285862788630979,0,0.3550072438500619,30.85120718053972,2.785887753820049e-08,-85.64252793437871
0,1.353151917343255,0,0.3378543534602345,36.01818647797043,1.954844619511675e-09,-96.33113718710325
0.08543048804072986,2.671183540761325,0.03198226057367102,1.063385604960728,59.7696661892802,1.06581410364015e-14,-239.9259436053699
0.8200786413298511,1.482289441912291,0.5532513543858706,0.9354083333860299,1.832879305872666,0.1757878345534563,-220.4988302772759
0,0.6218995152573241,0,0.229122639433796,17.96430850310017,2.250860188424131e-05,-75.66780091725616
0.3917081314786787,0.4164764762665447,0.9405288264780308,0.3976177647474065,0.008353223251305053,0.9271779641808148,-98.87164552636031
0,0.3113105384871306,0,0.09076491686036262,7.392496738423901,0.006549651093679998,-30.68605358618627
0.1336318174133585,0.9090221913854096,0.1470061112696213,0.3887014184850107,10.5704913842545,0.001149071779068311,-116.4571612544218
0.3419785268981658,2.031075932296747,0.1683730881057979,0.9825057684149624,25.17749933959925,5.228870620932469e-07,-254.5685967122182
0.7373155925272347,0.3440487092214204,2.143055831239054,0.6338189155215546,1.77469246908197,0.1828024136562664,-159.8461515786522
0.1440403517868328,0.7474785619621974,0.1927016494074614,0.2962169338638863,7.180098933744915,0.007371664253174481,-94.42721686729529
1.129443010006361,1.022408727683789,1.104688349604616,1.09431526077775,0.05508876354804215,0.8144338596525217,-195.6328870580151
0.3119353511024223,0.3867324010237569,0.8065922334841039,0.3355352768954312,0.114932057039681,0.7345974449684183,-98.8357580807003
0,1.254199807934737,0,0.2678697042724773,27.73538291699236,1.390952074631358e-07,-67.01454493399606
0.08062477832095535,1.798285130508615,0.04483425734502512,0.6304614136926572,35.71897035043935,2.27933627527932e-09,-156.5347683693233
0,0.7085502408982047,0,0.2305160458464584,17.95392564140498,2.263171730920721e-05,-60.48379828497868
0.04086174274090647,0.5733603974788154,0.0712671173673383,0.1807639177699917,8.561461367054193,0.003433536969994044,-54.27836871108549
0,1.064870327807471,0,0.3158177419733138,29.13877595953375,6.737493141173445e-08,-86.13702559636093
0.08543743544081009,0.7094353735669723,0.1204301880398759,0.2883153467407576,9.531716783490197,0.002019511208995239,-91.98916129720115
0,2.779721014024105,0,0.8623347465289469,77.04607095432414,0,-193.6011118783109
0.07704125801231325,0.9348275945233675,0.08241226346296893,0.6298564757576514,13.15257526837132,0.00028712434747169,-179.7401189220482
0.1209666393850131,0.7130333177345053,0.1696507531644608,0.3053985183566061,8.001799768594765,0.004673087859447977,-94.37616363427668
0,0.919459416701129,0,0.3963524869145588,18.49367082883654,1.704694597226553e-05,-74.54194892190078
1.672054199711676,0.5715589381286031,2.925427437433333,1.411022723259799,6.892455091676197,0.008656030354659228,-357.939239543443
0.2858980863864272,1.254878702153749,0.2278292602270963,0.6374528641473661,10.67036277422403,0.001088657645647584,-157.7992794509428
0.6051511681339907,0.4152705691429708,1.45724549992284,0.5394112219641772,0.4382960579067117,0.5079460242709688,-131.5088814432461
0.6593282955134147,0.4734301122475844,1.392662355977503,0.6113328272124353,0.3733949973704398,0.5411594946077977,-162.7927729846963
0.70064338869443,0.5338361333678348,1.312469023545205,0.6550512870572099,0.3614535107631127,0.5477000990037716,-200.2491435049951
1.411268443396611,0.7524132699053223,1.875655972380967,1.260769235885919,2.369199691392964,0.1237504791042208,-278.133330748546
0.1045621846935091,1.231569943650123,0.08490153988624313,0.1928493571123569,7.452691535598419,0.006334166101834127,-58.05715997613531
0.03949398749990725,1.506553756167294,0.02621478811375495,0.4333038915143262,30.04612009713227,4.218918081555501e-08,-106.1917911911406
1.776340069985963,0.21188540454463,8.383494246824387,1.371544897614938,17.2952471600471,3.199862056468827e-05,-318.1076086291698
0.4097910691131765,1.498615411908666,0.2734464532106062,0.6585502327817216,9.953253907124861,0.001605653442357635,-190.6932413616531
0.04164688893313375,0.8874844933106255,0.0469268919592909,0.3117480428846043,16.87742837145697,3.98729284558641e-05,-88.35861141394311
0.319479207574938,1.818671439659438,0.1756662586809871,0.709055165085695,17.3124968628502,3.170946371422456e-05,-171.1986503792374
1.004792158160394,1.401709060173076,0.7168336045686452,1.170468136645243,0.8781619999630266,0.348705587439808,-247.409423297307
0.4012992881707511,1.182005765627232,0.3395070479692638,0.6582433943518332,6.299669554449508,0.0120760481289417,-169.7997323210813
0.3626265313846872,0.5306594894280391,0.6833506958964157,0.419551075716602,0.4846830433272658,0.4863087128870532,-129.537065237988
0,0.5734349211357597,0,0.1369554029903671,14.31022399943394,0.0001550206303759794,-41.96228414625511
0,2.710899295072275,0,0.6754272902004781,72.02010317380183,0,-168.2752143148558
0.8117525763156368,1.38113973657003,0.5877410915216813,0.9361389326024088,1.771961435728713,0.1831395221626667,-214.0948706967291
0.08173628685891295,1.607932617324738,0.0508331543114692,0.5031216815474424,27.53161702420144,1.545473065078795e-07,-123.3657655681819
0.03948936316013767,0.6385043109658918,0.06184666647027095,0.2015898730991462,10.563495801464,0.001153428552843394,-62.74592739406263
0.08543991713742924,0.5187980010804555,0.1646882157592954,0.2118240834875934,5.320323901076677,0.02107809309446218,-68.88841336778363
0.1542512052298001,0.8835561418971835,0.1745799705478702,0.589836279923819,8.355214978389824,0.003845819643557791,-153.6752279801338
0.209042256141617,0.4102613526434012,0.5095343609499488,0.2248061169473831,0.3313492908426099,0.5648656548754039,-64.66146179293749
0,0.1144895482587824,0,0.02738055529630424,2.860917044282264,0.09075574480399129,-13.91917605005575
0.1873443423442551,1.153286963000021,0.1624438221836135,0.4741521862317185,13.79728608131546,0.0002036301649989136,-143.8511198898071
0,0.3733095484309096,0,0.2206648186625026,7.356149981679209,0.006683374859112634,-61.67826407903993
0,0.8807019360758279,0,0.5028279550297213,17.90908186287234,2.317127456874513e-05,-116.6501428602656
0,1.670220799538967,0,0.4161299103842508,44.39688898758442,2.681133093318522e-11,-112.4477570710995
0.03599324786039989,1.0644041913772,0.03381539470812241,0.2958779714127887,21.36125055202837,3.80381965470189e-06,-84.54185394880459
0,0.7970339655009773,0,0.2548683360051539,20.50451134268206,5.94908708295705e-06,-70.05875997895667
0.4572678675170867,1.410022612996846,0.3242982511785502,0.8319874025642778,7.275259110948696,0.006991080736840849,-179.6278174999852
0,0.4584075609234736,0,0.1174502595095513,10.8876339827054,0.0009680841214084746,-36.02165003750329
0.1080092743766815,0.6895075673050727,0.1566469745920755,0.2467192349302831,7.366228553140303,0.006646017710214669,-84.66045046580842
0.836900655677335,0.9249533388383847,0.9048031079366318,0.8619729750016468,0.07519361141578429,0.7839197584927378,-254.7389955733912
0.5550949424577254,0.4287462041481965,1.294693543842679,0.5170232975944165,0.2081633706816888,0.6482107594290438,-132.1689306853808
0.253389369325175,1.393803829597984,0.1817970104144858,0.6094202770070274,9.478202019480278,0.002079276487794157,-110.5668434921988
0.3272011100842691,2.068439796420479,0.1581873983717119,0.7844135637458584,20.84203416404654,4.987622804542013e-06,-172.9016610283369
0.1732814971059783,0.5811633215121148,0.298163168066287,0.3131768138915532,3.918682284345664,0.04775229569751138,-91.96631701085947
0.4223622552778314,1.351545491257684,0.3125031735963257,0.6434262997124818,6.382762650158725,0.01152339254343471,-155.0518186519387
0,0,0,0,0,1,0
0.07199649562167716,0.7436668128502041,0.0968128392683557,0.2419861391150543,10.85573479759898,0.0009849027482020656,-73.94911808683381
0,0.5307003543075188,0,0.1796110701774208,12.99341372856476,0.0003125885517811788,-55.93025613092829
0.04614566380439172,0.229115001550681,0.2014083036556825,0.09866686388827654,1.847070442196646,0.1741245041231441,-31.92993302563245
0.6471295732554085,0.7983052410617391,0.8106292430132762,0.6944759734505389,0.2479480778106335,0.6185236191421362,-188.5566254406592
0.03787156087506512,0.9719810947838334,0.03896326901655188,0.2380034225220886,15.99354186377664,6.355892820708586e-05,-60.74115537164595
0,2.244964783202132,0,0.7428497054291673,57.36603631199301,3.61932706027801e-14,-188.3876341802561
0.3413643024398769,0.7440058146687575,0.4588194012863426,0.4392339132439057,2.331039215766907,0.1268171889921378,-136.8393762104022
0.7368255975681529,0.5477619775465812,1.345156523766738,0.6913953339058652,0.3011103964973358,0.5831871379448683,-175.657359774871
0.2622516909759241,0.8414084959552242,0.3116817719771158,0.440689378238355,5.660265477921655,0.01735349612151116,-135.609139064458
1.405332873164457,0.1059278754735463,13.26688434826029,0.9876206284274469,15.24686920844545,9.433299729610933e-05,-211.670249807956
0,0.1059479613389519,0,0.0257829399171506,2.826628619709926,0.09271280306545504,-13.06463556676775
0.6554492795839308,0.6387919305569675,1.026076329756451,0.6508198786538947,0.002894472045909424,0.9570942722394598,-171.1706024970581
0,0.9255283918548375,0,0.2354752835708996,21.8790831348653,2.90381939382911e-06,-57.22478201798382
0.05133787856972458,0.4244156690180731,0.1209613176829681,0.1729953477904382,4.746640503798687,0.02935555154285929,-46.14999414862852
0.04164578741122999,0.7082267043799643,0.05880290471070262,0.254861267956593,12.71623374083472,0.0003624950672287408,-74.06567381958098
0.05134720494713745,0.2290799098400346,0.2241453865727159,0.106353544078406,1.611268463859005,0.2043135868828947,-32.11519651657317
0.1448462826002218,0.5746269103245675,0.2520701345476633,0.2478153356043377,4.108673597220161,0.0426638103146213,-78.61241934093356
0.08065223869330043,0.9674965614557205,0.08336178329352301,0.4075068499081876,17.71230159570106,2.569594757717564e-05,-123.9583856569182
0.1667068701308919,1.113036024645676,0.1497767066290251,0.5211957174916799,15.13409648611383,0.0001001382717492616,-151.8692894219086
0.1080123095380427,0.3437506884152911,0.3142169984763818,0.1643792200659035,1.905572303998142,0.1674559249302878,-55.79819326280181
0.2054180832020326,0.1145023800755364,1.794007103315405,0.1772688474112402,0.304747730614622,0.5809212157562778,-51.38780198143422
0.5643362148190435,1.002337674402775,0.5630200572429775,0.7003531493441056,2.120750479954609,0.1453153230238972,-206.1392011563697
0.04768386139008118,0.7524530657242503,0.06337121019526255,0.3036322058040345,12.61981749107454,0.0003816785962207359,-82.58487243581392
0,0.7081064783985506,0,0.2395720108202971,17.32571659440973,3.148963996746357e-05,-70.28604000251178
0.1057803127890102,1.482730042017695,0.07134158598760476,0.5344624858668272,29.00669695412773,7.212851371729556e-08,-151.6770666674047
0,0.5197524290438812,0,0.1799660795835527,10.59777962424596,0.001132235497939171,-47.31582569883888
0.1542232987264099,0.4275707390187087,0.3606965693685174,0.31564890007557,1.987767730864903,0.1585744786088427,-89.71425250078504
0.8122587022583754,0.2661706671800583,3.051646189506303,0.6407742769026246,4.205795989835451,0.04028606296846693,-175.7544017231455
0,0.4164896189170609,0,0.1290961527358284,11.70841017570682,0.0006221825389683966,-49.45725409446226
0.1651285615200901,1.254134093112237,0.1316673890192316,0.5406526028588658,13.03978550516604,0.0003049430194533853,-129.4974583467056
0,2.943203777871566,0,1.053541381687952,69.64845297544349,1.110223024625157e-16,-215.9492011589868
0,0.5842973981249364,0,0.166450766246958,17.57119505206541,2.767487827615156e-05,-63.53377011922102
0.08559719791878451,1.19804643447069,0.07144731243793759,0.4193749161406299,18.79995231685351,1.451707543687064e-05,-105.4264666991064
0.2311433252990713,0.9795103699558176,0.2359784361542772,0.7130066175111986,7.830499278470995,0.005137190758004895,-202.3320278305994
0.07574430102306003,2.025073142246814,0.03740324210661444,0.679998030400115,43.52419200873925,4.187505897590427e-11,-163.485536243972
0,1.041266836389125,0,0.2967667166214503,22.56773931750347,2.028626448491444e-06,-60.90722205392215
1.075309659785475,0.3125184215592272,3.440788080333008,0.8584968088202868,5.626669244910886,0.01768921183664884,-229.5381265904907
0.8253619951884739,0.6900048619320922,1.196168376085592,0.7896225289835785,0.1522730620322932,0.6963725344746705,-199.3488872350593
0,0.6949480479439948,0,0.1487549537587215,15.3996711720764,8.700343259626653e-05,-41.31334095004183
1.136955682154464,1.591437573314747,0.7144205347535818,1.248322357198505,1.108405421355883,0.2924288374100334,-329.3041552801022
0,0.1059491801644516,0,0.0321405481915309,2.385661241367902,0.1224530688676491,-12.60690722899073
0.1627433946094603,0.4585495853504469,0.3549090432282989,0.2402304323377144,2.054024250185336,0.151804476286078,-72.95465106371103
0.07299568320322807,1.000001019307092e-06,72995.60879828631,0.07298596965008133,0.0002660604115796161,0.9869859960868935,-15.12844192843824
1.321700919588049,0.9800654472457063,1.348584345364329,1.211064003305869,0.7566370632582675,0.3843829984696157,-304.9905770549439
0.03464789305398325,0.518251536521428,0.06685536001792572,0.1558022852635966,9.004764043829312,0.002692767528133189,-55.26834250836028
0.08063001088204418,0.9209681440331376,0.08754918550053888,0.3537861042080806,15.11686210164856,0.0001010565973939004,-98.99347005456963
0.3866609317584339,1.22233515755399,0.3163297147831202,0.6542630635554331,7.177448565650081,0.007382562088897093,-179.979111361486
0,1.545263543569604,0,0.5369973384074865,27.42291622403408,1.634824383645039e-07,-83.65695776619549
0.4458847989346048,2.006579800428295,0.2222113463114862,0.8622547766411668,15.84557302578128,6.872713066308211e-05,-192.1353595763796
0,1.619454642089675,0,0.4121056455674623,43.70966990272925,3.808853232811771e-11,-114.6253715690702
0.3427898781392195,0.4209622814470182,0.8143006944966935,0.365404244245542,0.1096698544039327,0.7405203153229569,-102.4925749184317
0.03406910527195464,1.294240372032473,0.02632363045394155,0.3365716351522179,27.69834445792497,1.417839990969227e-07,-95.60772405739392
0.3367775260620145,0.7276832414209295,0.462807863218613,0.4719827464221814,2.195987815484045,0.1383704783532639,-139.0355408633093
2.600830754403364,0.5325059456630405,4.884134676026921,1.977910448482002,21.37967298900321,3.767443643942769e-06,-575.7346133049839
0,0.530663140168694,0,0.1438779468961811,13.04377389788868,0.0003042943056246195,-42.60444203987361
1.006280605620682,4.095923600289098e-17,24567855844519588,0.8481577225473829,8.874598292058806,0.002891658629144978,-201.7779480097784
0.1764030308063395,1.011098785630822,0.1744666627171172,0.4369790446345069,12.72381413546805,0.0003610287088684494,-135.9115571575468
1.845975548770857,0.8449725720325243,2.184657360333588,1.61194368705058,4.513086958208987,0.03363648193718383,-367.1748300300259
0.09527641313398319,1.692308259661918,0.0562996797953448,0.651617542298444,28.50415600577736,9.349757856824681e-08,-159.4023038470069
1.557749759826384,1.234354659879138,1.261995284223183,1.471227279030461,0.4784371653470316,0.4891310705964897,-341.0216095962761
1.889182823108782,0.825855570156424,2.287546262781705,1.619021572615108,5.051011428071774,0.02461156775010442,-397.204356820759
0.0340782492460758,0.5735104279622364,0.05942045267975447,0.1576331530766497,9.843395474014486,0.001704425936861265,-51.85164114986577
0,0.5307194438518318,0,0.1607538297387947,11.93556672508812,0.0005507237268398413,-38.4960721167464
0,1.034952320877971,0,0.2962056771301077,22.48715250208795,2.115538003000239e-06,-64.47526353258385
0.1022355200508005,0.3437174502316573,0.29744058668507,0.1575980030701306,2.080543754743275,0.1491870233843532,-57.86655240084098
0.4799547157209338,1.378048426356773,0.3482858124150383,0.6842651386727969,6.147997468409756,0.01315609855587807,-185.4077661588846
0,1.035167513255046,0,0.5831984158858745,20.62041600301205,5.599578173920428e-06,-129.1655435098304
0.04085924108843324,0.9194284038771265,0.04443982904610561,0.2712957359843917,15.72124095745065,7.339532791872383e-05,-69.47232478606624
0,0,0,0,0,1,0
0.07330723053475971,1.212053812609919,0.06048182825885186,0.7232255636270269,18.09604367360612,2.10037395707019e-05,-161.9336592521668
0.3397503872508101,0.4355434740077215,0.7800607919217426,0.3711504496924563,0.1855465913946546,0.6666492903435188,-103.6302151499851
0.8792203300304837,3.534449760329018,0.248757342627679,1.591630033741511,24.27630267825793,8.345955486710466e-07,-336.5062165463428
1.930481526874189,0.936306264002792,2.061805630372705,1.426898191695163,4.421942648374909,0.03547962126904947,-248.5291074533948
0.925498103812364,0.9996180560504744,0.9258517272777556,0.9440674781374245,0.03388186000040605,0.8539583382198908,-208.9479156819752
0.6667377596982765,0.1059867505784399,6.290765176396549,0.4929385132036319,5.377242925151734,0.02040109395361289,-131.3825361868098
0.2167060337846738,1.252934231842853,0.1729588259919566,0.462737885376164,10.31611185071921,0.001318738235369987,-112.4643450440612
0.05135051457721598,1.952510339797824,0.0262997401501767,0.6621692563150127,33.72238463991846,6.356501769388956e-09,-124.7475970537047
0.2092334677173337,0.6234545557182243,0.3356033985128158,0.328101225806034,3.196413811384872,0.07379993221616044,-100.3025510623457
0.1876455513315838,1.122115487296807,0.1672248119341306,0.4389596350042614,12.12690086678208,0.0004969964545088468,-136.3206465212035
0.2259221125079509,1.580635724061871,0.1429311694457866,1.017964858131064,15.96284439438659,6.4597970202529e-05,-216.4894979530343
0.2044682101485492,2.689234082068431,0.0760321355109712,0.8890836151024891,40.47851047299389,1.987904285627451e-10,-203.6296598715846
0.2419870615260795,1.469017260756392,0.1647271737307438,0.6909230275565577,19.06847719906904,1.261108032435398e-05,-202.2189419341174
0.3850736354564863,1.782204046396864,0.2160659640712865,0.8383579971207934,16.1135134747874,5.965683125186416e-05,-209.3921742504819
0.1667099903524846,50.83310944743002,0.003279555238006653,0.1944106369386915,9.174338319717663,0.002454320848049529,-67.03847061605454
0.04165315752322619,0.4123345457047711,0.1010178699726255,0.1483085557771635,5.635493009912665,0.01760039508463918,-47.64911273922471
0.1226491315929054,0.1059783816496365,1.157303307370575,0.1180081710441398,0.01638503947962988,0.8981457597492019,-47.30469211068122
0.5739747792306059,0.5747732562068579,0.998610796574772,0.5741815382326629,6.886074231715611e-06,0.9979062471619632,-149.928956529511
0.3383350278253959,1.32058012767762,0.2562018167124731,0.555883067979056,8.331976082288179,0.003895326268938737,-152.693345089906
1.714029362556587,0.8356234128599742,2.051198346262478,1.480846468664591,3.069307610376995,0.07978344594636111,-290.9350001782562
0.1847366922027423,0.6886972704668731,0.2682407788221782,0.329279747652762,4.221530931913975,0.03991413251689924,-90.28489957799079
0.1801961849796969,0.3181649147081004,0.5663609551198232,0.2151872007254567,0.5710112927140472,0.4498573352878739,-76.78149568034777
0.04329113554477076,1.112809829052843,0.03890254598273775,0.2971088666093723,17.24045367287604,3.293482152955107e-05,-69.22423937972805
0,0.7701699271729391,0,0.4399204784924427,15.66057757490324,7.578750844439153e-05,-106.9838499074752
0,0.5307437562952783,0,0.1729798119728727,11.2036725441943,0.0008163560417766558,-41.4172257146121
0.08904028463534759,0.4835573574870576,0.1841359318738744,0.2134101643196101,4.679073917585498,0.03053220389662159,-65.17812111611374
0,0,0,0,0,1,0
0,1.389319667505856,0,0.4499684682154782,45.04647952628449,1.924127523977859e-11,-137.3144714775347
0.2824599874393184,1.779564456073617,0.158724224051165,0.7495747906256889,20.86097701358051,4.938538623600053e-06,-191.3963355627977
1.125780699273831,1.169542310280337,0.9625822763128453,1.137774665625628,0.01135836461776307,0.9151256539861948,-322.0715362340233
0.0797780614940502,1.171357721401583,0.06810734247655117,0.377189500062138,18.68064353065114,1.545433973659804e-05,-98.01981808622706
0,1.817755372592409,0,0.6783879606283486,51.16201267108772,8.504308368628699e-13,-176.3956714954182
1.281333898045911,1.281562925920589,0.999821290184004,1.281395552432505,3.253442173445364e-07,0.9995448950240973,-400.3258460077109
0.04272337386366298,2.764219639847475,0.01545585352472946,1.06680207153289,67.65792025783679,2.220446049250313e-16,-249.0552530311092
0.9422898825245687,0.7451092464246825,1.264633189087418,0.8922096352837632,0.3165279553019218,0.573701726092537,-251.380804827137
0.6392474952659755,0.3058770934441365,2.089883515199296,0.545386485084125,1.607880749338392,0.2047899595194894,-150.8066177612356
0.3246760063918108,0.9601608391676116,0.3381475198189512,0.48525597999311,5.038198643736678,0.02479425955097148,-140.4424266168852
0,0.6949802102329311,0,0.217459649428086,11.60381986867768,0.0006581649652473986,-42.49279087951545
1.368507596163643,0.656861797985387,2.083402628012305,1.13209600472786,3.515814479772416,0.06078577269095442,-278.5341535748072
1.236682778225871,0.8507845965901404,1.453579182301104,1.128956811879341,0.942915913071829,0.3315290700036159,-274.7378577875547
2.439012374689424,1.129511534521696,2.159351454274658,1.622522708317601,8.057807216514675,0.004530798605440256,-379.6237955249665
0.5146096403479544,0.2290334893274711,2.246875083024072,0.4260754101005865,1.29122153507447,0.255822959365635,-113.6929385957981
0.4160366845434284,1.067799376196198,0.3896206476777204,0.6104435250289769,4.974800621943416,0.02571916794094609,-163.805036974974
0.6331661305669679,0.810034479132907,0.7816533084427887,0.6895806668088496,0.2216707026281028,0.6377698648301003,-123.7065743643955
0.7665904526708063,0.6218894920830224,1.232679539419628,0.7260669991732495,0.2061055536574372,0.6498371075332003,-210.4589150477354
0.9145451940865194,0.3113283752636233,2.937558111470278,0.7087207602167911,3.730808206677864,0.05341754092249351,-162.2076209940988
0,0.8574372707475924,0,0.2273365887733432,23.87423075414569,1.028392131452449e-06,-71.18806064394693
0.3695899241857356,0.4993089987557222,0.7402028104976148,0.3992136289338806,0.2465777029058245,0.6194951979459968,-111.8759483755969
0.5704238780823137,0.625983283802908,0.9112445856651863,0.5887116248765389,0.03880081561698034,0.8438437942672393,-156.0100044840206
0.1709472903997175,0.8356909401712466,0.2045580275941338,0.3640134065818923,7.23941254600129,0.007132031131134031,-101.4246678748015
0.08065704313108274,1.531719662686351,0.05265783621894968,0.529313213846226,28.54334980051192,9.162397696105273e-08,-144.1546257940024
0.04761375060065104,0.712452085703458,0.06683081087991816,0.2792218266760668,11.43933424040969,0.0007190555003802057,-75.93243855526748
0,0.6699204951268389,0,0.2262594486845709,17.35486206860966,3.101039080732892e-05,-67.46070056378819
0.3906567393695867,0.4163169086849415,0.9383638550823939,0.3967690680894021,0.008989717532102759,0.9244624705110253,-115.469492017355
0.3317833810355126,1.241747791057013,0.267190635187753,0.5399984474424478,7.855066332972399,0.005067849299340232,-154.8849811947102
0.2387022422439953,1.067180278993069,0.2236756496936219,0.439315981432724,9.190854400548574,0.002432273294779796,-132.7317610498602
0,0.4163821556186021,0,0.1304330060145443,6.959132511071871,0.008339245628916747,-28.2095222890281
0.06334277295784185,0.6937438717642179,0.09130570450555288,0.2608666035077273,6.937283374831168,0.008441722690961551,-52.74222318034531
0.2853760098259636,0.7084535202945182,0.4028154305836847,0.4187460869668275,3.039730281419196,0.08124941588815549,-124.2427096547926
0.120877666333642,1.345733488992697,0.08982288642019366,0.4639629422393771,19.5676487535695,9.709956086068061e-06,-126.2234721500285
0.7593563126522282,1.281878091686335,0.592377947307985,0.9307405773856597,2.039360562990282,0.1532740655654387,-229.4784644029072
0.08330635109827884,1.476999618901862,0.05640241881728884,0.6015827043389885,29.76056138564167,4.888359261823183e-08,-160.3965409629505
0.3672031880255498,1.274003526857562,0.2882277641187443,0.6035178172227901,7.478106025238503,0.006245373237244056,-141.5331549306817
0.3565763064158708,1.821690004872424,0.1957392890459661,0.8381214197288493,17.32952900674775,3.142653042520482e-05,-204.4856116643975
0.3112432948274003,1.704810968182637,0.1825676281043593,0.6685028595523627,18.00562509017595,2.202531788142448e-05,-187.0432609752683
0.8614021972497712,1.430615297441423,0.6021200799336774,1.059748072477494,2.128326588662731,0.1445985412514883,-258.5971277969437
0.965017953865654,1.112172097888711,0.8676876139021953,0.9985972672539827,0.1280509481508716,0.7204615040055953,-262.0458001528697
1.17112540618139,0.7540823388396661,1.553047122126535,1.032343990645266,1.411734249002279,0.234768711352766,-296.7513141864561
0.2845088720826366,2.680571039974079,0.1061374117081366,0.8420438865073169,31.00972224176257,2.567391654828555e-08,-196.0234716025203
1.527581618625496,1.137847393519436,1.342518889023058,1.435450121319965,0.6696622586665626,0.4131693838519231,-317.2298228795578
0.07052300181316512,0.8563100439602704,0.08235685463527871,0.3155542554378846,15.95404034738098,6.489910839313495e-05,-105.8794648957106
3.691180789645505,1.42300635362762,2.593931348398907,3.097024657472273,12.97686190630884,0.0003153640899236088,-658.5049598301941
2.046825155053519,1.832527037436293,1.116941312864355,1.972852425386191,0.1760704995076594,0.6747721689773982,-430.6561193589636
0.1726029255055628,0.9453366173089608,0.1825835605489422,0.43083972049308,9.95123951782756,0.001607411325543318,-118.4064777037842
0,0.8551389619213908,0,0.2066601765726741,22.70195751225883,1.891750559868122e-06,-56.8910976923331
1.434422174265417,1.496529474537314,0.958499113229227,1.448901481247738,0.01439163475970417,0.9045107629200223,-382.5893997475845
0.3537913492865805,0,inf,0.3180115575421525,2.129963298189296,0.1444442145251478,-79.88235716933127
0,0.2120776707423192,0,0.05156876056843282,5.655219057965397,0.0174035006018376,-21.71637490674516
0.04447317802000192,1.276820889569053,0.03483117983369798,0.4486131825149549,24.62686140139138,6.957513197791698e-07,-122.5106025750872
0.2565841474915017,0.3437254652605178,0.7464798899814721,0.2835385983134543,0.1557622312922717,0.693088481979489,-74.46905692196236
0,0,0,0,0,1,0
0,0.3123751200267288,0,0.09085930892821516,7.407334175370273,0.006495850673427839,-27.41608040405134
0.1743034569902616,0.4092194996426219,0.4259412299327958,0.1927676922892629,0.4997703054118858,0.4796010654209546,-60.3465719040996
0.04031892989732195,1.352327661786343,0.02981446807356073,0.4067210222615948,26.56095440386881,2.553526944337747e-07,-108.6448878459199
0.2599908448427154,0.2773680612474873,0.9373496129056231,0.264127080416776,0.006201868509805308,0.9372299292853759,-70.69426547588914
0.1249734448971479,2.041747714289928,0.06120905341168006,0.8373496685951055,40.18351119893202,2.311913993580106e-10,-226.9580050615206
0.03464172448397792,1.040167266730533,0.03330399407093845,0.2858309906526002,21.58174754896251,3.390632678956784e-06,-87.85139481968203
0,0.5309225800445001,0,0.1343895079564616,13.73072164908204,0.0002109750959174983,-42.41643050394016
0.4891612884999842,0.8148073632917942,0.6003397987516819,0.5149440372928211,0.3998673733179317,0.5271577587828273,-136.0077132370257
0.2719563204631074,0.4426052764493092,0.6144443704892301,0.3297121101031294,0.6302541845837766,0.4272620927119407,-101.5824969607523
0.07330909908441736,0.7702439818678076,0.09517646461403832,0.4713560642517989,10.01089190369777,0.001556171416020824,-118.5476540443888
0.04450962118697516,1.06621845264462,0.04174531126953831,0.3660680267269898,19.27846307206352,1.12973520874915e-05,-91.55017336506336
1.027622476724038,0.8537787552468704,1.203616827437807,0.979267337041231,0.213798019743308,0.6438067028588723,-262.1600199130909
0.2047004103419878,0.6371435628018267,0.3212783151128792,0.3098457380230162,3.67087789878471,0.05537101193342719,-107.0593108558588
0.3421646843705765,0.8325781050615574,0.4109700727060054,0.4849776895813558,3.057098947719965,0.08038507034419307,-136.8703038578776
0,1.112348653308804,0,0.3599846306405377,36.07008784469986,1.903463942021233e-09,-106.1919888689172
0,1.382160806794459,0,0.361900557685968,32.10799847579239,1.458356657657589e-08,-82.28768001457995
0.07713420210417062,0.4266559449427547,0.1807878292063172,0.2837541615676533,3.916354984988544,0.04781845310204125,-78.44227763124339
0.04451280809738537,0.5804870027291188,0.07668183419802947,0.2134136170494945,8.865302374213002,0.002906421030223094,-60.96690394950242
0,1.064850011040187,0,0.3158284455792889,29.13960280056955,6.734618396286862e-08,-88.13574745750647
0,0.4423985892619374,0,0.1415610757106263,11.3890772585906,0.0007387721911976675,-42.21512243875479
0,1.134280546363573,0,0.3863613820244862,34.43099709314072,4.41633585257506e-09,-114.3395888701587
0,0.5308047412794806,0,0.1449902925794546,15.5652090716149,7.970784678335008e-05,-59.53448269095327
0.1027093862472453,0.7446405382470642,0.1379314997932162,0.3117414308764873,7.742857614146487,0.005392539788282025,-75.74398248336225
0,1.172316007478409,0,0.3540344581353048,26.30219482586895,2.91956695375184e-07,-81.06173707694896
0.173252443583975,0.4162250814909071,0.4162470050180286,0.2310505917461363,1.226185830164212,0.2681500877155489,-62.98735786537206
0.5579834521482102,0.4077408882241749,1.36847558894175,0.5461291490001405,0.1013674492699579,0.7501947719137122,-148.8246697004466
2.012941917667975,1.162833816599612,1.73106585733314,1.668958008054502,2.972274741901856,0.08470267359927253,-310.4276498421384
0.8651179672039444,0.3438300150653573,2.516121133402206,0.743934981549437,2.897865834881372,0.08869691364224452,-206.8120031578734
0.09980701599422601,1.386357622943915,0.07199225823297088,0.5171381268675654,29.53379448672439,5.495017707524141e-08,-155.409328863816
0.65136013796067,0.5557448747556429,1.172048843899943,0.6286011164068435,0.0817409718619615,0.7749518179450245,-150.1317382188204
0.1363265238087034,0.4242738447961473,0.3213172941975832,0.2063466882245749,2.447950179599133,0.1176784520196072,-72.28036374672557
0,0.5157566062515571,0,0.1793792070324506,10.55345190682,0.001159713023877962,-42.19805949351931
0.4890292453724978,0.8152183472240526,0.5998751709130684,0.5148408424269819,0.4007963842778395,0.5266782573055317,-128.8195442174153
0.1666218719167159,0,inf,0.1666127039397361,0.0006564157851727259,0.9795599450652139,-57.02472078307314
0.4405651272337884,2.053107796138106,0.2145845084522551,0.8332724001622193,17.0903310374884,3.564330789718184e-05,-203.9512188221399
0,0.6234140210964721,0,0.2158694563757702,12.71701186536478,0.0003623442698734713,-47.46199223250971
0.07217269785348751,0.1144624659326651,0.6305359339012022,0.08231421638454843,0.1337708985715125,0.7145538402940843,-32.24514629914095
0.2997397898358444,0.6239151713423853,0.4804175368759489,0.3855799223395321,1.740959211075904,0.1870173343127914,-117.6951235583941
0.4599944111758471,0.752759657158336,0.61107739608725,0.5575511354607841,1.167897676765733,0.2798336328036253,-164.3265963001882
0.04450223127372564,0.7757548558131526,0.05736635863797208,0.2745565083158351,12.96575380742593,0.0003172407035308966,-83.36835923638425
0.6047286473123434,0.9308251152259597,0.6496694571520498,0.6974142548800221,1.215598380097106,0.2702262046194079,-217.3464425060997
0.8604473703360193,0.1560471115237165,5.514023053257516,0.689585274563887,4.821471966374475,0.02810733253195175,-168.6164377641381
0,0.5311707180169084,0,0.1439153502976865,13.05072205068453,0.0003031675069591344,-40.91582594675378
0.8611788244980952,0.9840471152033863,0.8751398293770759,0.8947005167815427,0.1095914787107972,0.7406097116022807,-236.4146190830331
0.285979250628249,0.7969167160433874,0.3588571363493386,0.4647304083467511,3.872090742952764,0.04909532731273614,-134.5424313101248
0.7605680227799773,0.4030810512590388,1.886886075156137,0.681612445615381,1.226169390745326,0.2681532958957297,-176.4622385515339
0,0.2121087070402954,0,0.0575461811721182,5.21711311466715,0.02236565066944407,-21.90218906507989
0.08903424456790225,0.6358470995465415,0.1400246138283836,0.2689017056169056,7.619863293398254,0.005772886401526955,-74.80822239466413
0,1.153675773346494,0,0.374827827643086,29.19575765395064,6.542229313843961e-08,-94.35702593020572
0,0.3113461462141746,0,0.08914652853392782,7.500853324222248,0.006166976620283648,-31.18643475400894
0.1226210332292966,0.4586063440860236,0.2673775337183208,0.2109235126325274,2.95600903757456,0.085558884248087,-63.70681578137656
0,0.6233019014764122,0,0.1558856166862621,16.6187669144288,4.569661316045082e-05,-52.07141588661278
0,0.2120348796132456,0,0.05156631643302594,5.654601902827331,0.0174096261271881,-20.23800905537685
0.133604363579977,1.553662076803881,0.08599319348440397,0.5801430339203661,22.66023175290053,1.933279782817543e-06,-144.3775735551423
0.2918206801553903,0.586801912396381,0.4973069684855888,0.3897688599287549,1.672086307913816,0.195979323676743,-124.9401297087165
0.2453800322039311,0.2290235144288557,1.071418508339048,0.2410756045623937,0.007212058507775509,0.9323219391092727,-76.8072029067291
0.4688441092439545,0.2118345072286975,2.213256543410032,0.4035641385950074,1.318427801623102,0.2508744062056194,-127.0732411585399
0.2600250370684765,0.555025322189856,0.468492205080925,0.3302197463302796,1.282828495261981,0.257373786227833,-88.66856336417949
0,0.5124691124796188,0,0.1480314490531354,12.40991624456903,0.0004270600201893293,-45.92735105467115
0,0.7721006654263688,0,0.2276324968402567,17.08193456506446,3.580124305035959e-05,-54.81434133622248
0,0.6949828755265902,0,0.2174580297414154,11.60376264886945,0.0006581852152579559,-43.03985046385056
0.04086797297748485,0.5729991612139423,0.07132291937548903,0.1807540064227748,8.556091961586532,0.003443678788801252,-50.05516087646263
0.2016367364954504,1.244286547204092,0.1620500815897492,0.4935138638630185,13.20684975822087,0.0002789278139978535,-134.4410119543682
0.08174051130712383,0.1059482076751854,0.7715138660742877,0.08847948717115015,0.0434724093773724,0.8348382842566051,-33.74092217056989
0.2476040737801346,1.014458772292686,0.244075048235373,0.4868673262014313,9.607363348647937,0.001937986985782625,-148.7893650426474
0.3118363603161467,1.185095743984181,0.2631317865236626,0.598722713638365,8.602569993279701,0.003356889629747339,-158.9754146932493
0.1709699377947783,0.5191566715043074,0.329322432281138,0.2724868813969751,2.712317993672855,0.0995762063562311,-83.16861679879129
0.05133356696501187,1.771755633594494,0.0289732771222336,0.596218196081417,29.86915877898502,4.622068816573233e-08,-115.4197445746714
0,0.5542908128883135,0,0.1797609588423754,18.00925938288071,2.198330933811388e-05,-65.73024106146462
0.7905975384220382,1.600520639361097,0.4939627262399018,1.040771419260814,4.789600876375744,0.02863206045483746,-322.2247245356632
0,1.148024548877748,0,0.2937180955102006,27.22438552174955,1.811592948985918e-07,-71.32513178363421
0,0.3345122489433214,0,0.1111859081887888,8.80815517156978,0.002998870982863999,-38.54846666985699
0.1473542308413045,1.246659315871292,0.1181992778342321,0.3980579951725148,14.84110846867159,0.0001169581395594754,-107.9771068282646
0,0.5736723790406082,0,0.1772970166729479,11.73331941298309,0.0006139099668328596,-41.29386948166736
0.6063592109773037,1.601232776495928,0.3786827373745342,0.9172125790586332,7.616893801502556,0.005782400137754551,-235.2756418041841
0.2597847709652222,1.584101836215902,0.1639949938987479,0.7127563094497097,18.20403175471608,1.984582756098252e-05,-172.8626379324486
0.06331345894254338,1.110235566092113,0.05702704982276745,0.3911281857758331,13.01605184939643,0.0003088322489762652,-74.09851519864485
1.101232631943985,0.6410979899425782,1.71772903552953,0.9774123303182074,1.611093880603789,0.2043381044243251,-256.4800797776819
0.1709944098224844,1.427511277207062,0.1197849800227403,0.5781095373966779,19.14637149435418,1.210674346174834e-05,-162.2348855830917
0.1542287709002434,0.850004496632084,0.1814446529534064,0.6027575837346166,8.283630236485806,0.004000407021330088,-172.8560683086669
0,0.9663149252933504,0,0.2306234078804021,20.02736808763868,7.63416936166994e-06,-56.35277382811189
0.2937859926007175,0.6607903652683885,0.4445978755779717,0.5034823194003258,2.209214494864568,0.137188509053575,-137.6071206464092
0.03754510857548723,0.5213104231030776,0.07202063667171971,0.1656109005440515,8.490949944487653,0.00356917400970802,-58.91858114802211
0.04284513960977123,0.7304609123513591,0.0586549381155145,0.2429716631242792,11.92479016555191,0.0005539186617853353,-71.69049815907351
0.03385016749089664,2.384385925833581,0.01419659759108108,0.7360782339079541,64.21347327883717,1.110223024625157e-15,-188.4415263384623
0,0.9228703264476089,0,1.387778780781446e-17,0,1,-4.082745333957467
0,2.110963279099133,0,0.7993062970387416,48.43155850995726,3.420153049660257e-12,-170.389794417436
0,1.03840709985835,0,0.2723978014989066,24.05798404631588,9.347785999702651e-07,-67.06850959596306
0.4051682380429744,1.136350221254103,0.3565522586829096,0.6110875902116902,5.408842787510025,0.02003499321680402,-161.0839631991446
0.04183561781662768,0.521104857429903,0.08028253281491479,0.1790798236885111,7.764623385927308,0.005327940467420356,-52.74210734339827
0.2283331145507335,0.9173612944842156,0.2489020584622695,0.4443035601338592,7.954289353628326,0.004797354211271032,-139.5859021534802
0.5663477266171461,0.9744184640942847,0.5812161278610032,0.6635764188437892,1.252041027769963,0.2631630098669914,-161.1396158534073
0.1272953835047352,0.837315423243138,0.1520279932402146,0.3495828612517199,6.42328179918681,0.01126338283880846,-68.12567041919846
0.08582839068973713,0.6225643542435353,0.1378626805481425,0.2605296418215475,7.747159236795056,0.005379709857085579,-84.45770970619553
0.07412119776891656,0.2497871753664606,0.2967374031920333,0.1143288564674708,1.39181880211575,0.238098187586979,-39.29097926849747
0,1.019287621728683,0,0.2900375959320036,22.60181034593739,1.992967245567634e-06,-75.42619136585697
0.1417244618561024,0.5566629060631625,0.2545965616038757,0.1742216304049638,1.085535371865774,0.2974625475184574,-45.58516637373768
0.06259896930470613,0.6130529195020377,0.1021102213419898,0.2222037482157272,5.578394829221196,0.01818338124491237,-41.53660797349604
0.18130181764314,3.228183996618544,0.05616216976264362,1.041375835099468,49.18089567520741,2.334132886971929e-12,-221.5912352500251
0.1020546439107566,0.4244308615084476,0.2404505731464708,0.187501118116175,2.466062907367032,0.1163289858331751,-53.89238585032974
0,3.911864934358097,0,0.8099381646631481,59.67411399587431,1.121325254871408e-14,-123.4059290871593
0,3.446015297798623,0,1.132808526834375,73.18670202844686,0,-189.1355539643502
0,1.585005385065649,0,0.4303429791580085,33.85700750819674,5.931506064094094e-09,-93.4392626634904
0,0.582041577339969,0,0.1762640602555351,9.549081203810331,0.002000495283703607,-33.0948287249767
0.04778214566442401,0,inf,0.04404958537754237,0.1626422582769855,0.6867354134345389,-14.53873276100122
0.4167618404502864,0.7643489726977629,0.5452507366881507,0.4911819676463862,0.9041988689173195,0.3416583295537774,-97.4016623312092
0,0.3164568559815644,0,0.08318648335780421,5.342374606294833,0.02081310311079743,-20.37542611726357
0,1.74313770672982,0,0.4717461715014553,36.53248779821854,1.501428203987132e-09,-105.7626514338089
0.103494989663342,4.196563766286609e-14,2466184131283.226,0.1034195405845605,0.001458451548291606,0.9695364502149313,-14.48592549611966
0.05370080780822142,1.422596455840383,0.03774844762740411,0.4805954329177779,21.62865210564343,3.308720710526458e-06,-91.82268399921674
0,1.369781869684172,0,0.3399001097945778,25.0657696855049,5.54077551395693e-07,-66.52143201943392
0,0.9228669582618476,0,2.045215819283894e-16,0,1,-4.082745333957467
1.535478636486375,1.386658347653258,1.107322967539175,1.486367667897089,0.0870009488641017,0.7680250226240465,-259.9869064458188
0.1046961400874194,0.4892640259146484,0.2139869979030168,0.1981445978888912,2.868907976286735,0.09030612589440579,-45.00517222637603
0,0.514477546090515,0,0.1405493269224233,10.3758966460281,0.001276711277272247,-34.49969427845679
0,0.9228702064417607,0,1.387778780781446e-17,0,1,-4.515926079863125
0,1.711824598545808,0,0.5556781736448586,24.70130411630581,6.693886439590457e-07,-73.06610642922173
0.09698695030659535,1.296703319553473,0.07479501968113521,0.423552564279866,16.45341867620166,4.986018681585325e-05,-99.3083826771304
0.2619370132968298,0.3275311856122851,0.7997315211593244,0.2817158046356569,0.04128830254592231,0.8389824389688489,-54.50021385738744
0.1615681936435693,2.156166778660088,0.07493306883430093,0.7813219476096177,26.56391886058742,2.549611677338248e-07,-140.786202834131
0.2921049158920703,1.51130694507787,0.1932796754778491,0.60663011092918,9.088100690478797,0.002572779172069106,-105.4624586853949
0.654043352644062,1.858889805468104,0.3518462206420899,1.029270974107136,4.271976890494386,0.03874582854994679,-129.0326649276694
0,1.186100145921731,0,0.3109177795207648,18.71842060230621,1.515117520300979e-05,-54.75317025116139
0.3512332558281863,0.390864388173602,0.8986064385896072,0.3651098963034702,0.02119523980562121,0.8842483388017596,-75.10669780516254
0.05586989162464685,2.502026201051035,0.02232985873656215,0.8113721772646471,39.5889896596853,3.134454917841367e-10,-129.8010912862138
0,1.009698938197277,0,0.2621048167949401,18.86048999597639,1.406355586686114e-05,-60.49121530403893
0.7265067666754201,1.769738882113313,0.410516361491629,0.976885912366099,4.161695241643656,0.0413480007767415,-169.8920934828288
0,0.7609755923864193,0,0.1913277819430097,13.79513933700981,0.0002038629746303755,-42.66908471552945
0,0.6116639623257344,0,0.1923169135605104,6.93448654046724,0.008454933141762377,-28.80065214687302
0,0.614175686184124,0,0.1625496083942608,10.62641237027051,0.001114837886702746,-39.79131382498471
0,1.231824441187611,0,0.325294563706598,21.27121060307519,3.986743281059191e-06,-66.00865156193348
0,1.018998115286989,0,0.2430392259573599,17.17993324190775,3.400090654526178e-05,-46.80965910570229
0.2679146510596211,0.9997015638757637,0.2679946303384155,0.5232161292075066,4.993560265620147,0.0254418109200788,-99.76724524685532
0.06399849959973397,1.028581719451487,0.06222014098584462,0.2928425076587145,9.501522013675384,0.002053015306273775,-51.56341741914817
0,0.4750607512143439,0,0.1146295887433746,8.527186633586034,0.003498801271181851,-23.33009618231343
0,1.573385243951654,0,0.5113835848128063,26.92966647980063,2.109952391693426e-07,-85.79949445578536
0,0,-nan,0,0,1,-3.932481695339118
0.2215871932407506,0.3066920333095864,0.7225071706283031,0.2441747632752694,0.1352630779962567,0.7130363204374932,-62.62173456607514
0.1106683021695494,0.6149715175408984,0.1799567931407318,0.2441097841648481,4.221004197662836,0.03992652457902224,-55.21322034535915
0.3292230283876765,1.896183862581915,0.173624000754544,0.842178172993251,13.29251222128477,0.0002664681877149189,-143.8583607428396
0.4397735143542165,1.667687358349585,0.2637026131741114,0.7441552644636676,7.692393017954231,0.005545405142090676,-127.8777411809189
0.09377006625786578,0.4107348206713816,0.2282983120461774,0.1931017982689409,1.571688125971342,0.2099620262491384,-28.11868310839913
0.06589410263341984,0.536474491934207,0.1228280256081608,0.2209427922717138,4.673655633325254,0.03062866631825223,-44.963556803827
0.2430425473341544,0.8306289882450094,0.29260060842286,0.4004104239323779,3.29656912230169,0.06942474637391971,-69.73078369102301
0.1971907401207084,1.446087357020587,0.1363615684511521,0.6007866455974428,15.65700105502191,7.593096777125385e-05,-133.6095474473536
0,1.518089657365159,0,0.4814696013051757,25.22435082435598,5.103376148340999e-07,-76.85409259186635
0,0.8187330392868502,0,0.5275418724075585,11.41630277054736,0.0007280242865577158,-87.69399936054256
0.06048831740241012,1.533887779937469,0.03943464325980613,0.4464651383857102,18.17733043499106,2.012602599976709e-05,-68.40166726722481
0.4853183549773709,2.744838026483241,0.1768112909741248,1.179037504572728,19.53497872288,9.8774361665388e-06,-183.8190732986014
0.1095401900692609,0.883058646836794,0.1240463365164308,0.5377796613447632,6.724893760506973,0.009507639378459221,-87.17378292538139
0.2726775990124819,1.392558869193135,0.1958104644943839,0.6408498960089638,8.66666884122759,0.003240830703912678,-100.8692801458492
0.4889249907967981,1.297643077920833,0.3767792539533945,0.7499644939339108,4.70185889820192,0.03013001271388405,-148.4974514833283
0.1990189007535219,0,inf,0.1516086374870656,1.632001096184254,0.2014264921825397,-30.17417453526909
0,1.116586321681162,0,0.3854634112734074,19.12406316975235,1.224907566677036e-05,-62.06116353635793
0,1.798479301475576,0,0.4978134479681214,28.20157487649894,1.093155862497142e-07,-72.64416784778783
0.2902566719331003,1.018280522823325,0.2850458841423413,0.5183501367917098,4.997085125465105,0.02539004431441627,-103.4822706119654
0,1.494194725884029,0,0.3539643638069175,20.11553192809603,7.290223467570911e-06,-52.83964922282406
0.07067723355206257,1.141639354519391,0.0619085469262019,0.3943620681862732,11.42030535538547,0.0007264575474899004,-63.1564379814232
0,0.8804041250215613,0,0.2266766752075662,13.55356944354278,0.0002318500768773157,-40.25545595560683
0.09700605886190633,1.548673569437834,0.06263815743760602,0.6891895326223706,13.85683803200118,0.0001972775674675686,-77.93093985064679
0.06817401184365905,0.7345566626245261,0.09280973859807828,0.2794105083040958,6.837481438286858,0.00892646044026546,-52.43406164845666
0,1.063046740002768,0,0.2278029972626471,15.37987828455883,8.791956447351534e-05,-41.43273236685507
0.06633599791655763,2.326200673726348,0.02851688535120824,0.60575504021892,25.07004299028253,5.528509927632541e-07,-87.75925469333886
0,0.6385595949898897,0,0.1367303986183651,9.238557857403862,0.002369715122282345,-27.13901198280569
0.07074094341568134,0.8140966233499571,0.08689502128701473,0.2957333446014687,7.256285843420812,0.007065326388205451,-51.31150444777234
0.8455790146081653,0.7911202223397195,1.068837568211043,0.8266236870897666,0.01483187629048643,0.9030683506216374,-126.6130269720045
0.0580167394782594,0.8525418760921913,0.06805148357543629,0.2279779612378029,7.800543531607019,0.005223052091148372,-44.38052951195334
0.3709134211620715,2.191977678710026,0.1692140502910382,0.9121872914444079,15.43855825253303,8.523138541172148e-05,-152.9795751559073
0,1.704625459738311,0,0.3645882003090278,24.61325159527783,7.006823884436741e-07,-55.97069493846969
0.05097070466573309,1.810871916210211,0.02814705126821143,0.6207024448935019,31.35255754504175,2.151750611023573e-08,-121.3678499885549
0.112782286401981,0.7560964468398934,0.1491638889104092,0.2605722365090374,5.163083605426706,0.02307189914103192,-53.82449283966969
0.5464178802801658,1.490071939266878,0.3667057045239075,0.8430581760016121,4.437946410737538,0.0351485018568588,-138.2807620998447
0,1.14850761611504,0,0.4960555539370063,15.09157471014566,0.0001024193873687684,-65.58679451746369
0.2207671924614848,1.306337150233544,0.1689971018752827,0.4949998917537569,9.045025515239672,0.002634105528614428,-87.60404717184228
0.4904556915262908,1.193772795279956,0.4108450900083315,0.7333934956719709,3.120938462035554,0.07729225740873114,-132.2212712883502
0.05802293146644103,0.6346193861519516,0.09142949732164056,0.2389468789532143,6.932029027335929,0.008466558316172712,-55.04698025319507
0.265575070974565,1.495719503600222,0.1775567346252565,0.5570937895158706,7.866413984853779,0.005036142889331852,-84.37603419342642
0,0.5284143503326689,0,0.1630873096335461,7.049079856035284,0.007930597975068676,-24.37288766736908
0.1235424680355333,0.9509112973789864,0.1299200760113542,0.3821672879582206,8.232757871926026,0.004114096546381174,-81.61871128484017
0.1160661324828354,0.8069140826651774,0.1438395177085986,0.3243483703124628,6.818303886212107,0.009022822061681701,-64.07896500330823
0,0.9786992644208072,0,0.2472428910985765,16.49260723232382,4.884013704431478e-05,-47.71626984689224
0.1964549412326554,1.643879594562956,0.119506892039064,0.664629997351969,14.38559368591717,0.0001489374134125976,-116.8086535844012
0,0.8574854426353807,0,0.2027174709245332,11.52235818417378,0.0006876410315477255,-34.83888471446102
0.4282292626810826,0.6260944226709529,0.683969138160077,0.4438400134906887,0.1160978971600173,0.7333057866333603,-75.45282494486119
0,1.058259625614583,0,0.2522160192627299,17.18776674135248,3.38609863687056e-05,-45.2926016936947
0.1388949126482923,0.895967181461785,0.1550223217123678,0.4051369351624512,6.818507377414221,0.009021794006762063,-78.88917814149312
0.1119739999728366,1.084744213853132e-13,1032261786168.857,0.1119455818511748,0.000507116694762999,0.9820337553010339,-15.54318060565672
0,0.5927337955659033,0,0.2116396871354024,8.232841680846768,0.004113906571238002,-31.78843840614426
0,0.1625253839179168,0,0.05303003208131205,2.239512611503411,0.1345233765241166,-12.90958140792394
0,2.316792696796375,0,0.6367080750200249,36.07289890258463,1.900720025815872e-09,-85.61529523941745
0,2.816491867996282,0,0.9760635372566993,54.95385908521519,1.233457780358549e-13,-156.3124206105584
0.2323467447205114,0.2533858206887451,0.9169682190146001,0.2389613699228123,0.009911167983673863,0.9206977408570187,-57.85232853584366
0.2087299495083347,0.8166579023077404,0.2555904362383544,0.4143216572275007,4.021386249723378,0.04492677168256043,-82.8790035023936
0.3484384740030326,0.2717395265983752,1.282251714959439,0.3224127447082321,0.09142155342721026,0.7623776643108935,-72.94358137852025
0.1239150823047096,0.272204336986116,0.4552281704131336,0.1702629087951709,0.6024138104506989,0.4376585273387719,-41.80359411668938
0.172545480708827,1.156731628883562,0.1491663895067537,0.4768091219996108,9.836280134354354,0.001711031629839654,-94.14068578431153
0.3556007925464503,1.438877697538704,0.247137608119668,1.052824563154724,7.160402047292678,0.007453048944251139,-179.5981930255426
0,1.284420446963075,0,0.4004130768325864,23.2832842869787,1.398098243621249e-06,-65.97235564267518
0,1.807437192631883,0,0.499621202276982,28.23022165297036,1.077096126733679e-07,-71.65909237368228
0,0.6391960690921805,0,0.2003049745755292,6.953868696979356,0.008363817059981793,-26.69762191055151
0.06127355835101713,1.929828783497811,0.03175077440805858,0.5447558981501873,23.38723153039089,1.324548153935901e-06,-80.69544006979412
0,0.4768122102172394,0,0.1393046391631446,7.378418792733527,0.006601118235824099,-26.30454823921297
0.06839967809137161,0.4456757045486658,0.153474100996014,0.1873504607701406,3.182057827204446,0.0744509123772209,-39.84009035702415
0.1660376192377438,1.592474998135015,0.104263878197268,0.5058604884931169,13.91737968397851,0.0001910239650478873,-93.15517072437693
0,0.8229406412203594,0,0.4856759991942619,10.53392622053536,0.001172029577073852,-70.39520084558747
0,0.6823887476617982,0,0.2215554998623642,11.24289429769911,0.0007992841974243658,-44.32987395659319
0.1106138648787578,0.9852249430377904,0.1122727004228059,0.3309833972408546,8.691558657728137,0.003196871276614166,-67.36212206420562
0.0846219103113226,0.4782928585095383,0.1769248877665085,0.2210977730842239,2.705513067075202,0.1000019054205988,-39.48695108399021
0.05817402468081713,0.8598337296724436,0.06765729544359549,0.2289299372288485,7.836873581943507,0.005119106672373586,-42.0155076439967
0,0.9228662728680105,0,1.787484334183056e-16,0,1,-4.082745333957467
0.3149679427586707,0.1627945726745517,1.934757022817549,0.272510074017589,0.4170907420513004,0.5183922886753645,-52.87813656551733
0,0.8582500395151667,0,0.203015455732979,11.51774554015323,0.0006893494152735435,-32.92913820801532
0.1182915508805819,1.250347523998504,0.0946069381593172,0.8456172166132301,10.90597729090729,0.0009585445538632387,-145.0678662865305
0.07087725206151176,0.7038598770051628,0.1006979576149244,0.2525879288716728,5.648773178611364,0.0174675885282668,-43.99857278643697
0,0.2131151886063207,0,0.04569227968103131,3.079012011587885,0.07930868924238776,-12.14728536013966
0.6325508288637568,0.8215848308178568,0.769915418513845,0.6770378825710343,0.1871106288708688,0.6653323752019282,-104.7716570541601
0.06561524407988818,0.7988823529929706,0.08213380084572419,0.2790633792840995,7.611691630069856,0.005799105559616935,-55.05194215147998
0.6422949102328761,1.806581913646799,0.355530466335915,1.029944325443123,6.301762961450095,0.01206179580604771,-159.8731125282003
0.3336766301631997,1.665262959439107,0.2003747385791782,0.7899846062810626,10.74542325187792,0.001045375292041961,-129.8261230174417
0.1947833806485891,1.283765666831785,0.1517281429790037,0.5351550668884191,6.430267725587129,0.0112191666374325,-67.92363311352345
0,1.043769602587244,0,0.6729246495746977,14.02822966298473,0.0001800866102313892,-117.1302671584208
0.1085688004507365,1.914444251926264,0.05671034836428244,0.6734469962710694,26.07419304013433,3.285461229740605e-07,-119.5121826234098
0,0.4265284592326503,0,0.09139036463382237,6.158447963648619,0.01307859154679325,-20.90262794290801
0,0,-nan,0,0,1,-3.445446678827275
0.05749036507532439,0.271589818067844,0.2116808556532967,0.1211757734027029,1.73619962562681,0.1876210806724016,-35.30813870987956
0,0.3816700229460068,0,0.1197474713739638,6.952595009825494,0.008369773741438769,-27.86702319819288
0,0.8727921357858461,0,0.2099285844978188,14.23506921570517,0.0001613356995989745,-39.04524775034186
0.2561770484328021,1.285943782613708e-13,1992132563618.892,0.2560889331091881,0.004108619222492393,0.9488917867801958,-61.19494516740997
0,1.28500088120081,0,0.3654829361573154,25.11610121244453,5.398025300085152e-07,-77.66829647696075
0,0.3520578944193537,0,0.09253350948434295,5.34290243904443,0.0208068024037118,-20.1658484908082
0,1.362893396886925,0,0.3714937397507396,25.96175275242479,3.48248839099341e-07,-72.1402887125475
0,1.40101409976627,0,0.3602973171509934,21.69010831295421,3.204393660305449e-06,-53.68740101872382
0.1417781846515379,0.6534745992548641,0.2169605135581444,0.2965842579119305,3.361741286103381,0.06672747727379225,-53.73466739964331
0.3330816966124475,0.6392722690558069,0.521032606504898,0.4059870431878623,0.7421626308570808,0.3889689899065499,-70.52549580737883
0.107470478467037,1.193629925008348,0.09003668240496346,0.1972959777458013,4.770303052662669,0.02895472843040758,-38.77864888603037
0,2.302568407827742,0,0.7460839651495883,31.46330385005774,2.032452561806508e-08,-93.97144344740843
0,0.1627972123506348,0,0.04451383932710249,2.593099656047094,0.1073301051630208,-12.05383186019728
0.1996332131556421,0.6404723992479884,0.3116968247032061,0.3043661031427192,1.928513267929347,0.1649211927325934,-53.80259935844141
0,0.1758824179234061,0,0.04510225191667088,2.721346033990045,0.09901448572308658,-13.29759639438953
0.2213760373694121,0.4898986743526887,0.4518812745552332,0.2892598691188752,1.013198658880313,0.3141377570456637,-61.22796620645482
0,0,-nan,0,0,1,-3.445446678827275
0.8076347522896085,1.417992319567271,0.5695621486413089,0.9963335210722635,1.87826919964516,0.1705309950055465,-189.7552752285533
0,0.9804207386824086,0,0.265360953811151,15.66445055238859,7.563246526587353e-05,-45.67668392015557
0.3751703107881184,0,inf,0.3457777086330379,1.140532187530255,0.2855399017660517,-65.23734021362039
0.4217968475563916,1.54489774576557,0.2730257382486963,0.7284377254922877,7.781300295071162,0.005278978733729622,-136.6759045597636
0.1693569533569994,0.9577972143818296,0.1768192168592845,0.4423837996100665,5.412286456193129,0.01999550922691418,-70.53745905599621
0,1.006245149286621,0,0.3221774681873609,15.92851047046037,6.578035333126842e-05,-58.94838905794357
0.056574627991714,1.346740080207409,0.04200857227253608,0.3496959749832245,15.19811684333351,9.679990446187503e-05,-65.19995080958046
0.06277372166432876,0.352027662685469,0.1783204228481785,0.1388212015648408,2.133534701819976,0.1441081074119199,-31.00375209627563
0.1064969903317003,1.924097752275275,0.05534905396868012,0.5594939905060832,22.93612907559242,1.674743218882391e-06,-98.32255495419814
0,1.089416842228084,0,0.3542110084713858,17.95580763488499,2.260935135889319e-05,-64.40315202465901
0,0.3520345984194219,0,0.1089013309365531,4.690983440634056,0.0303212885116505,-21.88371873078843
0.7844059296246895,2.313064546853195,0.33911977540438,1.171512641971222,7.770858065926859,0.005309582117822287,-196.050612073158
0.183943570943178,1.514385356985569,0.1214641769313746,0.5391429238914238,12.10150379719704,0.0005038117408902032,-94.47100270744872
1.632196594975971,0.8776089842224967,1.859822112488956,1.449976418798947,1.863700609634009,0.1721983038159911,-233.5912139767574
0.559391782444604,2.889690305856485,0.1935819147508279,1.259970253786485,18.48062925961074,1.716399617435194e-05,-188.0995240968777
0,0.6525270749443699,0,0.2126214581602287,8.963947902389499,0.002753592220301693,-31.48121439678139
0.05609260232094686,1.032816471746428,0.05431032894556551,0.2961158475550872,11.64389778610656,0.0006441348947568981,-55.21117828439051
0.2775905803110214,2.265101741715153,0.1225510427186496,0.7577905939269232,18.35026959605463,1.83792975935182e-05,-124.0296233666829
0,1.483340000235408,0,0.3193658159269364,21.45451221351061,3.623224009929871e-06,-46.05605057204164
0.05750591670692005,1.121513995446049,0.05127525553887429,0.3384582510414906,13.20217570266564,0.0002796243111644614,-73.7953489212764
0,1.489843907598422,0,0.7675170923913955,17.19091870731319,3.380485008563916e-05,-93.81034211526752
0.2512024918577533,0.4890522856114091,0.5136516058680762,0.3173570030090509,0.7237754578208921,0.3949082760702136,-62.07195460237811
0.06279662202208743,1.485764016985625,0.04226554237697289,0.455054660597007,17.30815075900239,3.178206906195857e-05,-71.38858208598938
0,1.786486979712045,0,0.6933656647042304,34.02105528428444,5.451890938701354e-09,-128.6293196983032
0.1417964352141553,2.97572004474463,0.04765113420685513,0.9916239222420832,31.6203384420445,1.874560051629004e-08,-133.0456031617841
0.486740574727798,0.8929761997689777,0.5450767611205347,0.6625717134137625,1.091623661294818,0.2961117379183079,-101.6293768442787
0.136772818055921,0.6972344643071903,0.1961647409266061,0.3212247385446205,4.329698709405505,0.03745287475191172,-65.61871081485775
0.2662472538347034,3.656008683440795,0.0728245682349225,1.298106679196844,36.86290047343357,1.267347227162929e-09,-179.1077874921438
0.4205721899585911,1.63633210121392,0.2570212914888045,0.7379307916790965,8.491534965761446,0.003568026526775459,-139.0712390562975
0.7457830600281329,0.407804943843178,1.82877395501837,0.6397331703891551,0.9772515210850656,0.3228783046841208,-111.5637657486884
0.1175287210064481,0.8920897070736828,0.1317454064031037,0.3619951916914062,8.117133642685587,0.004384883383458771,-71.92935194449387
0,1.057650453354417,0,0.6760268581312735,14.30320289815324,0.0001555999020192989,-115.7565681701047
0.3329172540098195,1.407797295850924,0.2364809585804696,0.7009980663430579,7.881450377982617,0.004994440917920451,-114.1125872856032
0.2538856201278333,0.9546584337968301,0.2659439346469599,0.4971053582423062,3.787668798548395,0.05163151093816654,-74.79334744329209
0.3121973073240764,3.129464168608676,0.09976062690082683,1.139597658006555,34.82680639615205,3.603772058546895e-09,-200.9994021342003
0.1577615134258285,0.1627915336136076,0.9691014632264717,0.1594096543781458,0.0006539932225280154,0.9795976896415276,-31.53897878693775
0,0.4263430008702683,0,0.1013634016813972,5.74261659654821,0.01655810757656162,-18.9956058221433
0.3321934739308939,0.8820510032147657,0.3766148133386454,0.4635216142822857,2.429586265406613,0.1190643198452821,-87.74931030386655
0.1121461762626073,3.059581861728047e-12,36654085862.33,0.1121372799433347,0.0001580687084157262,0.9899688304163731,-15.65045361597164
0.2738456132487546,0.8361498354535611,0.3275078241212711,0.4591132195761576,3.05546607397028,0.0804659059381998,-88.61617011166388
0.5932046827167852,0.6571590128629398,0.9026805858333511,0.6309833057486746,0.03243268187887338,0.8570813163866924,-110.7586227538031
0,0.9228696826986741,0,1.719443007778334e-15,0,1,-4.515926079863125
0,0,-nan,0,0,1,-3.814238472456904
0,0.6408899522866529,0,0.232816660997826,10.11894423384157,0.001467530391404903,-45.77235748197837
0,0.1758975565524087,0,0.05051397694510403,2.494891953157346,0.1142162145350121,-13.20157267769881
0.115029716327294,0,inf,0.0793136164670112,1.486887248927573,0.2227000495580865,-24.96830308658459
1.349721438700835,0,inf,1.241533623261607,4.165851744001998,0.04124666967787471,-176.1018121077452
0.08463171129350373,0.1592943077570666,0.5312914973871644,0.1105341228443174,0.1966563045883163,0.6574334263217729,-28.02146474550952
0.1214066730485333,1.224944826266113,0.09911195218368007,0.4055286560512496,10.62694297892617,0.001114518047343971,-74.1966918497791
0.425804837807697,0.7050350348976024,0.6039484801908317,0.5059147872334561,0.5833482614181946,0.4450028939768844,-83.34597942457398
0.2251836033960397,0.6763617935832547,0.3329336540478633,0.4827959594504745,2.337105900103637,0.1263240523513826,-86.58008660126561
0.2086479393479652,0.680107683551245,0.3067866227572828,0.3681196661367728,2.726926292168343,0.09866901471910272,-70.89659594485569
0,0.3516965708807309,0,0.09018793254625031,5.4410539858806,0.01966879732220028,-20.27228553255923
0.6865356480995128,0.4094828506143203,1.676591942909327,0.5996000295274553,0.688991737974078,0.4065075398960406,-112.6879374983078
1.065184477692277,0.4077165586011519,2.612561239471983,0.8658473961879383,2.937913762374023,0.08652241703122732,-160.3496618551816
0.3384427078289337,0.8437722611183563,0.4011067007350461,0.6274280592781568,2.211127534315381,0.1370184935381979,-95.90938836292874
0.1132182609816208,0.6363409389345679,0.1779207560827115,0.42043567363455,4.000925659755353,0.0454752824871506,-72.15298053226529
0.05111346972779212,0.639120163430231,0.07997474129662922,0.2418065221074144,8.55017264493668,0.003454894586432444,-63.87388691572282
0.2837031615338182,0.1627883195772714,1.742773451255829,0.2470171644989425,0.2738402905524993,0.6007672291607418,-50.7099652685309
0.2053751048145368,0.9781861309641308,0.2099550364838159,0.4595375118185497,5.7352174916237,0.01662800877675474,-87.25664975498488
0.2135619174400122,1.157804185580617e-14,18445426273261.83,0.2134623752824952,0.004650615613755349,0.9456300710219304,-48.63297595190871
0,0.9228696748509659,0,1.778919230797184e-15,0,1,-4.515926079863125
0.2312162368365094,1.418399958195852,0.163012016110468,0.5986529114083026,11.34012543858182,0.0007585020046424473,-114.6353470967837
0,0.1629580182804911,0,0.0442210403083366,2.60807663351472,0.106320642738346,-12.97015732343346
0,0.6402392395364285,0,0.2005188945419461,6.957197059900615,0.008348271698302434,-27.10111159964054
0.1998085891965481,4.852721786195707,0.04117454039193705,1.425576700168628,51.66714145965301,6.575850974854802e-13,-177.3657931775261
0,0.2562830350135944,0,0.07311918397724571,5.015983495370982,0.02511435930284789,-24.05461161262688
0.06286675733392677,0.3262902104170324,0.1926712948377354,0.1361489484409233,1.949790731397506,0.1626094032632331,-29.76793512047205
0,0.2974109791955513,0,0.09377809087759074,4.615225570362973,0.03168932706073069,-20.17505739112126
0.436137382166525,1.557781789714461,0.2799733473880628,0.7869901371480079,8.290040165689902,0.00398631070015476,-147.0264748034086
0,0,-nan,0,0,1,-4.324673991263393
0.3786012437207606,0.3273365086706035,1.156611724302786,0.3643346723004896,0.03246509273483866,0.8570106920325032,-72.21876891354042
0.06875355079563152,0.7477800796469004,0.09194354418761294,0.2826197755872831,6.895427222723299,0.008641650847988736,-51.53579428511527
0.06102387913218414,0,inf,0.04444852613613082,0.6338265247047801,0.4259551838052696,-16.06397946849287
0.06881881117615633,0.2988154525033698,0.2303053961889077,0.1413496855798526,1.553857660187404,0.2125668482001669,-30.37273383127947