dN/dS,LRT,p-value,Log(L)
2.804502661847769e-15,0.8611121953694187,0.1767138193804538,-4.053378502847086
9.682324783204268e-17,0.557275315073837,0.2276800737109945,-3.823449096269746
4.936130869128893e-15,0.5710731486611742,0.2249163953095795,-4.234796389214328
6.728744545674702e-16,0.5382921105619269,0.2315706971655009,-3.980987122695261
2.449231293967717e-15,0.5382918747467267,0.2315707461495051,-3.919010691302806
1.028145822447522e-15,0.6473031338915298,0.2105392664694077,-4.520878388327789
2.804502661847769e-15,0.3267048048847343,0.2838029455366543,-4.625716658217847
2.804502661847769e-15,0.7163636503915427,0.1986696471859644,-4.088880560388915
4.359499251440173,1.397478288148793,0.1185731220556351,-9.947369674585378
3.758826162366249,1.175513760915528,0.1391356003668479,-12.68116428306331
2.269969926313108e-14,0.2995975970245652,0.2920674006686351,-18.97838983689964
1.028145822447522e-15,0.6108876742682057,0.2172268903959414,-4.387011699725644
12.87448413518547,6.499835545062616,0.005394223550263311,-18.08179667838615
4.936130869128893e-15,0.5900862281434023,0.221192888406625,-4.217310506333106
4.936130869128893e-15,0.5143809121096954,0.2366242588997752,-4.32070336098028
1.028145822447522e-15,0.6473031338915298,0.2105392664694077,-4.520878388327789
1,0,1,0
1,0,1,0
3.66986359143231,1.142317141939966,0.1425816178815096,-12.45935656022844
6.773518430820664,4.229419469024762,0.01986451358991997,-17.68814975918303
3.23444233654743,0.9628225327641751,0.1632383829008913,-10.76112055568209
1,0,1,0
2.86796003950866,0.8016625311076382,0.1852983822581691,-10.97011974584558
1,0,1,0
1,0,1,0
1,0,1,0
1,0,1,0
1,0,1,0
1,0,1,0
1,0,1,0
1,0,1,0
4.936130869128893e-15,0.7379044251602593,0.1951664967563249,-9.235986200470778
1,0,1,0
1,0,1,0
1,0,1,0
1,0,1,0
1,0,1,0
2.449231293967717e-15,0.6217646164097665,0.2151961492429824,-10.69088839493414
1,0,1,0
1,0,1,0
1,0,1,0
1,0,1,0
1,0,1,0
1,0,1,0
1,0,1,0
1,0,1,0
1,0,1,0
2.871409961374334,0.8031913045839794,0.1850704657619441,-12.61730136722512
6.804557958369548,4.240834197827343,0.01973138623084092,-15.57667426404134
1,0,1,0
2.449231293967717e-15,0.6660296969566346,0.2072196347833866,-9.802887338055715
1,0,1,0
1,0,1,0
1,0,1,0
1.038263951005382e-15,0.6806475087727151,0.2046819230083055,-10.29361974040669
1,0,1,0
1,0,1,0
2.269969926313108e-14,0.3263107047025997,0.2839197984977661,-16.62750365448216
1,0,1,0
1,0,1,0
1,0,1,0
1,0,1,0
1,0,1,0
1,0,1,0
1,0,1,0
1,0,1,0
1,0,1,0
2.093959926088373e-15,0.6423311892104557,0.2114339492160446,-10.85831535726421
1,0,1,0
2.731416702057585,0.7394559026892651,0.1949176138427819,-11.1395373680196
3.29454292618286,0.9894399817952184,0.1599396432057886,-13.56456267118246
1,0,1,0
1.038263951005382e-15,0.4039172366932213,0.2625365676899998,-10.30702460957428
3.558059033466742,1.096144100255529,0.1475569365736683,-10.7845933522788
1,0,1,0
1,0,1,0
1,0,1,0
1,0,1,0
1,0,1,0
2.804502661847769e-15,0.6423442077737036,0.211431599152731,-11.55208555935032
1,0,1,0
1,0,1,0
1,0,1,0
1,0,1,0
1,0,1,0
1,0,1,0
1,0,1,0
1,0,1,0
1,0,1,0
1,0,1,0
2.093959926088373e-15,0.6322480137064801,0.2132659624338931,-10.37574227718648
1,0,1,0
1,0,1,0
1,0,1,0
1,0,1,0
8.48884454792928e-15,0.4039501138567587,0.2625281361617683,-18.76629454553083
3.234331935461656,0.9619242650110742,0.1633512681950545,-9.035741759622869
1,0,1,0
1,0,1,0
1,0,1,0
1,0,1,0
1,0,1,0
5.64667360488876e-15,0.5407388842139902,0.2310633350820012,-10.02561255124522
1,0,1,0
1,0,1,0
1,0,1,0
1,0,1,0
3.447945692405178,1.051741678126369,0.1525531517858849,-10.20893702556379
1,0,1,0
4.149494892659754,1.322265703689382,0.125092916133634,-10.40815504014392
1,0,1,0
1,0,1,0
1,0,1,0
1,0,1,0
3.289366134052161,0.9872729969729157,0.1602048962490552,-10.85799824611011
1,0,1,0
1,0,1,0
1,0,1,0
1,0,1,0
1,0,1,0
1,0,1,0
1,0,1,0
5.64667360488876e-15,0.5324662999787719,0.2327859087411422,-10.66348625248044
1,0,1,0
1,0,1,0
1,0,1,0
1,0,1,0
3.283360496976327,0.9835057168542107,0.1606674155525444,-11.73323809329724
1,0,1,0
1,0,1,0
1,0,1,0
1,0,1,0
1,0,1,0
1,0,1,0
1,0,1,0
1,0,1,0
1,0,1,0
1,0,1,0
1,0,1,0
1,0,1,0
1,0,1,0
1,0,1,0
1,0,1,0
1,0,1,0
1,0,1,0
1,0,1,0
1,0,1,0
1,0,1,0
1,0,1,0
1,0,1,0
1,0,1,0
1,0,1,0
3.775383764817713,1.18357101666982,0.1383151024311848,-10.6963009103008
1,0,1,0
1,0,1,0
1,0,1,0
1,0,1,0
1.028145822447522e-15,0.6996419202722528,0.201452020214441,-9.739273664249703
1,0,1,0
3.581780009592112,1.105614310036877,0.1465186455472062,-10.13146603371691
1,0,1,0
1,0,1,0
1,0,1,0
1,0,1,0
1,0,1,0
1,0,1,0
1,0,1,0
1,0,1,0
1,0,1,0
8.48884454792928e-15,0.3432656000248286,0.2789751467846668,-18.32442990328171
1,0,1,0
1,0,1,0
5.64667360488876e-15,0.3167438313648994,0.2867855427893434,-10.32751923450479
1,0,1,0
1,0,1,0
1,0,1,0
1.038263951005382e-15,0.4851977650052639,0.2430386640263109,-8.837404525249875
1,0,1,0
2.995774206584349,0.8594177362741284,0.1769508426437497,-11.85329280835419
1.038263951005382e-15,0.3263921295484913,0.28389564789608,-10.88473918962215
3.241110565945094,0.9643990041657773,0.1630405174378616,-16.88666138129424
1,0,1,0
3.354254149057496,1.013051590739963,0.1570864403542193,-17.20434431873642
2.219969198140959,0.4944270235083756,0.2409795643860614,-13.30192666299361
1,0,1,0
1,0,1,0
1,0,1,0
2.093959926088373e-15,0.6660952161109108,0.2072081570204346,-10.90180013293512
6.974154117631165,4.31305387369774,0.01891050424980928,-17.00985429790035
1,0,1,0
1,0,1,0
1,0,1,0
1,0,1,0
1,0,1,0
2.804502661847769e-15,0.5659927923661421,0.2259278412110785,-10.38538427898979
1,0,1,0
1,0,1,0
1,0,1,0
1,0,1,0
2.804502661847769e-15,0.6323173513914746,0.2132532831325288,-11.47849791549126
1,0,1,0
1,0,1,0
1,0,1,0
1,0,1,0
1,0,1,0
1,0,1,0
1,0,1,0
1,0,1,0
4.936130869128893e-15,0.7532292327750731,0.1927278792942423,-11.19191153262726
1,0,1,0
2.093959926088373e-15,0.4851977667302911,0.2430386636387345,-10.63917911301802
1,0,1,0
1,0,1,0
1,0,1,0
4.398328877192789,1.412834646503637,0.1172931976471306,-9.463254108976033
4.936130869128893e-15,0.7635922655694571,0.1911033325875256,-10.79933400130693
1,0,1,0
1,0,1,0
1,0,1,0
1,0,1,0
1,0,1,0
1,0,1,0
1,0,1,0
1,0,1,0
2.667501148916255,0.7097705855042591,0.1997599912567469,-10.0800319209535
1,0,1,0
4.936130869128893e-15,0.4039176791634169,0.2625364542129023,-10.31195806192439
1,0,1,0
1,0,1,0
1,0,1,0
1,0,1,0
3.235850056668879,0.9625444543910397,0.1632733179581261,-9.323805146348688
1,0,1,0
1,0,1,0
1,0,1,0
2.886790186074591,0.8101606254302496,0.184036383026407,-10.77503953121011
1,0,1,0
1,0,1,0
3.260458201648674,0.9738058114126176,0.1618664255969102,-11.35898713858098
1,0,1,0
1,0,1,0
1,0,1,0
1,0,1,0
2.804502661847769e-15,0.7531889910739658,0.1927342258973215,-10.48656213035987
18.25383031897153,23.26317986374056,7.063947205510068e-07,-38.08750794987716
1,0,1,0
1,0,1,0
1,0,1,0
4.153733996612003,1.323793384455985,0.1249561949721171,-11.03834504117766
1,0,1,0
1,0,1,0
1,0,1,0
1,0,1,0
1,0,1,0
1,0,1,0
1,0,1,0
1,0,1,0
1,0,1,0
1,0,1,0
1,0,1,0
1,0,1,0
1,0,1,0
2.804502661847769e-15,0.75301945987351,0.1927609662826835,-9.238627841107771
1,0,1,0
1,0,1,0
4.936130869128893e-15,0.621763948927665,0.2151962729779393,-10.68469345387582
1,0,1,0
1,0,1,0
1,0,1,0
1,0,1,0
1,0,1,0
1,0,1,0
1,0,1,0
2.093959926088373e-15,0.54084465846244,0.231041441665425,-11.42065651923168
1,0,1,0
4.936130869128893e-15,0.7147754437575209,0.1989315120969376,-11.15797124798366
1,0,1,0
1,0,1,0
1,0,1,0
1,0,1,0
1,0,1,0
1,0,1,0
5.693114123008631,3.639038093885134,0.02821976682057725,-15.14263180646156
1,0,1,0
1,0,1,0
1,0,1,0
3.6957729983077,1.165005220100493,0.1402149576534053,-10.29827224998639
2.958972316660982,0.8430620416813852,0.1792612456990358,-9.637664776068053
6.779594700032667,4.232742133864161,0.01982566515689727,-14.62314572357842
1,0,1,0
2.449231293967717e-15,0.7648434163212734,0.1909085126536673,-10.41384896153427
6.939675591881029,4.296414619394625,0.01909640520841049,-15.01524685096345
1,0,1,0
1,0,1,0
1,0,1,0
1,0,1,0
2.804502661847769e-15,0.6423050869521632,0.2114386612178539,-10.16412024083415
1,0,1,0
1,0,1,0
1,0,1,0
1,0,1,0
1,0,1,0
1,0,1,0
3.55570839001017,1.095234985411789,0.1476571046006008,-9.623749854898197
1,0,1,0
1,0,1,0
1,0,1,0
1,0,1,0
1,0,1,0
1,0,1,0
1,0,1,0
1,0,1,0
1,0,1,0
1,0,1,0
1,0,1,0
1,0,1,0
1,0,1,0
1,0,1,0
1,0,1,0
8.48884454792928e-15,0.6806475087425596,0.2046819230134932,-21.06767390026564
1,0,1,0
1,0,1,0
1,0,1,0
4.936130869128893e-15,0.4851977666758707,0.2430386636509616,-9.94550449882327
1,0,1,0
1,0,1,0
1,0,1,0
3.274031584521107,0.9787035441892407,0.16125954499664,-11.38901895160953
1,0,1,0
1,0,1,0
1,0,1,0
1,0,1,0
1,0,1,0
1,0,1,0
1,0,1,0
1,0,1,0
1,0,1,0
1,0,1,0
1,0,1,0
1,0,1,0
1,0,1,0
1,0,1,0
1,0,1,0
1,0,1,0
1,0,1,0
1.028145822447522e-15,0.7273754969405797,0.1968676085713541,-4.407571629063773
6.728744545674702e-16,0.6848825929489459,0.2039552370480231,-3.571999448950304
4.936130869128893e-15,0.5143809121096954,0.2366242588997752,-4.32070336098028
2.804502661847769e-15,0.7273754834647477,0.1968676107621843,-10.11199060494175
6.728744545674702e-16,0.6473031298253762,0.2105392671987811,-4.247162507798139
6.728744545674702e-16,0.5382921105619269,0.2315706971655009,-3.980987122695261
2.804502661847769e-15,0.6473031313597666,0.2105392669235471,-4.816656361878097
1.028145822447522e-15,0.727375496870609,0.1968676085827294,-4.345595079763718
4.936130869128893e-15,0.5143809121096954,0.2366242588997752,-4.32070336098028
2.940655756139057,0.8339740337525647,0.1805629536075357,-10.55935896496317
5.840566125974614e-16,0.633497744240743,0.2130376068207301,-3.540040061460732
9.682324783204268e-17,0.5913408173195558,0.220950550456024,-3.525881475568236
1.028145822447522e-15,0.727375496870609,0.1968676085827294,-4.345595079763718
2.804502661847769e-15,0.3312021296763152,0.2824760432709615,-4.541770450299676
2.804502661847769e-15,0.6334699889219166,0.2130426743846732,-10.94183713272478
5.840566125974614e-16,0.6968874187610545,0.2019157736589179,-4.071879199234067
2.804502661847769e-15,0.8611121953694187,0.1767138193804538,-4.053378502847086
3.404187569868998,1.033985980987119,0.1546121553048514,-11.06658394873766
3.024154872874951,0.8708296239658786,0.1753628680427792,-15.56308081973419
1.028145822447522e-15,0.727375496870609,0.1968676085827294,-4.345595079763718
2.804502661847769e-15,0.3312021296763152,0.2824760432709615,-4.541770450299676
4.936130869128893e-15,0.4614299728811737,0.2484782153824838,-11.04541447583322
5.859643308854691,3.687681464914931,0.02740788200219069,-35.25214792530477
4.936130869128893e-15,0.5143809121096954,0.2366242588997752,-4.32070336098028
1.028145822447522e-15,0.6929554376557157,0.2025804712050392,-4.334386024406694
1.028145822447522e-15,0.60137328388881,0.219027267656782,-4.316163669031496
2.804502661847769e-15,0.3842232959026521,0.26767581075492,-4.044240255810529
4.936130869128893e-15,0.5913061508182516,0.2209572411822027,-10.6792468605783
2.804502661847769e-15,0.5063796795907951,0.2383551394541641,-4.594903763236304
1.028145822447522e-15,0.6120238282636095,0.2170134095596263,-4.104688433075654
2.804502661847769e-15,0.7027110461567343,0.2009371201020524,-4.402704834693018
3.648345964313138,1.132608803320736,0.1436097799329709,-17.44252020149363
2.804502661847769e-15,0.6498524136593016,0.2100827252503591,-4.064027987275088
1.028145822447522e-15,0.3582905347278,0.2747285824575523,-4.03846921389119
2.804502661847769e-15,0.6036137885083406,0.2186012572635969,-4.239311295839159
2.804502661847769e-15,0.6036137885083406,0.2186012572635969,-4.239311295839159
2.287852447174094e-16,0.6225150544598677,0.2150571043656807,-3.804885689089655
4.936130869128893e-15,0.4885280007095449,0.2422923327030791,-4.712231737777562
5.840566125974614e-16,0.5196597025330432,0.2354934396709398,-3.248187020427931
2.449231293967717e-15,0.6680141182672266,0.2068724168660493,-4.081395004043658
4.936130869128893e-15,0.5325297278874199,0.2327726234525854,-4.225517419552656
1.028145822447522e-15,0.3582905347278,0.2747285824575523,-4.03846921389119
2.804502661847769e-15,0.6036137885083406,0.2186012572635969,-4.239311295839159
2.804502661847769e-15,0.6036137885083406,0.2186012572635969,-4.239311295839159
9.682324783204268e-17,0.5019616481989528,0.239319728429087,-3.972125104287699
2.093959926088373e-15,0.551292651579022,0.2288949989967485,-9.289791608544707
1.028145822447522e-15,0.3582905347278,0.2747285824575523,-4.03846921389119
9.682324783204268e-17,0.5019616481989528,0.239319728429087,-3.972125104287699
2.804502661847769e-15,0.5514315692783152,0.2288666725282776,-3.580372153908228
2.964372119505856,0.845270648915502,0.1789468502014618,-11.32150080235929
5.840566125974614e-16,0.5196597025330432,0.2354934396709398,-3.248187020427931
2.804502661847769e-15,0.2893776760687441,0.2953098031635457,-5.105144652978582
9.682324783204268e-17,0.5514309893796918,0.2288667907629,-3.518803689976192
2.449231293967717e-15,0.6461859909813512,0.21073979846561,-4.32407802967538
4.936130869128893e-15,0.2790800110649876,0.2986524224822241,-4.045769186557785
9.682324783204268e-17,0.5019616481989528,0.239319728429087,-3.972125104287699
1.028145822447522e-15,0.5907473098954075,0.2210651420417197,-4.0998923218292
5.840566125974614e-16,0.5196597025330432,0.2354934396709398,-3.248187020427931
4.936130869128893e-15,0.532529723873207,0.2327726242933438,-9.11134444953702
4.936130869128893e-15,0.5513969047731919,0.2288737403893938,-10.67785950569258
4.936130869128893e-15,0.5906818380866312,0.2210777886342747,-10.25228981164546
4.936130869128893e-15,0.5195941936435773,0.23550741940522,-9.912209605999305
2.093959926088373e-15,0.4796621406045531,0.2442876964721357,-4.313217804635022
9.682324783204268e-17,0.5607836614067132,0.2269723328843041,-4.309085883439451
1.028145822447522e-15,0.3582905347278,0.2747285824575523,-4.03846921389119
6.728744545674702e-16,0.5019614309098808,0.2393197760264806,-3.910556459103144
9.682324783204268e-17,0.5907420568197574,0.2210661566893288,-3.534269019541394
5.840566125974614e-16,0.5196597025330432,0.2354934396709398,-3.248187020427931
9.682324783204268e-17,0.5907420568197574,0.2210661566893288,-3.534269019541394
2.093959926088373e-15,0.4796621406045531,0.2442876964721357,-4.313217804635022
4.936130869128893e-15,0.4044322007960179,0.26240455762099,-4.313336670747674
9.682324783204268e-17,0.5907420568197574,0.2210661566893288,-3.534269019541394
3.663160092392644,1.138710352047031,0.1429625008351548,-9.106010086920033
9.682324783204268e-17,0.5907420568197574,0.2210661566893288,-3.534269019541394
4.936130869128893e-15,0.6782823427672575,0.205089410711074,-4.629653888154725
1.028145822447522e-15,0.6177525809178963,0.2159418345103117,-3.758454727387499
6.728744545674702e-16,0.5019614309098808,0.2393197760264806,-3.910556459103144
2.093959926088373e-15,0.358296122974286,0.2747270256538526,-4.604092516178997
3.237719535284929,0.9639107737629544,0.1631017620543028,-9.37284346805084
2.804502661847769e-15,0.4885280014412139,0.2422923325395228,-4.773800491240815
1.028145822447522e-15,0.5907473098954075,0.2210651420417197,-4.0998923218292
3.878927487308883,1.220854667870988,0.1345964941837376,-9.44669696602989
5.840566125974614e-16,0.4302871191886046,0.2559240484534219,-3.878911063998169
4.936130869128893e-15,0.5502593384207106,0.2291058740039731,-4.208031536671434
2.804502661847769e-15,0.5906159245250784,0.2210905216824248,-9.555676101773846
2.804502661847769e-15,0.6225156343585185,0.2150569969717721,-3.866454153021692
4.936130869128893e-15,0.5325297278874199,0.2327726234525854,-4.225517419552656
5.840566125974614e-16,0.5196597025330432,0.2354934396709398,-3.248187020427931
5.840566125974614e-16,0.6386595431917703,0.2120983066122861,-3.569919277592028
1.028145822447522e-15,0.6222706550840869,0.2151023729564981,-9.005116696734822
2.804502661847769e-15,0.4885280014412139,0.2422923325395228,-4.773800491240815
2.804502661847769e-15,0.308846556702413,0.2891944240961853,-4.541770450299676
4.936130869128893e-15,0.4300012730360585,0.2559941618118251,-4.87896257162731
2.804502661847769e-15,0.4302871191897921,0.2559240484531307,-3.940479527930206
2.804502661847769e-15,0.5514315692783152,0.2288666725282776,-3.580372153908228
2.804502661847769e-15,0.6036137899421394,0.2186012569913797,-4.804937196718795
1.028145822447522e-15,0.5907473098954075,0.2210651420417197,-4.0998923218292
4.936130869128893e-15,0.4885280007095449,0.2422923327030791,-4.712231737777562
4.936130869128893e-15,0.4885280007095449,0.2422923327030791,-4.712231737777562
4.936130869128893e-15,0.5502593384207106,0.2291058740039731,-4.208031536671434
2.804502661847769e-15,0.6036137923079021,0.2186012565422222,-4.573168172495208
2.804502661847769e-15,0.2893776760687441,0.2953098031635457,-5.105144652978582
1.028145822447522e-15,0.5907473098954075,0.2210651420417197,-4.0998923218292
2.804502661847769e-15,0.5514315692783152,0.2288666725282776,-3.580372153908228
1.028145822447522e-15,0.3582905347278,0.2747285824575523,-4.03846921389119
9.682324783204268e-17,0.5607836614067132,0.2269723328843041,-4.309085883439451
1.028145822447522e-15,0.5325297233525861,0.2327726244023854,-3.953229296725695
6.728744545674702e-16,0.5019614309098808,0.2393197760264806,-3.910556459103144
2.287852447174094e-16,0.6225150544598677,0.2150571043656807,-3.804885689089655
2.449231293967717e-15,0.2893776521131866,0.2953098108498272,-4.539518748819509
4.936130869128893e-15,0.5325297278874199,0.2327726234525854,-4.225517419552656
2.804502661847769e-15,0.6225156343585185,0.2150569969717721,-3.866454153021692
4.936130869128893e-15,0.4044322007960179,0.26240455762099,-4.313336670747674
9.682324783204268e-17,0.5907420568197574,0.2210661566893288,-3.534269019541394
4.0479524494288e-15,0.8029928963603172,0.1851000232708844,-4.053378502847086
2.804502661847769e-15,0.5514315692783152,0.2288666725282776,-3.580372153908228
5.840566125974614e-16,0.5196597025330432,0.2354934396709398,-3.248187020427931
1.038263951005382e-15,0.2893980326016852,0.2953032717984869,-12.24055300397098
1.028145822447522e-15,0.4796615605964245,0.2442878279005636,-4.251649340702986
9.682324783204268e-17,0.5907420568197574,0.2210661566893288,-3.534269019541394
3.266698360345104,0.9762300710492475,0.1615656583043745,-8.930850836038266
1.028145822447522e-15,0.5325297233525861,0.2327726244023854,-3.953229296725695
3.244419384411392,0.9670281437608033,0.1627112356535705,-8.682690183788536
5.840566125974614e-16,0.5196649556050197,0.2354923187123666,-3.813810322715737
1.028145822447522e-15,0.3582905347278,0.2747285824575523,-4.03846921389119
2.804502661847769e-15,0.2893776760687441,0.2953098031635457,-5.105144652978582
3.122170975547132,0.9142894208455274,0.169489432491735,-16.67461121325716
9.682324783204268e-17,0.5907420568197574,0.2210661566893288,-3.534269019541394
9.682324783204268e-17,0.5514309893796918,0.2288667907629,-3.518803689976192
5.840566125974614e-16,0.6036137923079075,0.2186012565422212,-4.511599418666117
1.028145822447522e-15,0.5907473098954075,0.2210651420417197,-4.0998923218292
2.287852447174094e-16,0.6225150544598677,0.2150571043656807,-3.804885689089655
4.0479524494288e-15,0.8029928963603172,0.1851000232708844,-4.053378502847086
1.028145822447522e-15,0.6782824075993155,0.2050893995250058,-15.25084317933678
9.682324783204268e-17,0.5514309893796918,0.2288667907629,-3.518803689976192
2.093959926088373e-15,0.6782824480042287,0.2050893925535767,-10.09772995070392
9.682324783204268e-17,0.5696556997034783,0.225197882313295,-4.379933914133598
2.093959926088373e-15,0.4796621406045531,0.2442876964721357,-4.313217804635022
5.840566125974614e-16,0.5196597025330432,0.2354934396709398,-3.248187020427931
3.178185209099641,0.9379771821724638,0.1663993010961711,-10.48079399616457
1.038263951005382e-15,0.4302871190419957,0.2559240484893741,-9.649898982566684
2.093959926088373e-15,0.5607842419325202,0.2269722160605589,-4.370654347371488
5.840566125974614e-16,0.5196597025330432,0.2354934396709398,-3.248187020427931
9.682324783204268e-17,0.5696556997034783,0.225197882313295,-4.379933914133598
2.804502661847769e-15,0.6225156343585185,0.2150569969717721,-3.866454153021692
9.682324783204268e-17,0.5514309893796918,0.2288667907629,-3.518803689976192
2.804502661847769e-15,0.6036137923079021,0.2186012565422222,-4.573168172495208
2.804502661847769e-15,0.5696559172946607,0.2251978390603273,-4.441502378065636
5.840566125974614e-16,0.6386595431917703,0.2120983066122861,-3.569919277592028
2.965407213387476,0.8457301383865961,0.1788815370474172,-11.28787693695933
4.936130869128893e-15,0.4044322007960179,0.26240455762099,-4.313336670747674
9.682324783204268e-17,0.5019616481989528,0.239319728429087,-3.972125104287699
1.028145822447522e-15,0.6177525809178963,0.2159418345103117,-3.758454727387499
9.682324783204268e-17,0.5514309893796918,0.2288667907629,-3.518803689976192
2.804502661847769e-15,0.6498524136593016,0.2100827252503591,-4.064027987275088
4.936130869128893e-15,0.5325297278874199,0.2327726234525854,-4.225517419552656
5.840566125974614e-16,0.4302871191886046,0.2559240484534219,-3.878911063998169
2.804502661847769e-15,0.6225156343585185,0.2150569969717721,-3.866454153021692
9.682324783204268e-17,0.5607836614067132,0.2269723328843041,-4.309085883439451
2.287852447174094e-16,0.6225150544598677,0.2150571043656807,-3.804885689089655
5.840566125974614e-16,0.5502593340694171,0.2291058748926162,-3.935743413844474
2.804502661847769e-15,0.4302871191897921,0.2559240484531307,-3.940479527930206
1.028145822447522e-15,0.6177525809178963,0.2159418345103117,-3.758454727387499
4.004808294513406e-15,0.6223766340187638,0.2150827413605488,-9.57527915872096
9.682324783204268e-17,0.5907420568197574,0.2210661566893288,-3.534269019541394
2.804502661847769e-15,0.6036137885083406,0.2186012572635969,-4.239311295839159
4.936130869128893e-15,0.2790800110649876,0.2986524224822241,-4.045769186557785
2.804502661847769e-15,0.5514315692783152,0.2288666725282776,-3.580372153908228
2.804502661847769e-15,0.5514315692783152,0.2288666725282776,-3.580372153908228
4.936130869128893e-15,0.5757928313635734,0.2239830689848346,-5.15423260283935
2.269969926313108e-14,0.4794537967735977,0.2443349142422587,-23.80966434494936
2.093959926088373e-15,0.358296122974286,0.2747270256538526,-4.604092516178997
9.682324783204268e-17,0.5019616481989528,0.239319728429087,-3.972125104287699
5.840566125974614e-16,0.5196597025330432,0.2354934396709398,-3.248187020427931
2.804502661847769e-15,0.6782824582030358,0.2050893907938833,-10.79629114344884
4.936130869128893e-15,0.5502593384207106,0.2291058740039731,-4.208031536671434
1.028145822447522e-15,0.5907473098954075,0.2210651420417197,-4.0998923218292
2.804502661847769e-15,0.2893776760687441,0.2953098031635457,-5.105144652978582
5.840566125974614e-16,0.5196649556050197,0.2354923187123666,-3.813810322715737
4.936130869128893e-15,0.4044322007960179,0.26240455762099,-4.313336670747674
2.804502661847769e-15,0.6498524136593016,0.2100827252503591,-4.064027987275088
2.804502661847769e-15,0.4302871191897921,0.2559240484531307,-3.940479527930206
5.840566125974614e-16,0.5196597025330432,0.2354934396709398,-3.248187020427931
2.287852447174094e-16,0.6225150544598677,0.2150571043656807,-3.804885689089655
2.804502661847769e-15,0.308846556702413,0.2891944240961853,-4.541770450299676
9.682324783204268e-17,0.5019616481989528,0.239319728429087,-3.972125104287699
2.449231293967717e-15,0.2893776521131866,0.2953098108498272,-4.539518748819509
2.804502661847769e-15,0.308846556702413,0.2891944240961853,-4.541770450299676
6.728744545674702e-16,0.5019614309098808,0.2393197760264806,-3.910556459103144
2.804502661847769e-15,0.4722008739573305,0.2459882011652786,-4.647193547403722
1.028145822447522e-15,0.4796615605964245,0.2442878279005636,-4.251649340702986
2.804502661847769e-15,0.6036137923079021,0.2186012565422222,-4.573168172495208
5.840566125974614e-16,0.6386595431917703,0.2120983066122861,-3.569919277592028
4.936130869128893e-15,0.4044322007960179,0.26240455762099,-4.313336670747674
9.682324783204268e-17,0.5696556997034783,0.225197882313295,-4.379933914133598
1.028145822447522e-15,0.4796615605964245,0.2442878279005636,-4.251649340702986
5.64667360488876e-15,0.3046531243956903,0.2904899639788168,-4.611392488848345
4.936130869128893e-15,0.4885280007095449,0.2422923327030791,-4.712231737777562
9.682324783204268e-17,0.5696556997034783,0.225197882313295,-4.379933914133598
3.682307758684123,1.146328182086954,0.1421595554587526,-8.731223327094471
4.936130869128893e-15,0.5502593384207106,0.2291058740039731,-4.208031536671434
4.936130869128893e-15,0.3043615347149142,0.2905804810376759,-10.75298209452623
8.48884454792928e-15,0.289438818105765,0.29529018671783,-11.14009748415791
4.936130869128893e-15,0.6782823427672575,0.205089410711074,-4.629653888154725
2.093959926088373e-15,0.4796621406045531,0.2442876964721357,-4.313217804635022
9.682324783204268e-17,0.5019616481989528,0.239319728429087,-3.972125104287699
4.0479524494288e-15,0.8029928963603172,0.1851000232708844,-4.053378502847086
2.804502661847769e-15,0.308846556702413,0.2891944240961853,-4.541770450299676
2.804502661847769e-15,0.6036137923079021,0.2186012565422222,-4.573168172495208
2.804502661847769e-15,0.5696559172946607,0.2251978390603273,-4.441502378065636
1.028145822447522e-15,0.3582905347278,0.2747285824575523,-4.03846921389119
5.840566125974614e-16,0.5196597025330432,0.2354934396709398,-3.248187020427931
2.449231293967717e-15,0.6782824615521559,0.2050893902160291,-4.397884863931137
2.804502661847769e-15,0.5514315692783152,0.2288666725282776,-3.580372153908228
6.728744545674702e-16,0.5019614309098808,0.2393197760264806,-3.910556459103144
2.449231293967717e-15,0.6461859909813512,0.21073979846561,-4.32407802967538
2.804502661847769e-15,0.5696559172946607,0.2251978390603273,-4.441502378065636
2.804502661847769e-15,0.5514315692783152,0.2288666725282776,-3.580372153908228
6.728744545674702e-16,0.5019614309098808,0.2393197760264806,-3.910556459103144
2.804502661847769e-15,0.5696559172946607,0.2251978390603273,-4.441502378065636
6.728744545674702e-16,0.5019614309098808,0.2393197760264806,-3.910556459103144