dN/dS,LRT,p-value,Log(L)
1,0,1,0
4.482714780579452,1.429582277997934,0.1159163115432071,-8.119128544480869
1,0,1,0
1,0,1,0
1,0,1,0
1,0,1,0
1,0,1,0
1,0,1,0
1,0,1,0
1,0,1,0
1,0,1,0
1,0,1,0
8.225970904613103,2.435911820682914,0.05929246118376952,-11.44637618469725
1,0,1,0
1,0,1,0
1,0,1,0
6.879636411514364,2.122559463150147,0.07257190527051854,-11.07447844300517
1,0,1,0
1,0,1,0
1,0,1,0
3.533146795257767,1.081071042857886,0.1492290399939169,-9.24743796372452
1,0,1,0
1,0,1,0
1,0,1,0
1,0,1,0
4.936130869128893e-15,0.4691038278965749,0.2466998693882691,-8.74318936383467
1,0,1,0
1,0,1,0
1,0,1,0
1,0,1,0
1,0,1,0
1,0,1,0
4.936130869128893e-15,0.4764782477993386,0.2450109355598609,-11.20892421487046
1,0,1,0
1,0,1,0
1,0,1,0
1,0,1,0
1,0,1,0
1,0,1,0
1,0,1,0
1,0,1,0
1,0,1,0
1,0,1,0
1,0,1,0
1,0,1,0
1.038263951005382e-15,0.4691038303862456,0.246699868814783,-9.242884465686634
1,0,1,0
5.64667360488876e-15,0.5330008468371545,0.2326739831976011,-8.229446871984742
1,0,1,0
1,0,1,0
1,0,1,0
1,0,1,0
1,0,1,0
1,0,1,0
1,0,1,0
1,0,1,0
1,0,1,0
8.503536081383892,2.494604019726907,0.05711855281432293,-12.60209723816532
1,0,1,0
1,0,1,0
1,0,1,0
1,0,1,0
1,0,1,0
4.328337701166841,1.379454356742425,0.1200970560727085,-9.340587159462279
1,0,1,0
1,0,1,0
1,0,1,0
1,0,1,0
3.859113083985894,1.207432195120287,0.1359206330212888,-7.785802657420362
1,0,1,0
1,0,1,0
5.64667360488876e-15,0.4762059468332929,0.2450729557943572,-9.005977558563341
1,0,1,0
1,0,1,0
1,0,1,0
1,0,1,0
2.804502661847769e-15,0.5757313670047388,0.2239951849143503,-9.792878108804064
1,0,1,0
1.028145822447522e-15,0.4780854043744007,0.2446454160240429,-14.47394203365756
1,0,1,0
1,0,1,0
1.038263951005382e-15,0.2399038594619824,0.3121377805870028,-10.6478933963026
1,0,1,0
1,0,1,0
1.038263951005382e-15,0.5240505651500236,0.2345594610854308,-10.70946210445381
8.48884454792928e-15,0.2399036924186753,0.3121378409257328,-11.70372245330612
1,0,1,0
1,0,1,0
1,0,1,0
1,0,1,0
1,0,1,0
1,0,1,0
1,0,1,0
3.487463536550024,1.062888353318677,0.1512786709436728,-8.486792884767141
1,0,1,0
1,0,1,0
1,0,1,0
1,0,1,0
1,0,1,0
1,0,1,0
1,0,1,0
1,0,1,0
1,0,1,0
1,0,1,0
1,0,1,0
1,0,1,0
1,0,1,0
1,0,1,0
1,0,1,0
1,0,1,0
1,0,1,0
1,0,1,0
1,0,1,0
1,0,1,0
1,0,1,0
1,0,1,0
1,0,1,0
1,0,1,0
1,0,1,0
1,0,1,0
1,0,1,0
4.936130869128893e-15,0.5240505651498673,0.234559461085464,-14.12613757276224
1,0,1,0
1,0,1,0
1,0,1,0
1,0,1,0
1,0,1,0
4.363330202159348,1.392318926593276,0.1190069392964221,-8.04402471935065
1,0,1,0
1,0,1,0
2.093959926088373e-15,0.3636993522919667,0.2732294268954247,-10.93518418797129
1,0,1,0
1,0,1,0
8.48884454792928e-15,0.2438245492734268,0.3107286838101383,-12.64700479541211
1,0,1,0
1,0,1,0
1,0,1,0
4.308867738154571,1.369077864898703,0.1209851912584479,-10.14291558246841
1,0,1,0
1,0,1,0
1,0,1,0
1,0,1,0
1,0,1,0
8.9876962219281,5.151999985501689,0.0116098071685759,-16.6663700833308
1,0,1,0
1,0,1,0
1,0,1,0
1,0,1,0
1,0,1,0
4.936130869128893e-15,0.5917927090171382,0.2208633627058302,-8.804219099595478
4.710793953703709,1.505666143360624,0.1099007936836793,-9.606526394335392
1,0,1,0
1,0,1,0
3.916390481450197,1.23105798975249,0.1336006914764438,-12.43868350043554
1,0,1,0
1,0,1,0
1,0,1,0
1,0,1,0
1,0,1,0
1,0,1,0
19.48263724203733,15.63503313297009,3.840907229923918e-05,-24.73420724301523
1,0,1,0
1,0,1,0
1,0,1,0
1,0,1,0
1,0,1,0
1,0,1,0
1,0,1,0
1,0,1,0
1,0,1,0
1,0,1,0
1,0,1,0
1,0,1,0
1,0,1,0
5.783321846747988,1.833693307861047,0.08784596631366709,-10.17282992182905
1,0,1,0
1,0,1,0
1,0,1,0
1,0,1,0
1,0,1,0
1,0,1,0
1,0,1,0
1,0,1,0
1,0,1,0
1,0,1,0
1,0,1,0
1,0,1,0
1,0,1,0
1,0,1,0
1,0,1,0
1.038263951005382e-15,0.5332403973194673,0.2326238530814989,-16.45071534969876
1,0,1,0
1.038263951005382e-15,0.2495752166767602,0.3086871696939458,-11.98236246967297
1,0,1,0
1,0,1,0
1,0,1,0
1,0,1,0
1,0,1,0
1,0,1,0
1,0,1,0
1,0,1,0
2.804502661847769e-15,0.5895188080005731,0.2213026265320327,-8.519053383858852
1,0,1,0
8.48884454792928e-15,0.5332740554227584,0.2326168109197028,-9.542890671426989
1,0,1,0
1,0,1,0
1,0,1,0
1,0,1,0
1,0,1,0
1,0,1,0
1,0,1,0
1,0,1,0
1.038263951005382e-15,0.3002984694627919,0.2918476838784636,-9.806788783696243
1,0,1,0
1,0,1,0
1,0,1,0
1,0,1,0
1,0,1,0
1,0,1,0
1,0,1,0
1,0,1,0
1,0,1,0
1,0,1,0
1,0,1,0
1,0,1,0
1,0,1,0
1,0,1,0
1,0,1,0
1,0,1,0
1,0,1,0
1,0,1,0
1,0,1,0
1,0,1,0
1,0,1,0
2.804502661847769e-15,0.4042460593422526,0.2624522610021777,-9.895782960568622
1,0,1,0
1,0,1,0
1,0,1,0
4.936130869128893e-15,0.4715217953318245,0.2461439517146853,-9.433911062519742
1,0,1,0
2.804502661847769e-15,0.5974040246930485,0.2197851129932456,-11.10746107902181
4.732037174147318,1.516674157861118,0.1090617434844545,-17.9437441170979
1,0,1,0
2.804502661847769e-15,0.5895185952429784,0.2213026676947454,-8.51729299987738
1.038263951005382e-15,0.5530314100230989,0.2285408501851005,-8.715310824069595
1,0,1,0
1,0,1,0
1,0,1,0
1,0,1,0
1,0,1,0
1,0,1,0
1.028145822447522e-15,0.5518472539742021,0.2287819440322656,-11.139334439576
1,0,1,0
1,0,1,0
1,0,1,0
1,0,1,0
1,0,1,0
1,0,1,0
1,0,1,0
1,0,1,0
1,0,1,0
13.51784462764372,9.829824886060194,0.0008585234756988691,-18.72280664276878
1,0,1,0
1,0,1,0
1,0,1,0
1,0,1,0
1,0,1,0
1,0,1,0
1,0,1,0
1,0,1,0
1,0,1,0
1,0,1,0
1,0,1,0
1,0,1,0
1,0,1,0
1,0,1,0
1,0,1,0
4.127086650078476,1.307003949892261,0.1264689119298761,-7.701859267934272
1,0,1,0
1,0,1,0
1,0,1,0
1,0,1,0
1,0,1,0
1,0,1,0
1,0,1,0
1,0,1,0
1,0,1,0
1,0,1,0
1,0,1,0
1,0,1,0
3.874680579968418,1.214433411522329,0.1352279351164078,-8.851130879055514
1,0,1,0
1,0,1,0
1,0,1,0
1,0,1,0
1,0,1,0
1,0,1,0
1,0,1,0
1,0,1,0
1,0,1,0
1,0,1,0
1,0,1,0
1,0,1,0
1,0,1,0
1,0,1,0
1,0,1,0
1,0,1,0
1,0,1,0
1,0,1,0
1,0,1,0
1,0,1,0
1,0,1,0
1,0,1,0
1,0,1,0
1,0,1,0
4.69508072927297,1.503143287119478,0.1100941743281258,-8.41614154516814
1,0,1,0
1,0,1,0
1,0,1,0
1,0,1,0
1,0,1,0
1,0,1,0
1,0,1,0
1,0,1,0
1,0,1,0
1,0,1,0
1,0,1,0
1,0,1,0
1.038263951005382e-15,0.4691038384752275,0.2466998669515171,-10.05885099264573
1,0,1,0
1.038263951005382e-15,0.4546650062831432,0.2500639510544334,-8.278793202681733
1,0,1,0
1,0,1,0
1,0,1,0
1,0,1,0
1,0,1,0
1,0,1,0
1,0,1,0
1,0,1,0
1,0,1,0
1,0,1,0
1,0,1,0
1,0,1,0
1,0,1,0
1,0,1,0
1,0,1,0
1,0,1,0
1,0,1,0
1,0,1,0
1,0,1,0
1,0,1,0
1,0,1,0
1,0,1,0
1,0,1,0
1,0,1,0
1,0,1,0
1,0,1,0
1,0,1,0
1,0,1,0
1,0,1,0
1,0,1,0
1,0,1,0
4.301681372843172,1.370098673504572,0.1208974655095716,-8.915816946474894
1,0,1,0
1,0,1,0
1,0,1,0
1,0,1,0
1,0,1,0
1,0,1,0
1,0,1,0
1.038263951005382e-15,0.4762762447169102,0.2450569419926487,-9.265107776666008
1,0,1,0
1,0,1,0
1,0,1,0
1,0,1,0
1,0,1,0
1,0,1,0
1,0,1,0
1,0,1,0
1,0,1,0
1,0,1,0
1,0,1,0
1,0,1,0
1.038263951005382e-15,0.4548018666294027,0.2500317006510818,-8.992179462047783
1,0,1,0
1,0,1,0
1,0,1,0
1,0,1,0
1,0,1,0
1,0,1,0
4.017017002572399,1.264837945962768,0.1303686581118468,-12.78317128890346
1,0,1,0
1,0,1,0
2.093959926088373e-15,0.4783272944900254,0.2445904809975123,-9.297578582432489
1,0,1,0
1.038263951005382e-15,0.4546650062831432,0.2500639510544334,-8.278793202681733
1,0,1,0
1,0,1,0
2.804502661847769e-15,0.5739036363560217,0.2243559358312265,-9.865063987658889
8.48884454792928e-15,0.2317824636815544,0.3151026483900917,-9.338618131301907
1,0,1,0
1,0,1,0
1,0,1,0
1.028145822447522e-15,0.4691038299884198,0.2466998689064206,-13.82787373795976
1,0,1,0
2.093959926088373e-15,0.5096176312812268,0.2376522137369119,-8.568226954211738
1,0,1,0
1,0,1,0
1,0,1,0
1,0,1,0
1,0,1,0
1,0,1,0
1,0,1,0
1,0,1,0
8.48884454792928e-15,0.3990179621200269,0.2637984291850214,-9.77653961181743
1,0,1,0
1,0,1,0
1.028145822447522e-15,0.4715217943086749,0.2461439519494748,-11.04443729007405
1,0,1,0
1,0,1,0
1.038263951005382e-15,0.5522907119752212,0.2286916091157283,-10.92013768633159
1,0,1,0
8.48884454792928e-15,0.3004062222031045,0.2918139340011325,-11.24014344055269
1,0,1,0
1,0,1,0
1,0,1,0
1,0,1,0
1,0,1,0
1,0,1,0
1,0,1,0
1,0,1,0
1,0,1,0
1,0,1,0
1,0,1,0
4.936130869128893e-15,0.5330690474607991,0.2326597092694425,-8.432937808079593
1,0,1,0
1,0,1,0
1,0,1,0
1,0,1,0
1,0,1,0
1,0,1,0
1,0,1,0
1,0,1,0
1,0,1,0
6.374871838612216,2.145396766610723,0.0714990316244164,-9.798839164106413
1,0,1,0
1,0,1,0
1,0,1,0
5.64667360488876e-15,0.4782498205790411,0.2446080736577242,-8.763213470776545
1,0,1,0
1,0,1,0
1,0,1,0
1,0,1,0
1,0,1,0
1,0,1,0
1,0,1,0
1,0,1,0
1,0,1,0
1,0,1,0
1,0,1,0
1,0,1,0
1,0,1,0
1,0,1,0
1,0,1,0
1,0,1,0
1,0,1,0
1,0,1,0
1,0,1,0
1,0,1,0
1,0,1,0
1,0,1,0
1,0,1,0
1,0,1,0
1,0,1,0
1,0,1,0
1,0,1,0
1.038263951005382e-15,0.5332741036507969,0.2326168008293713,-9.543384858964469
1,0,1,0
1,0,1,0
1,0,1,0
1,0,1,0
1,0,1,0
1,0,1,0
1,0,1,0
1,0,1,0
1,0,1,0
1,0,1,0
1,0,1,0
1,0,1,0
1,0,1,0
1,0,1,0
1,0,1,0
1,0,1,0
1,0,1,0
1,0,1,0
1,0,1,0
1,0,1,0
1,0,1,0
1,0,1,0
1,0,1,0
1,0,1,0
1,0,1,0
3.823111290310982,1.193298534654414,0.1373326055918755,-10.00098786904695
1,0,1,0
1,0,1,0
4.936130869128893e-15,0.4715217943704992,0.2461439519352875,-9.253286081598402
1,0,1,0
3.706986797126149,1.149300328544726,0.1418478316519822,-8.180703933549694
1,0,1,0
1,0,1,0
1,0,1,0
1,0,1,0
1,0,1,0
1,0,1,0
1,0,1,0
1,0,1,0
1,0,1,0
1,0,1,0
1,0,1,0
1,0,1,0
1,0,1,0
4.092628095456142,1.293273084005801,0.1277228190545482,-10.79589987866758
1,0,1,0
1,0,1,0
2.093959926088373e-15,0.3548102850703607,0.2757013469661076,-10.42219968896092
1,0,1,0
1,0,1,0
1,0,1,0
1,0,1,0
1,0,1,0
1,0,1,0
1,0,1,0
1,0,1,0
1,0,1,0
8.48884454792928e-15,0.4042461184498656,0.2624522458519327,-10.4289466892707
1,0,1,0
1,0,1,0
1,0,1,0
1,0,1,0
1,0,1,0
1,0,1,0
8.48884454792928e-15,0.2504806217085118,0.3083684300676593,-16.15598153188793
1,0,1,0
1,0,1,0
1,0,1,0
1,0,1,0
1,0,1,0
1.038263951005382e-15,0.2399042789634933,0.3121376290564228,-9.80286245319024
1,0,1,0
1,0,1,0
1,0,1,0
1,0,1,0
1,0,1,0
4.936130869128893e-15,0.5240505646501568,0.2345594611914177,-11.29366659586584
1,0,1,0
1,0,1,0
1,0,1,0
1,0,1,0
1,0,1,0
1,0,1,0
1,0,1,0
1,0,1,0
4.229213321162044,1.341306454727285,0.123401851861861,-10.12616418551605
1,0,1,0
1,0,1,0
1,0,1,0