dN/dS,LRT,p-value,Log(L)
2.449231293967717e-15,0.9418449360027203,0.1659019113092708,-4.072637067518652
4.936130869128893e-15,0.6121305786555267,0.2169933678128516,-3.833979856389622
1.028145822447522e-15,0.625245968324629,0.2145522526541236,-4.265027442825408
4.0479524494288e-15,0.5868487970048264,0.2218201314976968,-3.994138769310578
1.038263951005382e-15,0.5868237817169089,0.2218249888232665,-10.31174417503052
1.028145822447522e-15,0.7063888486649894,0.2003226197884155,-4.537537205840353
8.48884454792928e-15,0.3479484005607603,0.2776383973084378,-16.58688715929915
2.804502661847769e-15,0.7881847218695519,0.1873247953908169,-4.082149624910916
9.682324783204268e-17,0.5006572914896568,0.2396057281796119,-3.942292428270473
2.449231293967717e-15,0.586848371412275,0.2218202141354513,-3.943941989369559
5.833305220472862,1.856754684240222,0.08649991200966672,-10.6783098332872
3.028822135601326,0.8708156193179555,0.175364804869127,-11.79841872817224
1.038263951005382e-15,0.3354437651400879,0.2812355242891288,-12.82221225413993
1.028145822447522e-15,0.6427868235897378,0.2113517230305652,-4.229053966465956
3.676422171082247,1.140597611317922,0.1427630423596435,-10.29656343237612
1.028145822447522e-15,0.7063888486649894,0.2003226197884155,-4.537537205840353
1,0,1,0
1,0,1,0
3.332936393981565,1.002457085450942,0.1583583473484498,-13.27833824606495
1,0,1,0
1,0,1,0
2.938129901616477,0.828966921767158,0.1812857122876174,-9.229003373226716
1,0,1,0
2.940093737218553,0.8298617899261025,0.18115624849047,-9.56728906513996
2.409369958992662,0.5849526017251421,0.2221887903074933,-10.16952042000933
3.026107449316628,0.8692265454757546,0.1755847613009979,-16.08991746590613
1,0,1,0
1,0,1,0
5.717774457629615,1.825306998565633,0.08834143334453975,-11.13109389258885
2.804502661847769e-15,0.7098240633633495,0.1997511124138172,-10.76861918746379
1,0,1,0
1,0,1,0
1,0,1,0
1,0,1,0
1,0,1,0
1,0,1,0
1,0,1,0
1,0,1,0
1,0,1,0
1.038263951005382e-15,0.665193822504822,0.2073661473597343,-11.34596769740784
1,0,1,0
1,0,1,0
1,0,1,0
1,0,1,0
1,0,1,0
2.804502661847769e-15,0.6651938225027934,0.2073661473600901,-11.34515943136735
1,0,1,0
1,0,1,0
1,0,1,0
1,0,1,0
1,0,1,0
1,0,1,0
1,0,1,0
1,0,1,0
1,0,1,0
1,0,1,0
1,0,1,0
1,0,1,0
1,0,1,0
1,0,1,0
7.540544871755955,6.832421467157232,0.004475891269410448,-21.04537853939532
2.804502661847769e-15,0.5815188156529523,0.2228588043942582,-11.01379359322386
1,0,1,0
1,0,1,0
2.382926658909959,0.572307113161326,0.2246717924398884,-11.13187034184949
2.649268940725964,0.6974566200855072,0.2018198143675893,-8.606338144990614
2.529891433739522,0.6417541528445874,0.2115381530097221,-10.95039952920474
1,0,1,0
1,0,1,0
1,0,1,0
1,0,1,0
1,0,1,0
4.440589719080695,1.409149789580333,0.1175987921687352,-17.33380040893622
1,0,1,0
4.936130869128893e-15,0.6037185332076263,0.2185813720954413,-11.83615248262164
1,0,1,0
4.0479524494288e-15,0.8197144889981907,0.1826318279031969,-10.64674437143858
2.876332779733896,0.8024862900810206,0.185175523908299,-7.172169194428025
1,0,1,0
1,0,1,0
1,0,1,0
1,0,1,0
2.804502661847769e-15,0.7923961590561994,0.1866882808733218,-11.92392452771377
1,0,1,0
1,0,1,0
1,0,1,0
1,0,1,0
1,0,1,0
1,0,1,0
1,0,1,0
1,0,1,0
1,0,1,0
2.804502661847769e-15,0.7743979237604997,0.1894299743356164,-10.17313918473893
2.3666907969533,0.5644753984788906,0.2262313179059643,-10.08951863315419
1,0,1,0
4.536050165424484,1.452989983976444,0.1140243948399651,-10.42154731894845
1,0,1,0
1,0,1,0
2.804502661847769e-15,0.7372998231272589,0.1952636081849176,-8.641340698103766
1,0,1,0
1,0,1,0
1,0,1,0
1,0,1,0
2.804502661847769e-15,0.6838509885990938,0.2041318979569724,-9.912682008119166
1,0,1,0
1,0,1,0
1,0,1,0
3.277070402770469,0.9711422241638807,0.1621977383428189,-11.39628995936163
1.028145822447522e-15,0.7514983709938221,0.1930011259844079,-8.609173150454147
5.840566125974614e-16,0.5326568354504841,0.2327460037952855,-3.945645351805154
1,0,1,0
1,0,1,0
4.936130869128893e-15,0.7098127213973662,0.1997529954544042,-10.36713656613617
1,0,1,0
1,0,1,0
1,0,1,0
1,0,1,0
4.936130869128893e-15,0.6838509713973018,0.2041319009046275,-11.31216726455462
6.186814470189469,3.911016313986366,0.02398528972392744,-16.48002108008881
1,0,1,0
1,0,1,0
4.0479524494288e-15,0.7514983709958791,0.1930011259840829,-9.441326610959786
1,0,1,0
1,0,1,0
1,0,1,0
1,0,1,0
1,0,1,0
1,0,1,0
4.936130869128893e-15,0.7514983709651588,0.1930011259889374,-12.27126799837683
1,0,1,0
1,0,1,0
1,0,1,0
4.936130869128893e-15,0.6651938403024289,0.2073661442385274,-11.33899828913032
1,0,1,0
1,0,1,0
1,0,1,0
3.128356011739378,0.9139370432982972,0.1695359794320003,-9.825796304863921
2.964997552803361,0.8407988292134547,0.1795842026212249,-10.05238241172025
1,0,1,0
2.395635554688245,0.578930594761367,0.2233658996077315,-8.198231057791709
1,0,1,0
1,0,1,0
1,0,1,0
1,0,1,0
1,0,1,0
1,0,1,0
1,0,1,0
1,0,1,0
5.696398740397637,3.624533448895392,0.02846676655979319,-12.3173984561439
1,0,1,0
1,0,1,0
1,0,1,0
3.841904540038569,1.201943133180265,0.1364668271304808,-17.90422212484903
2.689501555148255,0.718002954002916,0.1983998793782621,-9.869200393764956
1,0,1,0
1,0,1,0
1,0,1,0
5.148211084398648,3.301752124775518,0.03460301372673341,-20.6020475075833
1,0,1,0
3.142073732635125,0.9204923482503187,0.1686728654764537,-7.783151794361047
1,0,1,0
1,0,1,0
1,0,1,0
1,0,1,0
1,0,1,0
2.598878987346774,0.6748386803354016,0.205684846089753,-13.18852098269867
1,0,1,0
4.936130869128893e-15,0.6880603484978955,0.2034124563525786,-9.494469836736092
1,0,1,0
1,0,1,0
1,0,1,0
4.090642311452815,1.295065520577328,0.1275582670833653,-9.370978937705189
1,0,1,0
2.976836865820943,0.847050844599508,0.1786939902714926,-7.138314793592363
1,0,1,0
1,0,1,0
1,0,1,0
1,0,1,0
1,0,1,0
1,0,1,0
1.038263951005382e-15,0.6880945222013892,0.2034066307702723,-9.907010604472124
1,0,1,0
2.804502661847769e-15,0.6651938403024289,0.2073661442385274,-11.3355378553798
1,0,1,0
1,0,1,0
1,0,1,0
1,0,1,0
1,0,1,0
3.11456082723788,0.9057339729274361,0.1706244304072347,-8.996983207617303
1,0,1,0
1,0,1,0
1,0,1,0
1,0,1,0
1,0,1,0
1,0,1,0
1,0,1,0
1,0,1,0
1,0,1,0
1,0,1,0
1,0,1,0
1,0,1,0
1,0,1,0
1,0,1,0
1,0,1,0
1,0,1,0
2.676129254458585,0.7099484102724531,0.1997304695071281,-16.39809655104334
1,0,1,0
6.167934459018787,3.88521473217606,0.02435651639421377,-16.64648009496879
1,0,1,0
1,0,1,0
1,0,1,0
2.786314082349575,0.762782572213716,0.1912295621358131,-8.57004113787986
1,0,1,0
1,0,1,0
1,0,1,0
1,0,1,0
1,0,1,0
1,0,1,0
1,0,1,0
1,0,1,0
1,0,1,0
1,0,1,0
3.143664776242478,0.9181837895416507,0.1689761510890345,-11.53549138075012
2.602951248264568,0.676744192065982,0.2053550547234602,-12.18441345288247
1,0,1,0
1,0,1,0
1,0,1,0
1,0,1,0
1,0,1,0
1,0,1,0
1.028145822447522e-15,0.6713656798649232,0.2062879368993741,-11.05646442029786
1,0,1,0
1,0,1,0
4.936130869128893e-15,0.8315929236190271,0.1809061613420532,-8.375745891141285
1,0,1,0
1,0,1,0
1,0,1,0
1,0,1,0
1,0,1,0
1,0,1,0
1,0,1,0
6.155444234432163,3.886851335424943,0.02433279015502526,-10.81586271820624
1,0,1,0
1,0,1,0
1,0,1,0
1.028145822447522e-15,0.7904613444258333,0.1869803307935777,-3.58852704384174
1,0,1,0
3.246749888501662,0.9630537699350121,0.1632093400557456,-14.25566074296995
1,0,1,0
1,0,1,0
1,0,1,0
2.544971462766273,0.6488546131588144,0.2102612415667614,-12.73152578647959
1,0,1,0
1,0,1,0
1,0,1,0
2.464472556772136,0.6114157847674875,0.2171276198402557,-9.47854747258987
1,0,1,0
1,0,1,0
1,0,1,0
1,0,1,0
1,0,1,0
4.936130869128893e-15,0.6880614321018896,0.20341227162714,-9.50016178245914
1,0,1,0
1,0,1,0
1,0,1,0
1,0,1,0
1,0,1,0
1,0,1,0
1,0,1,0
1,0,1,0
1,0,1,0
1,0,1,0
1,0,1,0
1,0,1,0
1,0,1,0
1,0,1,0
1,0,1,0
1,0,1,0
1,0,1,0
1,0,1,0
1,0,1,0
1,0,1,0
1,0,1,0
1,0,1,0
1,0,1,0
1.028145822447522e-15,0.5030977768700033,0.2390710696051535,-9.478792074893517
1,0,1,0
1,0,1,0
1,0,1,0
1,0,1,0
2.838633782394112,0.7975361847693776,0.1859155161041212,-9.926736280886768
3.055494817873555,0.8803631699530001,0.1740511147273101,-9.216161638628082
1,0,1,0
1,0,1,0
1,0,1,0
1,0,1,0
1,0,1,0
2.449231293967717e-15,0.6242478791079087,0.2147365569055045,-8.845935435605755
1,0,1,0
1,0,1,0
2.945519116770768,0.8322317706258211,0.1808139911074734,-10.42725672356964
1,0,1,0
1,0,1,0
1,0,1,0
1,0,1,0
1,0,1,0
1,0,1,0
1,0,1,0
2.093959926088373e-15,0.6713657795233061,0.2062879195561791,-10.82647748360153
1,0,1,0
1,0,1,0
1,0,1,0
1,0,1,0
1,0,1,0
1,0,1,0
1,0,1,0
1,0,1,0
1,0,1,0
1,0,1,0
4.0479524494288e-15,0.7514983709948311,0.1930011259842484,-13.37256501629042
1,0,1,0
1,0,1,0
1.028145822447522e-15,0.7808724787414931,0.1884372188001853,-8.885326812762827
1,0,1,0
1,0,1,0
1,0,1,0
1,0,1,0
1,0,1,0
3.078909922939327,0.8922478454059544,0.1724344446572131,-18.2631682529866
1.038263951005382e-15,0.3531800757886217,0.2761592315775564,-10.11915037632986
1,0,1,0
1,0,1,0
1,0,1,0
1,0,1,0
1,0,1,0
1,0,1,0
1,0,1,0
1,0,1,0
1,0,1,0
1,0,1,0
2.742894512333859,0.7413688815340969,0.1946113645871636,-13.14057893287997
4.936130869128893e-15,0.651182429265404,0.209845123646893,-9.44245360746881
4.936130869128893e-15,0.4403406525311837,0.2534790413773452,-9.963984773416009
1,0,1,0
1,0,1,0
2.804502661847769e-15,0.8530203446193774,0.1778496494281516,-4.398420763432339
1.028145822447522e-15,0.7973367033981633,0.1859454231318191,-3.58852704384174
4.936130869128893e-15,0.5857008733728133,0.2220431981017182,-4.346689783382021
2.804502661847769e-15,0.8530203446193774,0.1778496494281516,-4.398420763432339
2.804502661847769e-15,0.7514983468756391,0.1930011297957228,-4.269415184973639
4.936130869128893e-15,0.6239750740630186,0.214786973940554,-18.40376364482443
2.804502661847769e-15,0.7514983468756391,0.1930011297957228,-4.269415184973639
4.936130869128893e-15,0.8530203411270101,0.177849649920519,-10.71556594463238
4.936130869128893e-15,0.5857008733728133,0.2220431981017182,-4.346689783382021
1.028145822447522e-15,0.7973367033981633,0.1859454231318191,-3.58852704384174
1.028145822447522e-15,0.7375145680265121,0.1952291078504413,-10.12080251733133
5.840566125974614e-16,0.6881593341620391,0.2033955829629989,-3.533732259842229
1.028145822447522e-15,0.8530203442942366,0.1778496494739912,-4.347880674997387
2.804502661847769e-15,0.3735697833162313,0.2705324157407587,-4.547678129098065
1.028145822447522e-15,0.7375900779919107,0.1952169786975075,-4.116572456022583
2.804502661847769e-15,0.8194609314295178,0.1826689120013954,-4.070105725913926
2.449231293967717e-15,1.00201295561927,0.1584119606638165,-4.072637067518652
5.64667360488876e-15,0.6838509617095312,0.2041319025646991,-22.00634789251631
5.840566125974614e-16,0.7279367033473756,0.196776400955795,-3.84893491002069
1.028145822447522e-15,0.8017969018242486,0.185278333969011,-4.338227746780641
2.804502661847769e-15,0.3511784281194874,0.2767234037079111,-4.547678129098065
9.682324783204268e-17,0.5006572914896568,0.2396057281796119,-3.942292428270473
1.028145822447522e-15,0.8017969018242486,0.185278333969011,-4.338227746780641
2.804502661847769e-15,0.5505676713693504,0.2290429183560423,-4.338843125860959
9.682324783204268e-17,0.7648136645417623,0.1909131421161269,-4.34983095202731
2.093959926088373e-15,0.6526265119965053,0.2095875976880713,-11.39620961875192
4.936130869128893e-15,0.4140210916383928,0.2599677908918479,-4.060656017357588
2.093959926088373e-15,0.6466920580680977,0.2106489218923809,-9.480718276993516
1.028145822447522e-15,0.5466390002422319,0.2298471290482304,-4.630894724090136
4.936130869128893e-15,0.6929850650167708,0.2025754507952637,-8.682576704918603
2.449231293967717e-15,0.8017969022534732,0.1852783339049749,-4.388424739517933
1.028145822447522e-15,0.6252459305290055,0.2145522596288265,-3.98884453402443
2.804502661847769e-15,0.7702461800077263,0.1900704526985869,-4.062044837979663
4.936130869128893e-15,0.4140210916383928,0.2599677908918479,-4.060656017357588
2.804502661847769e-15,0.7063888166995529,0.2003226251174485,-4.261354297039375
2.804502661847769e-15,0.7063888166995529,0.2003226251174485,-4.261354297039375
1.028145822447522e-15,0.7278696496967321,0.1967872953609903,-10.16607355276425
2.804502661847769e-15,0.5675112313851081,0.225624792529425,-4.765590258114633
5.840566125974614e-16,0.6121171496722591,0.2169958888691202,-3.251610021790183
2.804502661847769e-15,0.7881847218695519,0.1873247953908169,-4.082149624910916
1.028145822447522e-15,0.625245968324629,0.2145522526541236,-4.265027442825408
4.936130869128893e-15,0.4140210916383928,0.2599677908918479,-4.060656017357588
2.804502661847769e-15,0.7063888166995529,0.2003226251174485,-4.261354297039375
2.804502661847769e-15,0.7063888166995529,0.2003226251174485,-4.261354297039375
4.0479524494288e-15,0.5868487970048264,0.2218201314976968,-3.994138769310578
9.682324783204268e-17,0.646793817855257,0.2106306555342407,-3.576425147005745
4.932206992807476,1.581438198298603,0.1042768271449165,-9.24262224890319
4.0479524494288e-15,0.5868487970048264,0.2218201314976968,-3.994138769310578
4.936130869128893e-15,0.646661851781154,0.2106543445177926,-9.204821903297965
9.682324783204268e-17,0.801795785307684,0.1852785005422924,-4.644421120433418
5.840566125974614e-16,0.6121171496722591,0.2169958888691202,-3.251610021790183
1.038263951005382e-15,0.3320003419605904,0.2822417907827965,-5.189538844640897
1.028145822447522e-15,0.6467926778102511,0.2106308601645491,-3.526228723948866
9.682324783204268e-17,0.7648136645417623,0.1909131421161269,-4.34983095202731
4.936130869128893e-15,0.3200291150000076,0.2857950742333626,-4.08955196837254
4.0479524494288e-15,0.5868487970048264,0.2218201314976968,-3.994138769310578
4.936130869128893e-15,0.6932694554724819,0.2025272695601378,-4.106489619404567
5.840566125974614e-16,0.6121171496722591,0.2169958888691202,-3.251610021790183
4.936130869128893e-15,0.6252459447543348,0.2145522570037224,-4.571220816478188
9.682324783204268e-17,0.646793817855257,0.2106306555342407,-3.576425147005745
4.936130869128893e-15,0.6932694554724819,0.2025272695601378,-4.106489619404567
5.840566125974614e-16,0.6121171496722591,0.2169958888691202,-3.251610021790183
2.804502661847769e-15,0.5505676713693504,0.2290429183560423,-4.338843125860959
1.028145822447522e-15,0.652659460968815,0.2095817273314934,-4.335274719516271
4.936130869128893e-15,0.4140210916383928,0.2599677908918479,-4.060656017357588
4.936130869128893e-15,0.5865657532064255,0.2218751009127949,-7.869141629195882
2.449231293967717e-15,0.6932560263775009,0.2025295443317205,-3.524119784805129
5.840566125974614e-16,0.6121171496722591,0.2169958888691202,-3.251610021790183
2.449231293967717e-15,0.6932560263775009,0.2025295443317205,-3.524119784805129
2.804502661847769e-15,0.5505676713693504,0.2290429183560423,-4.338843125860959
2.804502661847769e-15,0.4702703273383531,0.2464314158313268,-4.354711815289158
2.449231293967717e-15,0.6932560263775009,0.2025295443317205,-3.524119784805129
1.028145822447522e-15,0.6427867870575037,0.2113517296214457,-3.952871057664977
2.449231293967717e-15,0.6932560263775009,0.2025295443317205,-3.524119784805129
9.682324783204268e-17,0.801795785307684,0.1852785005422924,-4.644421120433418
5.840566125974614e-16,0.7332552182937739,0.1959150381373101,-3.767461117425712
2.449231293967717e-15,0.586848371412275,0.2218202141354513,-3.943941989369559
1.028145822447522e-15,0.4140379496043671,0.2599635421120725,-4.643025851957025
5.840566125974614e-16,0.7279367033473756,0.196776400955795,-3.84893491002069
4.936130869128893e-15,0.5675112364766957,0.2256247915143162,-4.815787248306173
4.936130869128893e-15,0.6932694554724819,0.2025272695601378,-4.106489619404567
3.324384629631473,0.9932610049369934,0.1594733302293725,-8.927250099173062
1.827506400178574e-15,0.5006572914605663,0.2396057281859966,-3.892096005213594
1.028145822447522e-15,0.6427868235897378,0.2113517230305652,-4.229053966465956
1.028145822447522e-15,0.6925416616608366,0.2026506052876707,-7.713748154340927
5.840566125974614e-16,0.7279367033473756,0.196776400955795,-3.84893491002069
1.028145822447522e-15,0.625245968324629,0.2145522526541236,-4.265027442825408
5.840566125974614e-16,0.6121171496722591,0.2169958888691202,-3.251610021790183
1.028145822447522e-15,0.7494127349013091,0.1933311130675234,-3.586476877644764
1.028145822447522e-15,0.7279355633017932,0.1967765861751318,-3.798738486963812
4.936130869128893e-15,0.5675112364766957,0.2256247915143162,-4.815787248306173
2.804502661847769e-15,0.3511784281194874,0.2767234037079111,-4.547678129098065
1.038263951005382e-15,0.513773399627091,0.2367549634522116,-10.79417255539697
9.682324783204268e-17,0.5006572914896568,0.2396057281796119,-3.942292428270473
4.936130869128893e-15,0.646661851781154,0.2106543445177926,-9.204821903297965
1.028145822447522e-15,0.7063888287264497,0.2003226231124162,-10.91435656402654
4.936130869128893e-15,0.6932694554724819,0.2025272695601378,-4.106489619404567
2.804502661847769e-15,0.5675112313851081,0.225624792529425,-4.765590258114633
2.804502661847769e-15,0.5675112313851081,0.225624792529425,-4.765590258114633
1.028145822447522e-15,0.6427868235897378,0.2113517230305652,-4.229053966465956
2.804502661847769e-15,0.7063888486649947,0.2003226197884146,-4.587734198577646
1.038263951005382e-15,0.3320003419605904,0.2822417907827965,-5.189538844640897
4.936130869128893e-15,0.6932694554724819,0.2025272695601378,-4.106489619404567
9.682324783204268e-17,0.646793817855257,0.2106306555342407,-3.576425147005745
4.936130869128893e-15,0.4140210916383928,0.2599677908918479,-4.060656017357588
1.028145822447522e-15,0.652659460968815,0.2095817273314934,-4.335274719516271
1.028145822447522e-15,0.6252459305290055,0.2145522596288265,-3.98884453402443
2.449231293967717e-15,0.586848371412275,0.2218202141354513,-3.943941989369559
1.028145822447522e-15,0.7279355633017932,0.1967765861751318,-3.798738486963812
5.64667360488876e-15,0.3320001196834372,0.2822418559625582,-4.607162533369575
1.028145822447522e-15,0.625245968324629,0.2145522526541236,-4.265027442825408
5.840566125974614e-16,0.7279367033473756,0.196776400955795,-3.84893491002069
2.804502661847769e-15,0.4702703273383531,0.2464314158313268,-4.354711815289158
2.449231293967717e-15,0.6932560263775009,0.2025295443317205,-3.524119784805129
2.449231293967717e-15,0.9418449360027203,0.1659019113092708,-4.072637067518652
9.682324783204268e-17,0.646793817855257,0.2106306555342407,-3.576425147005745
5.840566125974614e-16,0.6121171496722591,0.2169958888691202,-3.251610021790183
1.038263951005382e-15,0.3320003419605904,0.2822417907827965,-5.189538844640897
3.696265506066465,1.146058014220301,0.1421879341394685,-18.15985628241284
2.449231293967717e-15,0.6932560263775009,0.2025295443317205,-3.524119784805129
3.005137723929227,0.8589857509089143,0.1770113388648862,-8.473947204300206
1.028145822447522e-15,0.6252459305290055,0.2145522596288265,-3.98884453402443
1.028145822447522e-15,0.7542979126703351,0.1925594442315021,-7.957089486768627
2.804502661847769e-15,0.6119732503883206,0.2170229062365683,-15.97415689777118
4.936130869128893e-15,0.4140210916383928,0.2599677908918479,-4.060656017357588
1.038263951005382e-15,0.3320003503682329,0.2822417883173698,-11.95076112369759
9.682324783204268e-17,0.7648136645417623,0.1909131421161269,-4.34983095202731
2.449231293967717e-15,0.6932560263775009,0.2025295443317205,-3.524119784805129
1.028145822447522e-15,0.6467926778102511,0.2106308601645491,-3.526228723948866
2.864148558986224,0.7970359711884711,0.1859905227932678,-11.53475766260962
4.936130869128893e-15,0.6932694554724819,0.2025272695601378,-4.106489619404567
4.936130869128893e-15,0.7278886152496113,0.1967842138835112,-10.8326435168485
2.449231293967717e-15,0.9418449360027203,0.1659019113092708,-4.072637067518652
2.449231293967717e-15,0.8017969022534732,0.1852783339049749,-4.388424739517933
1.028145822447522e-15,0.6467926778102511,0.2106308601645491,-3.526228723948866
1.028145822447522e-15,0.8017969018242486,0.185278333969011,-4.338227746780641
2.804502661847769e-15,0.666942022201841,0.2070598965902125,-14.69035968458698
2.804502661847769e-15,0.5505676713693504,0.2290429183560423,-4.338843125860959
5.840566125974614e-16,0.6121171496722591,0.2169958888691202,-3.251610021790183
1.028145822447522e-15,0.7494127349013091,0.1933311130675234,-3.586476877644764
1.038263951005382e-15,0.5006572899095225,0.2396057285264185,-9.083785338511861
2.449231293967717e-15,0.6526606054217439,0.2095815234343363,-4.38547114257315
5.840566125974614e-16,0.6121171496722591,0.2169958888691202,-3.251610021790183
1.028145822447522e-15,0.6672514509917011,0.2070057603401219,-4.397820483118764
5.840566125974614e-16,0.7279367033473756,0.196776400955795,-3.84893491002069
1.028145822447522e-15,0.6467926778102511,0.2106308601645491,-3.526228723948866
2.804502661847769e-15,0.7063888486649947,0.2003226197884146,-4.587734198577646
2.804502661847769e-15,0.6671647394032405,0.2070209288934272,-9.589509816417031
1.028145822447522e-15,0.7494127349013091,0.1933311130675234,-3.586476877644764
9.682324783204268e-17,0.801795785307684,0.1852785005422924,-4.644421120433418
2.804502661847769e-15,0.4702703273383531,0.2464314158313268,-4.354711815289158
4.0479524494288e-15,0.5868487970048264,0.2218201314976968,-3.994138769310578
5.840566125974614e-16,0.7332552182937739,0.1959150381373101,-3.767461117425712
1.028145822447522e-15,0.6467926778102511,0.2106308601645491,-3.526228723948866
4.0479524494288e-15,0.7705913593894316,0.1900170863874908,-10.24687329228645
1.028145822447522e-15,0.625245968324629,0.2145522526541236,-4.265027442825408
1.827506400178574e-15,0.5006572914605663,0.2396057281859966,-3.892096005213594
4.936130869128893e-15,0.72783609942271,0.1967927466988274,-9.758419803343989
1.028145822447522e-15,0.652659460968815,0.2095817273314934,-4.335274719516271
1.028145822447522e-15,0.7279355633017932,0.1967765861751318,-3.798738486963812
1.028145822447522e-15,0.6427867870575037,0.2113517296214457,-3.952871057664977
9.682324783204268e-17,0.5006572914896568,0.2396057281796119,-3.942292428270473
5.840566125974614e-16,0.7332552182937739,0.1959150381373101,-3.767461117425712
2.093959926088373e-15,0.7278706408608073,0.196787134317314,-10.16898185637364
2.449231293967717e-15,0.6932560263775009,0.2025295443317205,-3.524119784805129
2.804502661847769e-15,0.7063888166995529,0.2003226251174485,-4.261354297039375
4.936130869128893e-15,0.3200291150000076,0.2857950742333626,-4.08955196837254
9.682324783204268e-17,0.646793817855257,0.2106306555342407,-3.576425147005745
9.682324783204268e-17,0.646793817855257,0.2106306555342407,-3.576425147005745
2.804502661847769e-15,0.6810114412881951,0.2046193277380393,-5.203706027092419
1.038263951005382e-15,0.5505346808107241,0.2290496530865723,-11.354453872861
1.028145822447522e-15,0.4140379496043671,0.2599635421120725,-4.643025851957025
4.936130869128893e-15,0.5866648958981315,0.2218558441990248,-12.07509157443668
5.840566125974614e-16,0.6121171496722591,0.2169958888691202,-3.251610021790183
1.028145822447522e-15,0.8017969018242486,0.185278333969011,-4.338227746780641
1.028145822447522e-15,0.6427868235897378,0.2113517230305652,-4.229053966465956
4.936130869128893e-15,0.6932694554724819,0.2025272695601378,-4.106489619404567
5.64667360488876e-15,0.3388846664288785,0.2802368610772324,-13.51543371787045
3.322814974610447,0.9926871107787605,0.1595432534389697,-10.10329992376386
2.804502661847769e-15,0.4702703273383531,0.2464314158313268,-4.354711815289158
2.804502661847769e-15,0.7702461800077263,0.1900704526985869,-4.062044837979663
4.057086264783607,1.281064579480887,0.1288505943154722,-9.667383330087365
5.840566125974614e-16,0.6121171496722591,0.2169958888691202,-3.251610021790183
1.028145822447522e-15,0.7279355633017932,0.1967765861751318,-3.798738486963812
2.804502661847769e-15,0.3511784281194874,0.2767234037079111,-4.547678129098065
3.521648324640328,1.07568424310216,0.1498325152221656,-11.64547295094494
5.64667360488876e-15,0.3320001196834372,0.2822418559625582,-4.607162533369575
2.804502661847769e-15,0.3511784281194874,0.2767234037079111,-4.547678129098065
2.449231293967717e-15,0.586848371412275,0.2218202141354513,-3.943941989369559
4.936130869128893e-15,0.546639001669039,0.2298471287553476,-4.681091716827429
4.936130869128893e-15,0.5505665305826479,0.2290431512323277,-4.288646702804081
2.804502661847769e-15,0.7063888486649947,0.2003226197884146,-4.587734198577646
5.223316172527656,3.347535248946791,0.03365286082662278,-13.21016125459546
2.804502661847769e-15,0.4702703273383531,0.2464314158313268,-4.354711815289158
2.093959926088373e-15,0.6669666463512236,0.2070555876946875,-8.323257018470084
4.936130869128893e-15,0.5505665305826479,0.2290431512323277,-4.288646702804081
1.038263951005382e-15,0.3487680965260331,0.2774056552444207,-4.671921803056405
3.562755748997167,1.096009986236428,0.1475717080397441,-10.86587044825473
1.028145822447522e-15,0.6672514509917011,0.2070057603401219,-4.397820483118764
1.028145822447522e-15,0.6427868235897378,0.2113517230305652,-4.229053966465956
1.028145822447522e-15,0.6427868235897378,0.2113517230305652,-4.229053966465956
1.038263951005382e-15,0.3487680965260331,0.2774056552444207,-4.671921803056405
1.038263951005382e-15,0.3320003419605904,0.2822417907827965,-5.189538844640897
9.682324783204268e-17,0.801795785307684,0.1852785005422924,-4.644421120433418
3.686828824290727,1.144683292565055,0.1423324474280618,-10.84807308251125
1.038263951005382e-15,0.5867370320591192,0.2218418346485641,-8.824440926831839
2.449231293967717e-15,0.9418449360027203,0.1659019113092708,-4.072637067518652
2.804502661847769e-15,0.3511784281194874,0.2767234037079111,-4.547678129098065
2.804502661847769e-15,0.7063888486649947,0.2003226197884146,-4.587734198577646
4.0479524494288e-15,0.6672518787665815,0.207005685513066,-4.448016906175644
4.936130869128893e-15,0.4140210916383928,0.2599677908918479,-4.060656017357588
5.840566125974614e-16,0.6121171496722591,0.2169958888691202,-3.251610021790183
2.449231293967717e-15,0.8017969022534732,0.1852783339049749,-4.388424739517933
9.682324783204268e-17,0.646793817855257,0.2106306555342407,-3.576425147005745
2.449231293967717e-15,0.586848371412275,0.2218202141354513,-3.943941989369559
2.804502661847769e-15,0.7646671241080014,0.1909359465482396,-11.11403223050984
4.0479524494288e-15,0.6672518787665815,0.207005685513066,-4.448016906175644
9.682324783204268e-17,0.646793817855257,0.2106306555342407,-3.576425147005745
2.449231293967717e-15,0.586848371412275,0.2218202141354513,-3.943941989369559
4.0479524494288e-15,0.6672518787665815,0.207005685513066,-4.448016906175644
1.038263951005382e-15,0.5868360594855488,0.2218226047758284,-11.00371227216488