dN/dS,LRT,p-value,Log(L)
1,0,1,0
1,0,1,0
1.038263951005382e-15,0.5715765460859465,0.2248165591411894,-14.13274571199561
1,0,1,0
1,0,1,0
1,0,1,0
1,0,1,0
1,0,1,0
1,0,1,0
1.038263951005382e-15,0.5368282732827296,0.2318750867283199,-9.115621506264018
4.936130869128893e-15,0.290761973113117,0.2948663266740706,-9.90324497746942
1,0,1,0
1,0,1,0
1,0,1,0
4.072587306986822,1.289826260016238,0.1280399856249791,-9.940432416616702
3.232075313414219,0.9564855393432836,0.1640369674534561,-24.60103534126573
1,0,1,0
1,0,1,0
1,0,1,0
1.038263951005382e-15,0.5698092670650361,0.2251673592816673,-10.93678410253731
1,0,1,0
3.445203134364152,1.042047166521304,0.1536729163709043,-9.005815323202837
1,0,1,0
1,0,1,0
1,0,1,0
1,0,1,0
1,0,1,0
1,0,1,0
1.038263951005382e-15,0.3013956280181098,0.2915044037200785,-14.7194014948579
1,0,1,0
1,0,1,0
2.804502661847769e-15,0.6990848216303824,0.2015456892214362,-10.4558776202779
1,0,1,0
1,0,1,0
1,0,1,0
1,0,1,0
1,0,1,0
1,0,1,0
1,0,1,0
2.093959926088373e-15,0.57157652601839,0.2248165631197054,-12.05375756325503
1.038263951005382e-15,0.3012248301097245,0.2915577896731948,-11.57941959955561
1.038263951005382e-15,0.5743873435644993,0.2242603755198628,-9.045390243569591
1,0,1,0
1,0,1,0
4.099244908757917,1.298210205718171,0.1272702045683488,-10.01436640826845
1,0,1,0
1,0,1,0
1,0,1,0
1,0,1,0
1,0,1,0
1,0,1,0
1,0,1,0
1,0,1,0
1,0,1,0
2.804502661847769e-15,0.6330901720918831,0.213112039537336,-9.672526594398464
1,0,1,0
1,0,1,0
1,0,1,0
1,0,1,0
1,0,1,0
2.896711748243355,0.8096833278678233,0.1841069457573261,-8.478967051662046
1,0,1,0
4.844982221167566,1.554225788123844,0.1062563414200711,-11.02867343809281
1,0,1,0
1,0,1,0
6.36720721213994,3.980718379511337,0.02301196529428312,-10.68662706184309
1,0,1,0
4.936130869128893e-15,0.6009137504821673,0.2191148005796963,-9.272822016601946
1,0,1,0
1,0,1,0
1,0,1,0
1,0,1,0
1,0,1,0
3.801095184935604,1.183609534161171,0.1383111947060616,-9.799616570943023
4.936130869128893e-15,0.5111059285668347,0.2373302498213598,-9.923630342050716
1,0,1,0
1,0,1,0
1,0,1,0
2.804502661847769e-15,0.5903501565923825,0.2211418736602437,-8.415850478665803
1,0,1,0
1,0,1,0
1,0,1,0
1,0,1,0
1,0,1,0
1,0,1,0
1,0,1,0
1,0,1,0
1,0,1,0
1,0,1,0
1,0,1,0
1,0,1,0
1,0,1,0
1,0,1,0
5.866470421165121,3.708321033805763,0.02707091312648047,-12.06727028467865
4.075313235487208,1.292021566776878,0.1278378678583057,-8.369224850637991
1,0,1,0
1,0,1,0
1,0,1,0
1,0,1,0
1,0,1,0
1.028145822447522e-15,0.6520206947614469,0.2096955768359432,-9.352967470177358
1,0,1,0
1,0,1,0
1,0,1,0
1,0,1,0
1,0,1,0
1,0,1,0
3.662527231003563,1.127600406241896,0.1441438779743923,-11.2549278810755
1,0,1,0
1,0,1,0
1,0,1,0
2.804502661847769e-15,0.5904309276877342,0.2211262650344127,-8.715278020499955
1,0,1,0
1,0,1,0
1,0,1,0
1,0,1,0
3.12014061596435,0.9072341332883376,0.1704246756042526,-12.34272130863386
1,0,1,0
1.038263951005382e-15,0.5698088520483253,0.225167441761641,-10.61105049705617
1,0,1,0
1.038263951005382e-15,0.4521785224986594,0.2506511101522827,-9.072128737096751
1,0,1,0
1,0,1,0
1,0,1,0
1,0,1,0
1,0,1,0
1,0,1,0
1,0,1,0
1,0,1,0
1,0,1,0
1,0,1,0
1,0,1,0
1,0,1,0
1,0,1,0
4.936130869128893e-15,0.6202621383079432,0.2154749452339746,-8.927967346081276
1,0,1,0
3.760994200159384,1.166588671915278,0.1400516434596971,-10.92108441348588
1,0,1,0
1,0,1,0
1,0,1,0
1,0,1,0
1,0,1,0
1,0,1,0
1,0,1,0
1,0,1,0
1,0,1,0
1,0,1,0
1,0,1,0
12.06367310669476,12.39706005215795,0.0002150051668384223,-17.02743939722943
1,0,1,0
6.641375325250279,4.11711000430892,0.02122576948272475,-14.12702574818062
1,0,1,0
1,0,1,0
1,0,1,0
2.804502661847769e-15,0.6009747606267872,0.2191031761503099,-9.979500833974244
1,0,1,0
1,0,1,0
1,0,1,0
1,0,1,0
1,0,1,0
3.647237761014658,1.121765210100783,0.1447693379522494,-8.980119256055293
1,0,1,0
1,0,1,0
1,0,1,0
1,0,1,0
1,0,1,0
1,0,1,0
1,0,1,0
1,0,1,0
1.038263951005382e-15,0.3160896052504718,0.2869835902551612,-10.41150623372314
1,0,1,0
6.80288065573385,4.19756285325014,0.02024105975564711,-11.30873874645923
1,0,1,0
3.233027864707358,0.9551444204341415,0.1642066385653294,-10.1980834958226
1,0,1,0
1,0,1,0
1,0,1,0
1,0,1,0
1,0,1,0
1,0,1,0
2.804502661847769e-15,0.5905823595818553,0.221097006124379,-9.814264419847559
1,0,1,0
4.936130869128893e-15,0.5715765460891866,0.224816559140547,-9.152995653691907
1,0,1,0
1,0,1,0
1,0,1,0
1,0,1,0
2.950075148673364,0.8319256263404746,0.1808581522636244,-9.419684072694924
1,0,1,0
4.337111619308729,1.386119822374209,0.1195307316235111,-9.716178044509974
1,0,1,0
1.038263951005382e-15,0.5588827842859345,0.2273553681591013,-9.748082978112979
1,0,1,0
1,0,1,0
1,0,1,0
1,0,1,0
1,0,1,0
1,0,1,0
1,0,1,0
1,0,1,0
1,0,1,0
2.871370104434009,0.7987123759895027,0.1857393135060055,-11.85567194408138
1,0,1,0
3.132063306190785,0.9123331531965668,0.1697480607780058,-11.24657056348735
1,0,1,0
3.266832523491831,0.9698926357652802,0.1623534783702202,-9.315653871780846
1,0,1,0
1,0,1,0
1,0,1,0
1,0,1,0
1,0,1,0
7.709575217310577,4.583388137035978,0.01614166073527257,-12.41092375919756
1,0,1,0
1,0,1,0
1,0,1,0
1,0,1,0
1,0,1,0
1,0,1,0
1,0,1,0
1,0,1,0
1.038263951005382e-15,0.4948102237242509,0.2408946921733328,-18.18684746821581
1,0,1,0
1,0,1,0
1,0,1,0
1,0,1,0
1,0,1,0
1,0,1,0
1,0,1,0
1.038263951005382e-15,0.5743873316222086,0.2242603778783779,-9.005982593764912
1,0,1,0
1,0,1,0
1,0,1,0
1,0,1,0
1,0,1,0
4.118043616327933,1.306619184371918,0.1265038419799991,-20.72849232812213
3.118602328742093,0.9067445446032707,0.1704898324611393,-9.131618262287292
1,0,1,0
1,0,1,0
1.028145822447522e-15,0.5743873309349787,0.2242603780141008,-9.474915987508199
1,0,1,0
4.936130869128893e-15,0.7148322748075735,0.1989221331383004,-12.99924709597263
7.278033852052592,2.235545188519666,0.06743452306494774,-9.714725497361608
1,0,1,0
1,0,1,0
1,0,1,0
1,0,1,0
1,0,1,0
1,0,1,0
1,0,1,0
1,0,1,0
1,0,1,0
1,0,1,0
1.038263951005382e-15,0.5743873316222086,0.2242603778783779,-9.005982593764912
1,0,1,0
1.038263951005382e-15,0.5698088714736684,0.2251674379010684,-12.01918946107512
1,0,1,0
1,0,1,0
1,0,1,0
1,0,1,0
1,0,1,0
1,0,1,0
1,0,1,0
1,0,1,0
1,0,1,0
1,0,1,0
2.804502661847769e-15,0.5904309276877342,0.2211262650344127,-8.715278020499955
1,0,1,0
1,0,1,0
1,0,1,0
1,0,1,0
4.936130869128893e-15,0.6007597463896026,0.2191441476023845,-11.95544894112508
1,0,1,0
1,0,1,0
1,0,1,0
1,0,1,0
1,0,1,0
1,0,1,0
7.732820278006447,4.634644885600792,0.01566631402336965,-14.0776264566691
4.0479524494288e-15,0.7145752242173558,0.1989645598820378,-10.15245591155637
1,0,1,0
1,0,1,0
2.093959926088373e-15,0.4494167030281027,0.251306041521847,-8.616460159493176
1,0,1,0
1,0,1,0
2.804502661847769e-15,0.6836966691329067,0.2041583442585486,-8.89191520810366
1,0,1,0
1,0,1,0
1,0,1,0
1,0,1,0
1,0,1,0
1,0,1,0
1,0,1,0
1,0,1,0
2.848140292091713,0.7883925765444459,0.1872933090257381,-8.784770982609146
1,0,1,0
1,0,1,0
1,0,1,0
1,0,1,0
1,0,1,0
1,0,1,0
1,0,1,0
1,0,1,0
1,0,1,0
1.028145822447522e-15,0.5366343823049089,0.2319154521481835,-7.952253339626734
1,0,1,0
1,0,1,0
1,0,1,0
1,0,1,0
1,0,1,0
1,0,1,0
1,0,1,0
2.804502661847769e-15,0.5903499124970431,0.2211419208330681,-8.415429214057879
1,0,1,0
1,0,1,0
1,0,1,0
1,0,1,0
1,0,1,0
1,0,1,0
1,0,1,0
1,0,1,0
1,0,1,0
1,0,1,0
1,0,1,0
1,0,1,0
1.038263951005382e-15,0.5743873656409946,0.2242603711599166,-11.94845321160718
1,0,1,0
1,0,1,0
1,0,1,0
1,0,1,0
1,0,1,0
1,0,1,0
1,0,1,0
1,0,1,0
1,0,1,0
2.804502661847769e-15,0.7147034851431293,0.1989433885095792,-10.55929084849485
1,0,1,0
5.64667360488876e-15,0.6077425212952079,0.2178195295417815,-10.74120623333968
1,0,1,0
1,0,1,0
1,0,1,0
3.280169249975776,0.9747046908121142,0.1617548194016835,-10.22002603451215
1,0,1,0
1,0,1,0
1,0,1,0
1,0,1,0
1.028145822447522e-15,0.7149601055476751,0.1989010392740095,-9.184495394601962
1,0,1,0
1,0,1,0
1.028145822447522e-15,0.7149601681572051,0.1989010289433518,-11.27066810158259
1,0,1,0
1.038263951005382e-15,0.5368590573579191,0.2318686789401824,-10.16022440085531
1,0,1,0
1,0,1,0
1,0,1,0
1,0,1,0
1,0,1,0
1,0,1,0
1,0,1,0
1,0,1,0
1,0,1,0
1,0,1,0
1,0,1,0
1,0,1,0
1,0,1,0
1,0,1,0
1,0,1,0
1,0,1,0
1,0,1,0
1,0,1,0
1,0,1,0
1,0,1,0
1,0,1,0
1.038263951005382e-15,0.5906201395046899,0.2210897074073874,-10.51077149007386
1,0,1,0
2.804502661847769e-15,0.6202621428289028,0.215474944394254,-8.927288703269417
1,0,1,0
1,0,1,0
1,0,1,0
1,0,1,0
1,0,1,0
1,0,1,0
1,0,1,0
3.978812118223991,1.255743225977174,0.1312291902757729,-13.44330034446825
1,0,1,0
1,0,1,0
2.093959926088373e-15,0.5715765460892825,0.224816559140528,-9.849583857736727
1,0,1,0
1,0,1,0
1,0,1,0
1,0,1,0
1,0,1,0
1,0,1,0
1,0,1,0
1,0,1,0
1,0,1,0
1,0,1,0
1,0,1,0
1,0,1,0
1,0,1,0
1,0,1,0
1.038263951005382e-15,0.5362728678698829,0.2319907443860073,-10.85471659026486
1,0,1,0
1,0,1,0
1,0,1,0
1,0,1,0
1,0,1,0
1,0,1,0
1,0,1,0
1,0,1,0
1,0,1,0
1,0,1,0
1,0,1,0
1,0,1,0
1,0,1,0
1,0,1,0
1,0,1,0
1,0,1,0
3.495970606225596,1.064204081380048,0.1511291431447915,-8.214675032611302
1,0,1,0
1,0,1,0
1,0,1,0
1,0,1,0
1,0,1,0
2.804502661847769e-15,0.6519445569292159,0.2097091532894996,-8.94497153270744
1.038263951005382e-15,0.5054920453138365,0.2385484270059151,-11.66663553764711
1,0,1,0
1,0,1,0
1,0,1,0
1,0,1,0
1,0,1,0
1,0,1,0
1,0,1,0
1,0,1,0
1,0,1,0
1,0,1,0
1,0,1,0
1,0,1,0
1,0,1,0
1,0,1,0
2.804502661847769e-15,0.5904310442331493,0.2211262425137985,-8.71664516181368
1,0,1,0
1,0,1,0
1,0,1,0
1,0,1,0
1,0,1,0
1,0,1,0
1.417318643400957e-14,0.3013184064233698,0.2915285382774508,-9.718333537721703
1,0,1,0
1,0,1,0
1,0,1,0
1,0,1,0
1,0,1,0
1,0,1,0
1,0,1,0
1,0,1,0
1,0,1,0
1,0,1,0
1,0,1,0
1,0,1,0
1,0,1,0
1,0,1,0
1,0,1,0
5.64667360488876e-15,0.3013177047318081,0.2915287576000387,-11.80437364512287
1,0,1,0
4.936130869128893e-15,0.6203568052003554,0.2154573629417095,-9.567982077451051
1,0,1,0
1,0,1,0
1,0,1,0
1,0,1,0
1.038263951005382e-15,0.3761006157388245,0.2698487723036793,-11.24255310061283
1,0,1,0
1,0,1,0
1,0,1,0
1,0,1,0
1,0,1,0
1,0,1,0
1,0,1,0
1,0,1,0
1,0,1,0
1,0,1,0
1,0,1,0
1,0,1,0
1,0,1,0
1,0,1,0
1,0,1,0
1,0,1,0
1,0,1,0
1,0,1,0
1,0,1,0
1,0,1,0
1,0,1,0
1,0,1,0
1,0,1,0
3.022577481011719,0.8640534093002046,0.1763034271795242,-10.67485165546288
1.038263951005382e-15,0.7148278049250578,0.198922870790107,-11.24868247650746
1,0,1,0
1,0,1,0
1,0,1,0
1,0,1,0
1,0,1,0
8.48884454792928e-15,0.5715765460892825,0.224816559140528,-17.48853866171464
1,0,1,0
3.12744538673139,0.9105004071854417,0.1699908404426828,-8.490230790738725
1,0,1,0
2.804502661847769e-15,0.6520960345050497,0.2096821439818268,-10.04617921153656
1,0,1,0
1,0,1,0
1,0,1,0
1,0,1,0
1,0,1,0
1,0,1,0
1,0,1,0
1,0,1,0
1,0,1,0
1,0,1,0
1,0,1,0
1,0,1,0
5.64667360488876e-15,0.543554977201488,0.2304815757162155,-12.64762193772656
1,0,1,0
1,0,1,0
3.541710035546411,1.083114021129219,0.1490009856693106,-15.37857043841886
1,0,1,0
1,0,1,0
1,0,1,0
1,0,1,0
1,0,1,0
1,0,1,0
1,0,1,0
1,0,1,0
1,0,1,0
1,0,1,0
1,0,1,0
1,0,1,0
1,0,1,0
1,0,1,0
1,0,1,0
1,0,1,0
1,0,1,0
1,0,1,0
1,0,1,0
1,0,1,0
1,0,1,0
1,0,1,0
1,0,1,0
1,0,1,0
1,0,1,0
8.48884454792928e-15,0.3140516479906132,0.2876022547208372,-14.6882918417915
1,0,1,0
1,0,1,0
1,0,1,0
1,0,1,0
1,0,1,0
1,0,1,0
1,0,1,0
1,0,1,0
1,0,1,0
1,0,1,0
1,0,1,0
1,0,1,0
1,0,1,0
1,0,1,0
1,0,1,0
1,0,1,0
1,0,1,0
1,0,1,0
1,0,1,0