dN/dS,LRT,p-value,Log(L)
1.028145822447522e-15,0.9342409806193643,0.1668816641628162,-4.080983283621896
5.840566125974614e-16,0.6128648423641101,0.2168555904903118,-3.839191535245556
2.804502661847769e-15,0.6223080980088884,0.2150954366987776,-4.279491964966724
4.0479524494288e-15,0.5929294407883781,0.2206442763584229,-9.871814008194836
9.682324783204268e-17,0.5929956493526829,0.2206315260576567,-3.950860729588925
2.804502661847769e-15,0.6930690990114279,0.2025612120717404,-4.535804578550917
4.0479524494288e-15,0.3761461012142622,0.2698365144761424,-4.650260504767244
1.028145822447522e-15,0.7857414140771795,0.1876954713687268,-4.070455609067668
1.028145822447522e-15,0.5055497424206692,0.2385358553616257,-3.918422391071059
9.682324783204268e-17,0.5929956493526829,0.2206315260576567,-3.950860729588925
5.982617223474093,1.893379298483559,0.08441063112914449,-23.49217819267094
3.038880156867397,0.8778157295945981,0.1744003160842339,-8.963719315354854
5.274824958899064,1.696278385312031,0.09638770164474281,-12.91003139666487
2.804502661847769e-15,0.6329399378203018,0.213139485887183,-4.222581699440577
1.028145822447522e-15,0.5780730284269513,0.2235343125271577,-4.306526498917949
2.804502661847769e-15,0.6930690990114279,0.2025612120717404,-4.535804578550917
1,0,1,0
1,0,1,0
1,0,1,0
1,0,1,0
1,0,1,0
1,0,1,0
1,0,1,0
1,0,1,0
1,0,1,0
1,0,1,0
1,0,1,0
1,0,1,0
1,0,1,0
1,0,1,0
1,0,1,0
1,0,1,0
1,0,1,0
1,0,1,0
1,0,1,0
1,0,1,0
1,0,1,0
1,0,1,0
2.804502661847769e-15,0.7964694795492839,0.186075518923195,-10.63662596182677
4.936130869128893e-15,0.6742212990573115,0.2057918650151989,-9.388528837097072
1,0,1,0
1,0,1,0
1,0,1,0
1,0,1,0
1,0,1,0
4.936130869128893e-15,0.6742212992183951,0.2057918649872654,-9.945542943738218
1,0,1,0
1,0,1,0
1,0,1,0
1,0,1,0
1,0,1,0
1.028145822447522e-15,0.685739448487066,0.2038086719856674,-11.87522191245514
1,0,1,0
1,0,1,0
1,0,1,0
1,0,1,0
1,0,1,0
4.936130869128893e-15,0.3900150171686576,0.2661457541136992,-13.22995451502367
1,0,1,0
1,0,1,0
4.988443159868351,3.208839160217138,0.03662071471494133,-16.01180528801303
1,0,1,0
1,0,1,0
1,0,1,0
1,0,1,0
2.804502661847769e-15,0.7801407743735247,0.1885490447460986,-9.947180100619354
2.583507165367294,0.6691226632869238,0.2066788269357454,-10.9208029734921
2.804502661847769e-15,0.7226299972957229,0.197641287568654,-11.01016802052179
1,0,1,0
2.375453820722977,0.5700873728895601,0.2251120994299165,-8.921767638371188
1,0,1,0
1,0,1,0
8.768026868116948,5.110261141664537,0.01189236995109527,-12.25081974439828
1,0,1,0
1,0,1,0
2.804502661847769e-15,0.7859796292689012,0.1876592863046126,-8.877566858207453
2.804502661847769e-15,0.7989781188709912,0.1856995354693859,-15.55023909224499
1,0,1,0
1,0,1,0
1,0,1,0
1,0,1,0
4.936130869128893e-15,0.3847175472673463,0.2675446180101527,-12.23188638254148
1,0,1,0
1,0,1,0
1,0,1,0
1,0,1,0
1.038263951005382e-15,0.4067178926184489,0.2618200459326867,-10.02039699788896
1,0,1,0
1,0,1,0
1,0,1,0
1,0,1,0
1,0,1,0
1,0,1,0
2.404917673873272,0.5842792042398486,0.2223199403828804,-9.7425349871933
1,0,1,0
8.460884765354677,4.977674909952071,0.01283823467502093,-16.29635347075642
1,0,1,0
1,0,1,0
2.722731870191788,0.7341355208005673,0.1957729904304822,-9.508715212114071
1,0,1,0
1,0,1,0
1,0,1,0
1,0,1,0
1,0,1,0
1,0,1,0
1,0,1,0
1,0,1,0
3.060987781218727,0.8848608630643895,0.1734368877905581,-17.34946711570951
1,0,1,0
1,0,1,0
1,0,1,0
2.800590364889675,0.7698845414627371,0.1901263863827654,-8.40163727188051
1,0,1,0
1,0,1,0
1,0,1,0
1,0,1,0
1,0,1,0
1,0,1,0
1,0,1,0
1,0,1,0
1,0,1,0
1.038263951005382e-15,0.7508803750672506,0.1930988209716825,-9.492580919720881
1,0,1,0
1,0,1,0
1,0,1,0
1,0,1,0
1,0,1,0
1,0,1,0
1,0,1,0
2.804502661847769e-15,0.5056888370380364,0.2385055524230941,-12.39465460197274
4.936130869128893e-15,0.5957863601281055,0.2200951259313635,-12.44930912893056
1,0,1,0
1,0,1,0
1.038263951005382e-15,0.3847030269349823,0.2675484705838062,-10.84525953200067
2.804502661847769e-15,0.7405427444323891,0.1947435366170483,-10.15453937433616
1,0,1,0
6.029706264642273,3.823429291169568,0.02527034879268003,-18.0442046388769
2.861684619954303,0.7973580305781773,0.185942225356533,-10.72904551817482
1,0,1,0
2.578449132186635,0.6693567596989141,0.2066379799116533,-10.4057813017106
1,0,1,0
1,0,1,0
1,0,1,0
2.804502661847769e-15,0.6742213107478641,0.205791862987943,-11.31576157264882
1,0,1,0
2.804502661847769e-15,0.6857394593589099,0.2038086701270189,-9.873101601044526
2.093959926088373e-15,0.7508803750674851,0.1930988209716454,-10.46735314780281
1,0,1,0
5.969027466961081,3.810641357722304,0.02546397312732535,-12.95822563960978
2.804502661847769e-15,0.7966916108696545,0.1860421839772875,-10.09543968497778
1,0,1,0
1,0,1,0
1,0,1,0
1,0,1,0
1,0,1,0
1,0,1,0
1,0,1,0
5.185382862676234,3.334459110139289,0.03392135487459985,-14.59086324634005
1,0,1,0
1,0,1,0
1,0,1,0
1,0,1,0
1,0,1,0
2.804502661847769e-15,0.6261070281846273,0.2143934438382029,-10.20910247662919
1,0,1,0
1,0,1,0
1,0,1,0
1,0,1,0
1,0,1,0
1,0,1,0
1,0,1,0
1,0,1,0
2.804502661847769e-15,0.369479487457653,0.2716440644368085,-10.80407141280655
1,0,1,0
1,0,1,0
1,0,1,0
1,0,1,0
1,0,1,0
1,0,1,0
5.249424335122293,1.690842501560915,0.09674497311213848,-17.4330109931026
1,0,1,0
2.804502661847769e-15,0.6857394488038082,0.2038086719315172,-11.87192443456614
1,0,1,0
1,0,1,0
1,0,1,0
1,0,1,0
1,0,1,0
1.028145822447522e-15,0.7863353148312484,0.1876052756286428,-10.82943773828847
1,0,1,0
1,0,1,0
1,0,1,0
1,0,1,0
1,0,1,0
1,0,1,0
4.936130869128893e-15,0.6424442991954535,0.2114135323224238,-10.98567786767629
1,0,1,0
1,0,1,0
1,0,1,0
1,0,1,0
1,0,1,0
1,0,1,0
2.364085483758311,0.5644563228113242,0.2262351370740358,-11.79626881446498
1,0,1,0
2.570932782445252,0.6634379191218116,0.2076744229684303,-8.92260612491652
1,0,1,0
1,0,1,0
1,0,1,0
2.989806845188311,0.8554277654218119,0.1775106851134194,-10.54870137388096
1,0,1,0
5.199966796273884,1.675737880300957,0.09774587600485607,-20.00570096084998
1,0,1,0
1,0,1,0
1,0,1,0
2.838337137461083,0.78812900327625,0.1873332370496226,-10.78221844565744
1,0,1,0
1,0,1,0
1,0,1,0
2.948741683070213,0.8373200474167604,0.18008218258816,-9.474846863844416
1,0,1,0
1,0,1,0
1,0,1,0
1,0,1,0
1,0,1,0
1,0,1,0
1,0,1,0
1,0,1,0
1,0,1,0
1,0,1,0
1,0,1,0
3.136308183259573,0.919397863705484,0.1688165616625764,-8.976048996270436
1,0,1,0
4.936130869128893e-15,0.7094983053340052,0.1998052063656356,-9.182177407291164
1,0,1,0
4.936130869128893e-15,0.8214997880020256,0.1823710138879073,-9.568063800953279
1,0,1,0
5.208061054958717,3.347392176651091,0.03365578622602106,-16.79640655136355
1,0,1,0
1,0,1,0
2.935306767197684,0.8312998386613089,0.1809484681433822,-17.8962350952798
1,0,1,0
2.804502661847769e-15,0.8383363030384245,0.179936511451256,-11.2616887536145
6.002005144238754,3.810545722181104,0.0254654270563387,-14.66496569826439
1,0,1,0
1,0,1,0
8.034954556496796,7.18300483113044,0.003679867310368679,-31.5835741518903
1,0,1,0
1,0,1,0
4.936130869128893e-15,0.6628190458475949,0.2077832373895017,-11.34449150278259
1,0,1,0
1,0,1,0
1,0,1,0
2.52966368509133,0.64353294842876,0.2112171767404244,-9.920253942144841
1,0,1,0
1,0,1,0
2.093959926088373e-15,0.6878235381314397,0.2034528320645139,-12.73072048283725
1,0,1,0
1,0,1,0
1,0,1,0
1,0,1,0
1,0,1,0
2.804502661847769e-15,0.6424442929939111,0.211413533441751,-10.98567676572081
5.837313914072864,3.702583016946924,0.0271641511096492,-20.40252298869542
1,0,1,0
1,0,1,0
1,0,1,0
1,0,1,0
1,0,1,0
1,0,1,0
2.804502661847769e-15,0.750880375067247,0.1930988209716831,-9.490278385026089
1,0,1,0
1,0,1,0
1,0,1,0
1,0,1,0
1,0,1,0
1,0,1,0
1,0,1,0
1,0,1,0
2.371682828731397,0.5681958501166626,0.2254883647286739,-10.9761492800646
1.028145822447522e-15,0.8380263397077314,0.1799809247101902,-10.70441783155514
1,0,1,0
1,0,1,0
1,0,1,0
1,0,1,0
1,0,1,0
1,0,1,0
2.804502661847769e-15,0.5053755362472891,0.2385738165033306,-10.53162942226201
1,0,1,0
1,0,1,0
1,0,1,0
1,0,1,0
5.359178097484057,3.443353282633655,0.03175333818503939,-14.68999426676987
2.837292927015451,0.7864083846299401,0.1875941827177486,-9.974246978200689
1,0,1,0
1,0,1,0
1,0,1,0
1,0,1,0
1,0,1,0
2.804502661847769e-15,0.642390454996864,0.2114232510897894,-9.746590814447412
1,0,1,0
1,0,1,0
1,0,1,0
1,0,1,0
1,0,1,0
1,0,1,0
2.975541053231495,0.850614221338585,0.1781893178275807,-12.06470050017629
1,0,1,0
1,0,1,0
1,0,1,0
1.028145822447522e-15,0.6878236215735392,0.2034528178357305,-11.74816612293323
1,0,1,0
4.936130869128893e-15,0.4817398371594095,0.2438176485438769,-11.33287281028651
1,0,1,0
1,0,1,0
1,0,1,0
1,0,1,0
1,0,1,0
1,0,1,0
1,0,1,0
1,0,1,0
1,0,1,0
1,0,1,0
1,0,1,0
1,0,1,0
1,0,1,0
1,0,1,0
1,0,1,0
1,0,1,0
1,0,1,0
4.936130869128893e-15,0.6742213107478143,0.2057918629879517,-9.668968083191569
1.038263951005382e-15,0.3847029869652907,0.2675484811888111,-11.00140046967006
1,0,1,0
1,0,1,0
1,0,1,0
1,0,1,0
1,0,1,0
1,0,1,0
1,0,1,0
1,0,1,0
1,0,1,0
1.028145822447522e-15,0.6878234617864329,0.2034528450830823,-10.42917829565785
1,0,1,0
1,0,1,0
1,0,1,0
1,0,1,0
2.591763775751049,0.6733069512180201,0.2059505119153491,-9.073627029589508
2.804502661847769e-15,0.773790611537347,0.1895234724271859,-4.368124125160556
1.028145822447522e-15,0.7357877735556819,0.1955067773216411,-3.599541412104152
1.028145822447522e-15,0.5780730284269513,0.2235343125271577,-4.306526498917949
2.804502661847769e-15,0.773790611537347,0.1895234724271859,-4.368124125160556
2.449231293967717e-15,0.6930690836404079,0.2025612146760731,-4.255881333314294
2.449231293967717e-15,0.5929958975655714,0.2206314782594941,-3.979650346907893
2.449231293967717e-15,0.6930690836404079,0.2025612146760731,-4.255881333314294
1.028145822447522e-15,0.7737906114163167,0.1895234724458253,-4.339334383735144
1.028145822447522e-15,0.5780730284269513,0.2235343125271577,-4.306526498917949
1.028145822447522e-15,0.7357877735556819,0.1955067773216411,-3.599541412104152
9.682324783204268e-17,0.6836087650144727,0.2041734109612915,-3.51484223334496
2.449231293967717e-15,0.6550782414003313,0.2091514527724909,-3.536809408470297
1.028145822447522e-15,0.7737906114163167,0.1895234724458253,-4.339334383735144
2.804502661847769e-15,0.3865780623168522,0.2670518121295031,-4.550559542061311
9.682324783204268e-17,0.6836220216614795,0.2041711386770893,-4.095504148829749
1.028145822447522e-15,0.7348471510794905,0.1956582679828677,-4.059411138498521
1.028145822447522e-15,0.9342409806193643,0.1668816641628162,-4.080983283621896
1.028145822447522e-15,0.6329399201881625,0.2131394891087167,-3.942658454203954
1.028145822447522e-15,0.7258399108860853,0.1971174839544171,-3.821911430510404
1.028145822447522e-15,0.7737906114163167,0.1895234724458253,-4.339334383735144
2.804502661847769e-15,0.3865780623168522,0.2670518121295031,-4.550559542061311
1.028145822447522e-15,0.5055497424206692,0.2385358553616257,-3.918422391071059
1.028145822447522e-15,0.7737906114163167,0.1895234724458253,-4.339334383735144
1.028145822447522e-15,0.5780730284269513,0.2235343125271577,-4.306526498917949
1.028145822447522e-15,0.7575827628042635,0.1920430255484142,-4.35649025281018
2.804502661847769e-15,0.6676483404837246,0.2069363529937611,-4.337432949823505
1.038263951005382e-15,0.4447022501128739,0.2524307838716849,-4.059153161113975
2.449231293967717e-15,0.6550782414003313,0.2091514527724909,-3.536809408470297
2.804502661847769e-15,0.555490388331993,0.2280414809131842,-4.632315539111572
1.028145822447522e-15,0.6834499060841992,0.2042006434051274,-9.725923862613234
2.804502661847769e-15,0.773790611537347,0.1895234724271859,-4.368124125160556
2.804502661847769e-15,0.6223080799759382,0.215095440039279,-3.999568719730101
1.028145822447522e-15,0.7348471510794905,0.1956582679828677,-4.059411138498521
1.038263951005382e-15,0.4447022501128739,0.2524307838716849,-4.059153161113975
2.449231293967717e-15,0.6930690836404079,0.2025612146760731,-4.255881333314294
1.038263951005382e-15,0.693069083883028,0.2025612146349656,-9.72989615741654
2.449231293967717e-15,0.7258392447542032,0.1971175924484632,-3.79312202205449
1.028145822447522e-15,0.5747491671647325,0.2241889357176426,-4.766892648597903
5.840566125974614e-16,0.6128515857294987,0.2168580767865929,-3.258529619760766
1.028145822447522e-15,0.7857414140771795,0.1876954713687268,-4.070455609067668
2.804502661847769e-15,0.6223080980088884,0.2150954366987776,-4.279491964966724
1.038263951005382e-15,0.4447022501128739,0.2524307838716849,-4.059153161113975
2.449231293967717e-15,0.6930690836404079,0.2025612146760731,-4.255881333314294
2.449231293967717e-15,0.6930690836404079,0.2025612146760731,-4.255881333314294
2.449231293967717e-15,0.5929958975655714,0.2206314782594941,-3.979650346907893
1.028145822447522e-15,0.6550789075321513,0.2091513344560636,-3.565598816926211
1.038263951005382e-15,0.4447022501128739,0.2524307838716849,-4.059153161113975
2.449231293967717e-15,0.5929958975655714,0.2206314782594941,-3.979650346907893
3.091956052400434,0.8970600211196356,0.171785626331876,-14.79679194440039
2.449231293967717e-15,0.7736335019866445,0.189547670653661,-11.38256182160258
5.840566125974614e-16,0.6128515857294987,0.2168580767865929,-3.258529619760766
4.936130869128893e-15,0.3550896874187224,0.2756230129954719,-5.177467546946042
2.804502661847769e-15,0.6549602240091055,0.2091724162552688,-9.866749169350152
1.028145822447522e-15,0.7575827628042635,0.1920430255484142,-4.35649025281018
2.804502661847769e-15,0.3409016881312166,0.2796546061710561,-4.069598589272212
2.449231293967717e-15,0.5929958975655714,0.2206314782594941,-3.979650346907893
9.682324783204268e-17,0.6836220216614795,0.2041711386770893,-4.095504148829749
5.840566125974614e-16,0.6128515857294987,0.2168580767865929,-3.258529619760766
1.028145822447522e-15,0.6223080867652193,0.2150954387816033,-4.580237190959654
1.028145822447522e-15,0.6550789075321513,0.2091513344560636,-3.565598816926211
9.682324783204268e-17,0.6836220216614795,0.2041711386770893,-4.095504148829749
5.840566125974614e-16,0.6128515857294987,0.2168580767865929,-3.258529619760766
4.936130869128893e-15,0.5775372064546076,0.2236396398697851,-9.097351165528668
2.804502661847769e-15,0.6676483404837246,0.2069363529937611,-4.337432949823505
1.038263951005382e-15,0.4447022501128739,0.2524307838716849,-4.059153161113975
4.0479524494288e-15,0.5929518334385442,0.2206399639038408,-10.28141773931887
9.682324783204268e-17,0.6836087650144727,0.2041734109612915,-3.51484223334496
5.840566125974614e-16,0.6128515857294987,0.2168580767865929,-3.258529619760766
9.682324783204268e-17,0.6836087650144727,0.2041734109612915,-3.51484223334496
1.028145822447522e-15,0.5780730284269513,0.2235343125271577,-4.306526498917949
2.804502661847769e-15,0.4618813922730247,0.2483730061266488,-4.352392293874948
9.682324783204268e-17,0.6836087650144727,0.2041734109612915,-3.51484223334496
1.028145822447522e-15,0.6329399201881625,0.2131394891087167,-3.942658454203954
9.682324783204268e-17,0.6836087650144727,0.2041734109612915,-3.51484223334496
6.728744545674702e-16,0.7737902948273501,0.1895235212029067,-4.640079609728074
2.287852447174094e-16,0.718630346963737,0.1982967740086518,-3.77582833732493
9.682324783204268e-17,0.5929956493526829,0.2206315260576567,-3.950860729588925
4.936130869128893e-15,0.4447161794295127,0.2524274480376326,-4.639815076598766
1.028145822447522e-15,0.7258399108860853,0.1971174839544171,-3.821911430510404
4.936130869128893e-15,0.5738639881800083,0.2243637714628289,-13.26831585524915
2.804502661847769e-15,0.6834519264810694,0.2042002970244866,-9.738705280758673
5.840566125974614e-16,0.6128515857294987,0.2168580767865929,-3.258529619760766
2.804502661847769e-15,0.5055497424185376,0.2385358553620902,-3.889632982615145
2.804502661847769e-15,0.6329399378203018,0.213139485887183,-4.222581699440577
9.682324783204268e-17,0.6836087650144727,0.2041734109612915,-3.51484223334496
1.028145822447522e-15,0.7258399108860853,0.1971174839544171,-3.821911430510404
2.804502661847769e-15,0.6223080980088884,0.2150954366987776,-4.279491964966724
5.840566125974614e-16,0.6128515857294987,0.2168580767865929,-3.258529619760766
1.028145822447522e-15,0.7357877735556819,0.1955067773216411,-3.599541412104152
2.449231293967717e-15,0.7258392447542032,0.1971175924484632,-3.79312202205449
1.028145822447522e-15,0.5747491682518984,0.2241889355030418,-4.795682389479735
2.804502661847769e-15,0.3865780623168522,0.2670518121295031,-4.550559542061311
1.038263951005382e-15,0.5343094642097661,0.2324003424484906,-11.83079314003502
1.028145822447522e-15,0.5055497424206692,0.2385358553616257,-3.918422391071059
1.028145822447522e-15,0.6550789075321513,0.2091513344560636,-3.565598816926211
1.028145822447522e-15,0.6930690880567596,0.2025612139278046,-9.488820600299336
9.682324783204268e-17,0.6836220216614795,0.2041711386770893,-4.095504148829749
1.028145822447522e-15,0.5747491671647325,0.2241889357176426,-4.766892648597903
1.028145822447522e-15,0.5747491671647325,0.2241889357176426,-4.766892648597903
2.804502661847769e-15,0.6329399378203018,0.213139485887183,-4.222581699440577
2.804502661847769e-15,0.6930690990114279,0.2025612120717404,-4.564594319976329
4.936130869128893e-15,0.3550896874187224,0.2756230129954719,-5.177467546946042
9.682324783204268e-17,0.6836220216614795,0.2041711386770893,-4.095504148829749
1.028145822447522e-15,0.6545433562939529,0.2092464896841543,-8.356423483536927
1.038263951005382e-15,0.4447022501128739,0.2524307838716849,-4.059153161113975
2.804502661847769e-15,0.6676483404837246,0.2069363529937611,-4.337432949823505
2.804502661847769e-15,0.6223080799759382,0.215095440039279,-3.999568719730101
9.682324783204268e-17,0.5929956493526829,0.2206315260576567,-3.950860729588925
2.449231293967717e-15,0.7258392447542032,0.1971175924484632,-3.79312202205449
2.804502661847769e-15,0.3550896272805026,0.275623029851486,-4.596799065013056
2.804502661847769e-15,0.6223080980088884,0.2150954366987776,-4.279491964966724
1.028145822447522e-15,0.7258399108860853,0.1971174839544171,-3.821911430510404
2.804502661847769e-15,0.4618813922730247,0.2483730061266488,-4.352392293874948
9.682324783204268e-17,0.6836087650144727,0.2041734109612915,-3.51484223334496
1.028145822447522e-15,0.9342409806193643,0.1668816641628162,-4.080983283621896
1.028145822447522e-15,0.6550789075321513,0.2091513344560636,-3.565598816926211
5.840566125974614e-16,0.6128515857294987,0.2168580767865929,-3.258529619760766
4.936130869128893e-15,0.3550896874187224,0.2756230129954719,-5.177467546946042
2.804502661847769e-15,0.5780723620892054,0.2235344434623427,-4.277737090462034
9.682324783204268e-17,0.6836087650144727,0.2041734109612915,-3.51484223334496
2.287852447174094e-16,0.718630346963737,0.1982967740086518,-3.77582833732493
2.804502661847769e-15,0.6223080799759382,0.215095440039279,-3.999568719730101
4.0479524494288e-15,0.7502970083984657,0.1931911062494162,-10.1903352524624
5.840566125974614e-16,0.6128648423641101,0.2168555904903118,-3.839191535245556
1.038263951005382e-15,0.4447022501128739,0.2524307838716849,-4.059153161113975
4.936130869128893e-15,0.3550896874187224,0.2756230129954719,-5.177467546946042
1.028145822447522e-15,0.7575827628042635,0.1920430255484142,-4.35649025281018
9.682324783204268e-17,0.6836087650144727,0.2041734109612915,-3.51484223334496
2.449231293967717e-15,0.6550782414003313,0.2091514527724909,-3.536809408470297
2.804502661847769e-15,0.6930690990114279,0.2025612120717404,-4.535804578550917
9.682324783204268e-17,0.6836220216614795,0.2041711386770893,-4.095504148829749
1.028145822447522e-15,0.7258399108860853,0.1971174839544171,-3.821911430510404
1.028145822447522e-15,0.9342409806193643,0.1668816641628162,-4.080983283621896
2.804502661847769e-15,0.773790611537347,0.1895234724271859,-4.368124125160556
2.449231293967717e-15,0.6550782414003313,0.2091514527724909,-3.536809408470297
1.028145822447522e-15,0.7737906114163167,0.1895234724458253,-4.339334383735144
1.028145822447522e-15,0.6670288767238031,0.2070446988059649,-4.423279183212515
1.028145822447522e-15,0.5780730284269513,0.2235343125271577,-4.306526498917949
6.614927516334181,4.125232753261624,0.02112410429542122,-13.97324861641986
1.028145822447522e-15,0.7357877735556819,0.1955067773216411,-3.599541412104152
1.038263951005382e-15,0.5055497423297837,0.238535855381428,-16.96976503278813
2.449231293967717e-15,0.6676490075099881,0.2069362363743239,-4.366222358279419
5.840566125974614e-16,0.6128515857294987,0.2168580767865929,-3.258529619760766
2.449231293967717e-15,0.6670286280953626,0.2070447423085579,-4.394489774756601
1.028145822447522e-15,0.7258399108860853,0.1971174839544171,-3.821911430510404
2.449231293967717e-15,0.6550782414003313,0.2091514527724909,-3.536809408470297
2.921049571345955,0.8250921626262766,0.1818477657361451,-16.38073490853608
2.804502661847769e-15,0.6669626937088786,0.2070562793450939,-10.31950069767805
1.028145822447522e-15,0.7357877735556819,0.1955067773216411,-3.599541412104152
4.936130869128893e-15,0.7737873016830186,0.1895239821705135,-11.41184779418476
2.804502661847769e-15,0.4618813922730247,0.2483730061266488,-4.352392293874948
2.449231293967717e-15,0.5929958975655714,0.2206314782594941,-3.979650346907893
2.287852447174094e-16,0.718630346963737,0.1982967740086518,-3.77582833732493
2.449231293967717e-15,0.6550782414003313,0.2091514527724909,-3.536809408470297
1.028145822447522e-15,0.7348471510794905,0.1956582679828677,-4.059411138498521
2.804502661847769e-15,0.6223080980088884,0.2150954366987776,-4.279491964966724
2.804502661847769e-15,0.5055497424185376,0.2385358553620902,-3.889632982615145
1.028145822447522e-15,0.7258399108860853,0.1971174839544171,-3.821911430510404
2.804502661847769e-15,0.6676483404837246,0.2069363529937611,-4.337432949823505
2.449231293967717e-15,0.7258392447542032,0.1971175924484632,-3.79312202205449
1.028145822447522e-15,0.6329399201881625,0.2131394891087167,-3.942658454203954
1.028145822447522e-15,0.5055497424206692,0.2385358553616257,-3.918422391071059
2.287852447174094e-16,0.718630346963737,0.1982967740086518,-3.77582833732493
2.777494822915747,0.7593927522414496,0.1917593130748653,-10.48315760595232
9.682324783204268e-17,0.6836087650144727,0.2041734109612915,-3.51484223334496
2.449231293967717e-15,0.6930690836404079,0.2025612146760731,-4.255881333314294
2.804502661847769e-15,0.3409016881312166,0.2796546061710561,-4.069598589272212
1.028145822447522e-15,0.6550789075321513,0.2091513344560636,-3.565598816926211
1.028145822447522e-15,0.6546899791027805,0.2092204317565378,-15.22582527913569
4.936130869128893e-15,0.6563926269235907,0.208918188913069,-12.67685114029266
1.028145822447522e-15,0.5780730284269513,0.2235343125271577,-4.306526498917949
4.936130869128893e-15,0.4447161794295127,0.2524274480376326,-4.639815076598766
2.449231293967717e-15,0.5929958975655714,0.2206314782594941,-3.979650346907893
5.840566125974614e-16,0.6128515857294987,0.2168580767865929,-3.258529619760766
1.028145822447522e-15,0.7737906114163167,0.1895234724458253,-4.339334383735144
2.804502661847769e-15,0.6329399378203018,0.213139485887183,-4.222581699440577
9.682324783204268e-17,0.6836220216614795,0.2041711386770893,-4.095504148829749
4.936130869128893e-15,0.3550896874187224,0.2756230129954719,-5.177467546946042
4.936130869128893e-15,0.6126373935141274,0.2168982547827496,-9.191271479699703
2.804502661847769e-15,0.4618813922730247,0.2483730061266488,-4.352392293874948
1.028145822447522e-15,0.7348471510794905,0.1956582679828677,-4.059411138498521
1.028145822447522e-15,0.5055497424206692,0.2385358553616257,-3.918422391071059
5.840566125974614e-16,0.6128515857294987,0.2168580767865929,-3.258529619760766
2.449231293967717e-15,0.7258392447542032,0.1971175924484632,-3.79312202205449
2.804502661847769e-15,0.3865780623168522,0.2670518121295031,-4.550559542061311
2.449231293967717e-15,0.5929958975655714,0.2206314782594941,-3.979650346907893
2.804502661847769e-15,0.3550896272805026,0.275623029851486,-4.596799065013056
2.804502661847769e-15,0.3865780623168522,0.2670518121295031,-4.550559542061311
9.682324783204268e-17,0.5929956493526829,0.2206315260576567,-3.950860729588925
2.804502661847769e-15,0.555490388730858,0.2280414808323222,-4.661105280536983
2.804502661847769e-15,0.5780723620892054,0.2235344434623427,-4.277737090462034
2.804502661847769e-15,0.6930690990114279,0.2025612120717404,-4.564594319976329
2.728175582102767,0.7363911404651518,0.1954096913502244,-9.476851853306252
2.804502661847769e-15,0.4618813922730247,0.2483730061266488,-4.352392293874948
2.804502661847769e-15,0.6668948896749534,0.2070681445193974,-9.614771042512071
2.804502661847769e-15,0.5780723620892054,0.2235344434623427,-4.277737090462034
4.0479524494288e-15,0.3761461012142622,0.2698365144761424,-4.650260504767244
1.028145822447522e-15,0.5747491671647325,0.2241889357176426,-4.766892648597903
2.449231293967717e-15,0.6670286280953626,0.2070447423085579,-4.394489774756601
2.804502661847769e-15,0.6329399378203018,0.213139485887183,-4.222581699440577
2.804502661847769e-15,0.6329399378203018,0.213139485887183,-4.222581699440577
4.0479524494288e-15,0.3761461012142622,0.2698365144761424,-4.650260504767244
4.936130869128893e-15,0.3563064841040493,0.2752823549350623,-11.50702288827666
6.728744545674702e-16,0.7737902948273501,0.1895235212029067,-4.640079609728074
1.028145822447522e-15,0.5780730284269513,0.2235343125271577,-4.306526498917949
4.936130869128893e-15,0.5929198246861134,0.220646128300711,-9.734967964089519
1.028145822447522e-15,0.9342409806193643,0.1668816641628162,-4.080983283621896
2.804502661847769e-15,0.3865780623168522,0.2670518121295031,-4.550559542061311
2.804502661847769e-15,0.6930690990114279,0.2025612120717404,-4.564594319976329
1.028145822447522e-15,0.6670288767238031,0.2070446988059649,-4.423279183212515
1.038263951005382e-15,0.4447022501128739,0.2524307838716849,-4.059153161113975
5.840566125974614e-16,0.6128515857294987,0.2168580767865929,-3.258529619760766
2.804502661847769e-15,0.773790611537347,0.1895234724271859,-4.368124125160556
1.028145822447522e-15,0.6550789075321513,0.2091513344560636,-3.565598816926211
9.682324783204268e-17,0.5929956493526829,0.2206315260576567,-3.950860729588925
1.028145822447522e-15,0.7571539416227147,0.1921103297662896,-10.40332084598895
1.028145822447522e-15,0.6670288767238031,0.2070446988059649,-4.423279183212515
1.028145822447522e-15,0.6550789075321513,0.2091513344560636,-3.565598816926211
9.682324783204268e-17,0.5929956493526829,0.2206315260576567,-3.950860729588925
1.028145822447522e-15,0.6670288767238031,0.2070446988059649,-4.423279183212515
9.682324783204268e-17,0.5929956493526829,0.2206315260576567,-3.950860729588925