dN/dS,LRT,p-value,Log(L)
1.028145822447522e-15,0.9383734876298462,0.1663482451961169,-4.081295346604574
5.840566125974614e-16,0.6268727499868216,0.2142523677105778,-3.837656614966492
4.936130869128893e-15,0.6257074833575693,0.2144671114454689,-10.2370938315847
1.20578150638828e-15,0.6113917912146629,0.2171321284840215,-4.02608665904371
5.840566125974614e-16,0.611390638623126,0.2171323450718184,-3.973749358309907
5.840566125974614e-16,0.6860556764591266,0.2037546202101103,-4.505714675210434
2.449231293967717e-15,0.4071283224034996,0.2617153329447062,-4.611621754518376
5.840566125974614e-16,0.7906149709572681,0.1869571183052825,-4.082430638788665
2.287852447174094e-16,0.5292118028902548,0.2334692112706209,-3.940561494823444
3.336775748568995,1.000631615718465,0.1585788618279968,-11.6733453140972
2.804502661847769e-15,0.3650648263907819,0.2728533638092297,-4.107479566153692
4.936130869128893e-15,0.6815138897766495,0.2045329543365172,-11.41693707753407
4.936130869128893e-15,0.3810266266900193,0.2685271573425434,-5.075245010079311
4.936130869128893e-15,0.6343362522174534,0.2128845975378758,-4.225278906132298
2.804502661847769e-15,0.6201725987956834,0.2154915772288507,-4.31986512651166
5.840566125974614e-16,0.6860556764591266,0.2037546202101103,-4.505714675210434
1,0,1,0
1,0,1,0
1,0,1,0
2.003406509166647,0.386344925384293,0.2671134743263545,-13.69568597521041
1.816879632272761,0.2929913054439233,0.2941549887267291,-10.54223027469915
1,0,1,0
1,0,1,0
1,0,1,0
1,0,1,0
1,0,1,0
1,0,1,0
1,0,1,0
1,0,1,0
2.804502661847769e-15,1.065336150853923,0.1510006401165443,-14.41097581241703
1,0,1,0
1,0,1,0
1,0,1,0
1,0,1,0
1.028145822447522e-15,1.07307065271246,0.1501264434005216,-16.82565983143224
1,0,1,0
1,0,1,0
1,0,1,0
1,0,1,0
1,0,1,0
1,0,1,0
2.804502661847769e-15,0.9921671681659632,0.1596066379812487,-12.44813740750117
1,0,1,0
1,0,1,0
1,0,1,0
2.804502661847769e-15,0.9786701337830621,0.1612636747185207,-10.2049416992149
1,0,1,0
1,0,1,0
1,0,1,0
1,0,1,0
1,0,1,0
1,0,1,0
4.936130869128893e-15,0.9786702367354287,0.1612636619927908,-11.42271668384673
1,0,1,0
1,0,1,0
1,0,1,0
1,0,1,0
1,0,1,0
1,0,1,0
1,0,1,0
1.641750076184246,0.2083953640430103,0.3240140093764061,-11.27357278922858
4.509736865272884,2.891143593170113,0.04453384147060407,-24.86838786946
2.256312640416012,0.5113569293347453,0.2372760205388911,-9.350596013792829
1,0,1,0
1.702217967658372,0.2373751614688544,0.3130541862055782,-8.752439484881142
1.82329866557959,0.2962125679250605,0.2931333005298972,-8.099272447827575
1,0,1,0
2.804502661847769e-15,1.065182899001098,0.1510180277279175,-13.5619324597447
1.753723532041509,0.2619971514213155,0.304375696601326,-9.095430566597063
2.804502661847769e-15,1.235120137766824,0.1332067995801088,-8.301831170803458
1,0,1,0
1,0,1,0
2.804502661847769e-15,0.7462238114544775,0.1938372171824301,-10.59197440726219
1,0,1,0
2.207541261187249,0.4873306002567368,0.2425602425352447,-15.47797234351303
1,0,1,0
1.028145822447522e-15,1.109435677058489,0.1461023263821657,-10.85652626669789
9.682324783204268e-17,0.9791981461987778,0.1611984256031969,-7.963288070600416
1,0,1,0
1,0,1,0
1,0,1,0
1,0,1,0
1,0,1,0
1,0,1,0
1,0,1,0
1,0,1,0
1,0,1,0
1,0,1,0
1,0,1,0
1,0,1,0
1,0,1,0
4.936130869128893e-15,1.065448940780509,0.150987844874503,-8.625071581848884
1,0,1,0
2.804502661847769e-15,1.180323020602049,0.1386451224289899,-8.616480970203654
4.936130869128893e-15,0.9698691579142853,0.1623564063781505,-10.7044852553326
2.70436375522939,0.7243334904221932,0.1973630570742921,-10.21141221654999
1,0,1,0
1,0,1,0
1,0,1,0
1,0,1,0
1,0,1,0
1,0,1,0
1,0,1,0
4.936130869128893e-15,0.9921672653131424,0.1596066261352562,-10.74944881729367
1.028145822447522e-15,1.07452511041166,0.1499627814591084,-9.636593728303067
1,0,1,0
1,0,1,0
1,0,1,0
1.028145822447522e-15,1.073070796894754,0.1501264271651033,-9.568674805040166
1,0,1,0
1,0,1,0
1.028145822447522e-15,1.056125795917854,0.1520502336298132,-8.608403198847673
1,0,1,0
1,0,1,0
1,0,1,0
1,0,1,0
1,0,1,0
1,0,1,0
1,0,1,0
1,0,1,0
1,0,1,0
1,0,1,0
1,0,1,0
1,0,1,0
1,0,1,0
1,0,1,0
1,0,1,0
1,0,1,0
1,0,1,0
1,0,1,0
1,0,1,0
1,0,1,0
2.449231293967717e-15,0.9786702345229337,0.1612636622662727,-10.74227436154802
4.936130869128893e-15,0.5977024116611034,0.2197280026724931,-13.08554633410484
1.028145822447522e-15,1.074690325963342,0.149944205214684,-10.25650002599783
1,0,1,0
4.379085439151091,2.793385221034683,0.04732703888702777,-13.99170009085236
1.948105393560876,0.3560832380277432,0.2753447964391111,-17.09583720301414
1.028145822447522e-15,1.074099365339499,0.1500106643656451,-8.7191387787016
5.676627197236041,5.402521141465215,0.01005384258498188,-17.27716452286407
1,0,1,0
1,0,1,0
1,0,1,0
1,0,1,0
1,0,1,0
1,0,1,0
1,0,1,0
1,0,1,0
1,0,1,0
1,0,1,0
1,0,1,0
1,0,1,0
1,0,1,0
8.084858944123845,9.579523709965869,0.0009837972162498598,-30.24738851258937
1,0,1,0
1,0,1,0
1.028145822447522e-15,1.162356603083737,0.1404886687074836,-15.84188731370239
1,0,1,0
1,0,1,0
1,0,1,0
1.910957642365091,0.3391202553194255,0.280168733960228,-11.17510235832232
1,0,1,0
1,0,1,0
1,0,1,0
1,0,1,0
1,0,1,0
1,0,1,0
1,0,1,0
1,0,1,0
1,0,1,0
1,0,1,0
4.267603764319674,2.707476756286525,0.04993942916532329,-17.131445527803
7.175752056769888,4.395111455252341,0.01802105190513881,-13.76999626079331
3.816641256258288,2.377927154371264,0.06153036929972783,-15.51020443577887
1,0,1,0
1,0,1,0
1,0,1,0
4.936130869128893e-15,1.005082562432271,0.1580418970163864,-12.67048130048822
1.900129058680786,0.3343891299300061,0.2815429839089651,-15.75152241798963
1,0,1,0
1.028145822447522e-15,1.056076975324594,0.1520558222013501,-8.540008032031187
1.028145822447522e-15,0.992167168053637,0.1596066379949457,-10.1627442752607
1,0,1,0
1,0,1,0
1,0,1,0
1,0,1,0
1.901338360205514,0.3344311088130354,0.2815307333752773,-8.7884289914925
1.724334370845767,0.247685928101852,0.3093546102469078,-15.41883948928663
1,0,1,0
1,0,1,0
1,0,1,0
1,0,1,0
1,0,1,0
1,0,1,0
1,0,1,0
1,0,1,0
1,0,1,0
1,0,1,0
1,0,1,0
1,0,1,0
1,0,1,0
1,0,1,0
5.64667360488876e-15,0.9786701321721267,0.1612636749176451,-16.49902347544156
1,0,1,0
1,0,1,0
1,0,1,0
1,0,1,0
2.089491532278698,0.4280782796017668,0.2564667084267395,-11.73742002025807
1,0,1,0
1,0,1,0
1,0,1,0
2.03553224905492,0.4011317870656796,0.2632526665549526,-14.20048287737874
2.899717168162985,0.8132326613170626,0.1835831180782667,-8.873719464816611
1,0,1,0
1,0,1,0
1,0,1,0
1.939046461114061,0.3530747960170544,0.2761888511391897,-9.529067826469072
1,0,1,0
1,0,1,0
1,0,1,0
1,0,1,0
1,0,1,0
1,0,1,0
1,0,1,0
1.633270698645143,0.2044047178051613,0.3255943658332194,-10.39079365831847
1,0,1,0
1,0,1,0
1,0,1,0
1,0,1,0
1,0,1,0
1.038263951005382e-15,1.005083095301526,0.1580418328734493,-10.15755981068101
1.817129941729137,0.2930035277346654,0.2941510984794786,-8.280499932899057
1,0,1,0
1.038263951005382e-15,1.178531492269059,0.1388275787303316,-16.13407361089802
4.897931067193561,3.14290328048876,0.03812897627942335,-18.62656189584889
1,0,1,0
2.449231293967717e-15,1.005083066342582,0.158041836359316,-10.6950797972545
1,0,1,0
2.804502661847769e-15,0.9921671056165593,0.159606645608437,-9.386208163043795
1.028145822447522e-15,1.180966972293032,0.1385796135906517,-9.207877601360506
1.028145822447522e-15,1.180323827666772,0.1386450403023707,-9.519414561735399
5.435070973908491,2.695252925940729,0.05032375828802077,-24.77277673031564
1,0,1,0
2.804502661847769e-15,1.235710994103886,0.1331496269253079,-8.813045847124975
3.399841216894454,1.063878155068984,0.1511661657260857,-16.72091442763041
1,0,1,0
1,0,1,0
1,0,1,0
2.43911678080036,0.5984694818311453,0.2195812923451743,-10.81292051921148
1,0,1,0
1,0,1,0
1,0,1,0
1,0,1,0
1,0,1,0
1,0,1,0
1,0,1,0
1,0,1,0
1,0,1,0
1,0,1,0
1,0,1,0
1,0,1,0
6.0042085392746,5.649867770537568,0.008728344222021345,-30.2795064440715
1,0,1,0
4.180878550902412,2.653267205524845,0.05166865505424073,-15.73798962112536
1,0,1,0
1,0,1,0
4.936130869128893e-15,0.5956553060787861,0.2201202708356078,-11.07018887151094
1,0,1,0
1,0,1,0
1,0,1,0
2.804502661847769e-15,1.005719318472241,0.1579652732544503,-9.756453753157146
1,0,1,0
1,0,1,0
1,0,1,0
1,0,1,0
3.978558992293063,2.50242414491855,0.05683560387736097,-16.98830822124835
2.804502661847769e-15,0.6926052268034475,0.202639828836489,-9.848219506617346
1.910994925283692,0.3391350367863453,0.280164460542222,-10.66563098156245
1,0,1,0
2.065504295009673,0.4154127024175516,0.2596174687698538,-10.63377181396253
1,0,1,0
4.936130869128893e-15,0.7333528476241398,0.1958992771508204,-12.33705419679167
1,0,1,0
1,0,1,0
1.028145822447522e-15,1.180391518931387,0.1386381522812198,-8.952261694420415
1,0,1,0
1,0,1,0
1,0,1,0
4.936130869128893e-15,1.005083937748278,0.1580417314658869,-11.3600060310352
1,0,1,0
3.777423095787505,2.370482453286854,0.06182441634387453,-16.76609356425696
1,0,1,0
1,0,1,0
1.691746581782591,0.2321536621168505,0.3149657491854454,-8.852798360623952
1,0,1,0
1,0,1,0
1,0,1,0
1,0,1,0
4.936130869128893e-15,0.9786702367335707,0.1612636619930204,-9.082569657440649
1.20578150638828e-15,1.005082568492352,0.1580418962869178,-11.76576040164661
1,0,1,0
1,0,1,0
1,0,1,0
1.028145822447522e-15,0.9561580836708785,0.1640783738958385,-9.873682149218768
1,0,1,0
1,0,1,0
1,0,1,0
1,0,1,0
1,0,1,0
1,0,1,0
1,0,1,0
1,0,1,0
2.01727202930119,0.3923101647187544,0.2655437870090986,-13.2567701584107
1,0,1,0
1,0,1,0
1.028145822447522e-15,0.955968546342632,0.1641023470394719,-11.74099125116639
4.936130869128893e-15,0.9786701389993517,0.1612636740737458,-11.31983864892379
1,0,1,0
4.936130869128893e-15,1.180302021302047,0.1386472593318175,-10.40715642302283
1.877425173287325,0.3231717807972174,0.2848538634044597,-16.82849485552547
4.0479524494288e-15,1.065663058204748,0.150963558572183,-9.089242626805817
1,0,1,0
1,0,1,0
1,0,1,0
2.034905568326366,0.4009344972289881,0.2633035189503234,-9.34587935240461
1,0,1,0
1,0,1,0
1,0,1,0
2.804502661847769e-15,0.9786702365861899,0.1612636620112379,-11.58881969318307
1,0,1,0
2.804502661847769e-15,0.9786148406243491,0.1612705095832135,-12.80571495952031
1,0,1,0
1,0,1,0
1,0,1,0
1,0,1,0
1,0,1,0
1,0,1,0
1,0,1,0
1,0,1,0
1,0,1,0
1,0,1,0
1,0,1,0
1,0,1,0
1,0,1,0
1,0,1,0
9.682324783204268e-17,0.7546355518858885,0.1925062722872543,-4.363422706484294
2.804502661847769e-15,0.745983206670938,0.1938754794293637,-3.673334256798509
4.936130869128893e-15,0.6192124683532683,0.2156700441389595,-8.916859479593546
9.682324783204268e-17,0.7546355518858885,0.1925062722872543,-4.363422706484294
9.682324783204268e-17,0.686055590809028,0.2037546348471478,-4.272595912708893
1.20578150638828e-15,0.6113917912146629,0.2171321284840215,-4.02608665904371
9.682324783204268e-17,0.686055590809028,0.2037546348471478,-4.272595912708893
6.728744545674702e-16,0.7546355506952285,0.1925062724747245,-4.311084829454727
2.804502661847769e-15,0.6201725987956834,0.2154915772288507,-4.31986512651166
2.804502661847769e-15,0.745983206670938,0.1938754794293637,-3.673334256798509
4.936130869128893e-15,0.6871015447838644,0.2035760029820319,-10.82323566765934
2.287852447174094e-16,0.6756780230136883,0.2055394830688069,-3.564984689651747
6.728744545674702e-16,0.7546355506952285,0.1925062724747245,-4.311084829454727
1.038263951005382e-15,0.4290998529567069,0.256215483774385,-4.490341680972429
4.936130869128893e-15,0.6872126045027454,0.2035570492661335,-4.070484873035276
2.804502661847769e-15,0.7090907305681995,0.1998729163503765,-4.077966066953188
1.028145822447522e-15,0.9383734876298462,0.1663482451961169,-4.081295346604574
2.804502661847769e-15,0.6343361553475519,0.2128846152049577,-3.992160143630758
5.840566125974614e-16,0.7360291954474558,0.1954679225537222,-3.850149341846802
6.728744545674702e-16,0.7546355506952285,0.1925062724747245,-4.311084829454727
1.038263951005382e-15,0.4290998529567069,0.256215483774385,-4.490341680972429
2.287852447174094e-16,0.5292118028902548,0.2334692112706209,-3.940561494823444
6.728744545674702e-16,0.7546355506952285,0.1925062724747245,-4.311084829454727
2.804502661847769e-15,0.6201725987956834,0.2154915772288507,-4.31986512651166
9.682324783204268e-17,0.7563124558402397,0.1922424997879872,-4.318280830802829
4.936130869128893e-15,0.6925414898097966,0.2026506344233947,-4.271829082415466
5.64667360488876e-15,0.4790127757851543,0.2444349146269927,-9.912993410520659
2.287852447174094e-16,0.6756780230136883,0.2055394830688069,-3.564984689651747
1.028145822447522e-15,0.5755644200075842,0.2240280988542653,-4.596126828187076
4.936130869128893e-15,0.6872126045027454,0.2035570492661335,-4.070484873035276
9.682324783204268e-17,0.7546355518858885,0.1925062722872543,-4.363422706484294
2.804502661847769e-15,0.6257073845981811,0.2144671296593358,-4.039767654640113
2.804502661847769e-15,0.7090907305681995,0.1998729163503765,-4.077966066953188
4.0479524494288e-15,0.4794203901759406,0.2443424867209302,-4.04035881944113
1.038263951005382e-15,0.6860556232226251,0.2037546293078775,-10.09298285812822
4.936130869128893e-15,0.6860555908237664,0.2037546348446291,-10.83699878614202
9.682324783204268e-17,0.736026227694472,0.1954684001207676,-3.797812947720528
5.840566125974614e-16,0.5908520160565836,0.2210449192237837,-4.699295138676898
5.840566125974614e-16,0.6268441727680214,0.2142576302419589,-3.333514426677411
5.840566125974614e-16,0.7906149709572681,0.1869571183052825,-4.082430638788665
4.0479524494288e-15,0.6257074833575818,0.2144671114454666,-4.272886417141653
4.0479524494288e-15,0.4794203901759406,0.2443424867209302,-4.04035881944113
9.682324783204268e-17,0.686055590809028,0.2037546348471478,-4.272595912708893
9.682324783204268e-17,0.686055590809028,0.2037546348471478,-4.272595912708893
1.20578150638828e-15,0.6113917912146629,0.2171321284840215,-4.02608665904371
5.840566125974614e-16,0.7360291954474558,0.1954679225537222,-3.850149341846802
4.0479524494288e-15,0.4794203901759406,0.2443424867209302,-4.04035881944113
1.20578150638828e-15,0.6113917912146629,0.2171321284840215,-4.02608665904371
5.840566125974614e-16,0.6756809907654029,0.2055389693619999,-3.61732108377802
9.682324783204268e-17,0.7546343443817953,0.1925064624096718,-4.5821222760172
4.0479524494288e-15,0.6266790842407062,0.2142880353258805,-9.897570127442192
4.936130869128893e-15,0.3810266266900193,0.2685271573425434,-5.075245010079311
2.287852447174094e-16,0.6756780230136883,0.2055394830688069,-3.564984689651747
1.028145822447522e-15,0.7533434284389706,0.1927098708749975,-8.716020360485901
2.804502661847769e-15,0.3650648263907819,0.2728533638092297,-4.107479566153692
6.744807668897218,4.177833233776425,0.02047801532831539,-18.44789206975302
4.936130869128893e-15,0.6872126045027454,0.2035570492661335,-4.070484873035276
5.840566125974614e-16,0.6268441727680214,0.2142576302419589,-3.333514426677411
1.028145822447522e-15,0.6257074227158892,0.2144671226294129,-4.543923863704125
5.840566125974614e-16,0.6756809907654029,0.2055389693619999,-3.61732108377802
4.936130869128893e-15,0.6870464634730631,0.2035854042483232,-10.17244226271186
5.840566125974614e-16,0.6268441727680214,0.2142576302419589,-3.333514426677411
2.804502661847769e-15,0.6201725987956834,0.2154915772288507,-4.31986512651166
4.936130869128893e-15,0.6925414898097966,0.2026506344233947,-4.271829082415466
4.0479524494288e-15,0.4794203901759406,0.2443424867209302,-4.04035881944113
1.20578150638828e-15,0.6113917912146629,0.2171321284840215,-4.02608665904371
8.005405863007662e-18,0.6871840271966247,0.2035619260902802,-3.566342684746192
2.093959926088373e-15,0.6261818833515882,0.2143796463813997,-8.506107009979761
8.005405863007662e-18,0.6871840271966247,0.2035619260902802,-3.566342684746192
2.804502661847769e-15,0.6201725987956834,0.2154915772288507,-4.31986512651166
6.728744545674702e-16,0.4665816916645351,0.2472819839140025,-4.363008065685535
8.005405863007662e-18,0.6871840271966247,0.2035619260902802,-3.566342684746192
2.804502661847769e-15,0.6343361553475519,0.2128846152049577,-3.992160143630758
8.005405863007662e-18,0.6871840271966247,0.2035619260902802,-3.566342684746192
9.682324783204268e-17,0.7546343443817953,0.1925064624096718,-4.5821222760172
3.17603086687411e-16,0.7107492088229908,0.1995976024658143,-3.814138642508881
5.840566125974614e-16,0.611390638623126,0.2171323450718184,-3.973749358309907
1.038263951005382e-15,0.4794508951805359,0.2443355719487014,-4.544501007730211
5.840566125974614e-16,0.7360291954474558,0.1954679225537222,-3.850149341846802
2.804502661847769e-15,0.5908504453740449,0.2210452225623983,-9.680557643956295
4.936130869128893e-15,0.6872126045027454,0.2035570492661335,-4.070484873035276
5.840566125974614e-16,0.6268441727680214,0.2142576302419589,-3.333514426677411
1.028145822447522e-15,0.5292118028561958,0.2334692112777886,-3.888225100697171
4.936130869128893e-15,0.6343362522174534,0.2128845975378758,-4.225278906132298
8.005405863007662e-18,0.6871840271966247,0.2035619260902802,-3.566342684746192
5.840566125974614e-16,0.7360291954474558,0.1954679225537222,-3.850149341846802
4.0479524494288e-15,0.6257074833575818,0.2144671114454666,-4.272886417141653
5.840566125974614e-16,0.6268441727680214,0.2142576302419589,-3.333514426677411
2.804502661847769e-15,0.745983206670938,0.1938754794293637,-3.673334256798509
9.682324783204268e-17,0.736026227694472,0.1954684001207676,-3.797812947720528
9.682324783204268e-17,0.5908520250136018,0.2210449174939582,-4.751633011227995
1.038263951005382e-15,0.4290998529567069,0.256215483774385,-4.490341680972429
1.028145822447522e-15,0.5755644200075842,0.2240280988542653,-4.596126828187076
2.287852447174094e-16,0.5292118028902548,0.2334692112706209,-3.940561494823444
4.0479524494288e-15,0.6743804831377016,0.2057642636693239,-7.906107579834894
2.449231293967717e-15,0.6860556238655029,0.2037546291980137,-4.776752121772907
7.93220842375629,5.230062288656981,0.01109986869230073,-14.66067423218495
5.840566125974614e-16,0.5908520160565836,0.2210449192237837,-4.699295138676898
5.840566125974614e-16,0.5908520160565836,0.2210449192237837,-4.699295138676898
4.936130869128893e-15,0.6343362522174534,0.2128845975378758,-4.225278906132298
1.028145822447522e-15,0.6860556764516303,0.2037546202113915,-8.846189405690691
4.936130869128893e-15,0.3810266266900193,0.2685271573425434,-5.075245010079311
4.936130869128893e-15,0.6872126045027454,0.2035570492661335,-4.070484873035276
1.20578150638828e-15,0.6754247935859148,0.2055833231066652,-9.533740213613966
4.0479524494288e-15,0.4794203901759406,0.2443424867209302,-4.04035881944113
4.936130869128893e-15,0.6925414898097966,0.2026506344233947,-4.271829082415466
2.804502661847769e-15,0.6257073845981811,0.2144671296593358,-4.039767654640113
5.840566125974614e-16,0.611390638623126,0.2171323450718184,-3.973749358309907
9.682324783204268e-17,0.736026227694472,0.1954684001207676,-3.797812947720528
2.804502661847769e-15,0.381026372080477,0.2685272253471454,-4.5710887586771
4.0479524494288e-15,0.6257074833575818,0.2144671114454666,-4.272886417141653
5.840566125974614e-16,0.7360291954474558,0.1954679225537222,-3.850149341846802
6.728744545674702e-16,0.4665816916645351,0.2472819839140025,-4.363008065685535
8.005405863007662e-18,0.6871840271966247,0.2035619260902802,-3.566342684746192
1.028145822447522e-15,0.9383734876298462,0.1663482451961169,-4.081295346604574
5.840566125974614e-16,0.6756809907654029,0.2055389693619999,-3.61732108377802
5.840566125974614e-16,0.6268441727680214,0.2142576302419589,-3.333514426677411
2.093959926088373e-15,0.3810272698122574,0.2685269855687919,-10.4791332195458
1.873180087232287e-15,0.6201696290267638,0.2154921288977672,-4.267528732385386
8.005405863007662e-18,0.6871840271966247,0.2035619260902802,-3.566342684746192
3.17603086687411e-16,0.7107492088229908,0.1995976024658143,-3.814138642508881
2.804502661847769e-15,0.6257073845981811,0.2144671296593358,-4.039767654640113
2.729411790081217,0.7351862094363177,0.1956036420223762,-8.581946222888579
5.840566125974614e-16,0.6268727499868216,0.2142523677105778,-3.837656614966492
1.038263951005382e-15,0.4792557623657991,0.2443798096198491,-10.6051270656812
4.936130869128893e-15,0.3810266266900193,0.2685271573425434,-5.075245010079311
1.028145822447522e-15,0.7555063282728014,0.1923692373532807,-10.0211552132735
8.005405863007662e-18,0.6871840271966247,0.2035619260902802,-3.566342684746192
2.287852447174094e-16,0.6756780230136883,0.2055394830688069,-3.564984689651747
5.840566125974614e-16,0.6860556764591266,0.2037546202101103,-4.505714675210434
4.936130869128893e-15,0.6872126045027454,0.2035570492661335,-4.070484873035276
5.840566125974614e-16,0.7360291954474558,0.1954679225537222,-3.850149341846802
1.028145822447522e-15,0.9383734876298462,0.1663482451961169,-4.081295346604574
9.682324783204268e-17,0.7546355518858885,0.1925062722872543,-4.363422706484294
2.287852447174094e-16,0.6756780230136883,0.2055394830688069,-3.564984689651747
6.728744545674702e-16,0.7546355506952285,0.1925062724747245,-4.311084829454727
4.936130869128893e-15,0.6810409647283606,0.2046142510303307,-8.694457545890964
2.804502661847769e-15,0.6201725987956834,0.2154915772288507,-4.31986512651166
5.840566125974614e-16,0.6268441727680214,0.2142576302419589,-3.333514426677411
2.804502661847769e-15,0.745983206670938,0.1938754794293637,-3.673334256798509
2.287852447174094e-16,0.5292118028902548,0.2334692112706209,-3.940561494823444
1.028145822447522e-15,0.6925444645716752,0.2026501300814185,-4.324165476541738
5.840566125974614e-16,0.6268441727680214,0.2142576302419589,-3.333514426677411
2.804502661847769e-15,0.68154701337075,0.2045272621065884,-4.353334655707817
5.840566125974614e-16,0.7360291954474558,0.1954679225537222,-3.850149341846802
2.287852447174094e-16,0.6756780230136883,0.2055394830688069,-3.564984689651747
2.949057204293334,0.835229422590146,0.1803823662740229,-11.22074495850941
4.936130869128893e-15,0.6815481691167165,0.2045270634979273,-4.405671049834091
2.804502661847769e-15,0.745983206670938,0.1938754794293637,-3.673334256798509
9.682324783204268e-17,0.7546343443817953,0.1925064624096718,-4.5821222760172
6.728744545674702e-16,0.4665816916645351,0.2472819839140025,-4.363008065685535
1.20578150638828e-15,0.6113917912146629,0.2171321284840215,-4.02608665904371
3.17603086687411e-16,0.7107492088229908,0.1995976024658143,-3.814138642508881
2.287852447174094e-16,0.6756780230136883,0.2055394830688069,-3.564984689651747
2.804502661847769e-15,0.7090907305681995,0.1998729163503765,-4.077966066953188
4.936130869128893e-15,0.6257074833575764,0.2144671114454675,-10.64294869067428
1.028145822447522e-15,0.5292118028561958,0.2334692112777886,-3.888225100697171
2.769884521419645,0.7536134468443727,0.1926672990504972,-8.17361222276045
4.936130869128893e-15,0.6925414898097966,0.2026506344233947,-4.271829082415466
9.682324783204268e-17,0.736026227694472,0.1954684001207676,-3.797812947720528
2.804502661847769e-15,0.6343361553475519,0.2128846152049577,-3.992160143630758
2.287852447174094e-16,0.5292118028902548,0.2334692112706209,-3.940561494823444
3.17603086687411e-16,0.7107492088229908,0.1995976024658143,-3.814138642508881
5.840566125974614e-16,0.7360291954474558,0.1954679225537222,-3.850149341846802
8.005405863007662e-18,0.6871840271966247,0.2035619260902802,-3.566342684746192
9.682324783204268e-17,0.686055590809028,0.2037546348471478,-4.272595912708893
2.804502661847769e-15,0.3650648263907819,0.2728533638092297,-4.107479566153692
5.840566125974614e-16,0.6756809907654029,0.2055389693619999,-3.61732108377802
5.840566125974614e-16,0.6756809907654029,0.2055389693619999,-3.61732108377802
2.449231293967717e-15,0.6482010083433476,0.2103783006201781,-5.087609629353176
2.804502661847769e-15,0.6201725987956834,0.2154915772288507,-4.31986512651166
4.936130869128893e-15,0.4793685153138796,0.2443542462881872,-11.34745973736069
1.20578150638828e-15,0.6113917912146629,0.2171321284840215,-4.02608665904371
5.840566125974614e-16,0.6268441727680214,0.2142576302419589,-3.333514426677411
6.728744545674702e-16,0.7546355506952285,0.1925062724747245,-4.311084829454727
4.936130869128893e-15,0.6343362522174534,0.2128845975378758,-4.225278906132298
4.936130869128893e-15,0.6872126045027454,0.2035570492661335,-4.070484873035276
4.936130869128893e-15,0.3810266266900193,0.2685271573425434,-5.075245010079311
5.840566125974614e-16,0.6268727499868216,0.2142523677105778,-3.837656614966492
4.365239088947667,1.394412066557862,0.1188307090617289,-12.16463551208577
8.48884454792928e-15,0.7127035473998404,0.1992738790661163,-16.76572892819456
2.287852447174094e-16,0.5292118028902548,0.2334692112706209,-3.940561494823444
5.840566125974614e-16,0.6268441727680214,0.2142576302419589,-3.333514426677411
9.682324783204268e-17,0.736026227694472,0.1954684001207676,-3.797812947720528
1.038263951005382e-15,0.4290998529567069,0.256215483774385,-4.490341680972429
1.20578150638828e-15,0.6113917912146629,0.2171321284840215,-4.02608665904371
1.038263951005382e-15,0.3810264664761576,0.2685272001346511,-11.13546327370745
1.038263951005382e-15,0.4290998529567069,0.256215483774385,-4.490341680972429
5.840566125974614e-16,0.611390638623126,0.2171323450718184,-3.973749358309907
2.804502661847769e-15,0.5755644239721285,0.2240280980725581,-4.648464705216644
1.873180087232287e-15,0.6201696290267638,0.2154921288977672,-4.267528732385386
4.0479524494288e-15,0.6860556764591319,0.2037546202101094,-4.558052552240002
2.804502661847769e-15,0.745983206670938,0.1938754794293637,-3.673334256798509
6.728744545674702e-16,0.4665816916645351,0.2472819839140025,-4.363008065685535
4.936130869128893e-15,0.6815481691167165,0.2045270634979273,-4.405671049834091
1.873180087232287e-15,0.6201696290267638,0.2154921288977672,-4.267528732385386
2.449231293967717e-15,0.4071283224034996,0.2617153329447062,-4.611621754518376
5.840566125974614e-16,0.5908520160565836,0.2210449192237837,-4.699295138676898
2.804502661847769e-15,0.68154701337075,0.2045272621065884,-4.353334655707817
3.214876456125299,0.9499951045910677,0.1648602717272624,-20.05114067281545
4.936130869128893e-15,0.6343362522174534,0.2128845975378758,-4.225278906132298
2.449231293967717e-15,0.4071283224034996,0.2617153329447062,-4.611621754518376
1.038263951005382e-15,0.4815498168084922,0.2438605753812869,-10.81856483475861
9.682324783204268e-17,0.7546343443817953,0.1925064624096718,-4.5821222760172
2.804502661847769e-15,0.6201725987956834,0.2154915772288507,-4.31986512651166
1.20578150638828e-15,0.6113917912146629,0.2171321284840215,-4.02608665904371
1.028145822447522e-15,0.9383734876298462,0.1663482451961169,-4.081295346604574
1.038263951005382e-15,0.4290998529567069,0.256215483774385,-4.490341680972429
4.0479524494288e-15,0.6860556764591319,0.2037546202101094,-4.558052552240002
4.936130869128893e-15,0.6815481691167165,0.2045270634979273,-4.405671049834091
4.0479524494288e-15,0.4794203901759406,0.2443424867209302,-4.04035881944113
5.840566125974614e-16,0.6268441727680214,0.2142576302419589,-3.333514426677411
9.682324783204268e-17,0.7546355518858885,0.1925062722872543,-4.363422706484294
5.840566125974614e-16,0.6756809907654029,0.2055389693619999,-3.61732108377802
5.840566125974614e-16,0.611390638623126,0.2171323450718184,-3.973749358309907
9.682324783204268e-17,0.7563124558402397,0.1922424997879872,-4.318280830802829
4.936130869128893e-15,0.6815481691167165,0.2045270634979273,-4.405671049834091
5.840566125974614e-16,0.6756809907654029,0.2055389693619999,-3.61732108377802
5.840566125974614e-16,0.611390638623126,0.2171323450718184,-3.973749358309907
4.936130869128893e-15,0.6815481691167165,0.2045270634979273,-4.405671049834091
5.840566125974614e-16,0.611390638623126,0.2171323450718184,-3.973749358309907