dN/dS,LRT,p-value,Log(L)
2.804502661847769e-15,0.879065881846838,0.1742288272767562,-4.052597790392641
3.17603086687411e-16,0.5697516728400025,0.2251788059466637,-3.822439957397173
2.804502661847769e-15,0.5835103928101883,0.2224698196252038,-4.239848408134578
1.028145822447522e-15,0.5511353977317626,0.2289270710391237,-3.980847723876757
2.804502661847769e-15,0.5511351292590634,0.2289271258004045,-3.918920553149101
2.804502661847769e-15,0.6604833038974185,0.2081946853635593,-4.525976945836381
2.804502661847769e-15,0.3387663999737107,0.2802710730846152,-4.629295612140622
1.028145822447522e-15,0.7332109408539331,0.1959221867539345,-4.089989758412249
4.259780466144352,1.362165208327792,0.1215812921952031,-10.01673822551783
3.669755285694337,1.140631554418331,0.1427594582539408,-12.69170435311384
2.269969926313108e-14,0.3098495772698087,0.2888862527164672,-19.07026580897777
1.028145822447522e-15,0.6253726935331212,0.2145288690508168,-4.390955972916133
12.43721682903459,6.374216409268506,0.005789507830582741,-18.12631418537874
2.804502661847769e-15,0.6020514456819885,0.2188981877131804,-4.21807738818306
2.804502661847769e-15,0.5304734734475769,0.2332039347390685,-4.321946870260274
2.804502661847769e-15,0.6604833038974185,0.2081946853635593,-4.525976945836381
1,0,1,0
1,0,1,0
3.591194617684976,1.111051839046667,0.1459267081985288,-12.47039202564867
6.621516785655473,4.15268074293062,0.02078433214295589,-17.71105672367874
3.179496149246794,0.9393210386852431,0.1662262571848578,-10.76490526603687
1,0,1,0
2.809272949442756,0.7750505817052336,0.1893295675865684,-10.97221297249007
1,0,1,0
1,0,1,0
1,0,1,0
1,0,1,0
1,0,1,0
1,0,1,0
1,0,1,0
1,0,1,0
2.804502661847769e-15,0.7478649859097963,0.1935765159452772,-9.282407219418879
1,0,1,0
1,0,1,0
1,0,1,0
1,0,1,0
1,0,1,0
1.028145822447522e-15,0.635705140004923,0.2126351604168205,-10.73049342069214
1,0,1,0
1,0,1,0
1,0,1,0
1,0,1,0
1,0,1,0
1,0,1,0
1,0,1,0
1,0,1,0
1,0,1,0
2.812616166292349,0.7765494097660728,0.1890992674171794,-12.61929426741168
6.615235858677572,4.145435181474998,0.02087346160143178,-15.66421093666451
1,0,1,0
2.093959926088373e-15,0.6782637784328074,0.2050926138224969,-9.843308680935639
1,0,1,0
1,0,1,0
1,0,1,0
4.936130869128893e-15,0.6928128548193762,0.2026046346653864,-10.34135498163269
1,0,1,0
1,0,1,0
1.985752832009056e-14,0.3371103081616269,0.2807509874703883,-16.71984575095493
1,0,1,0
1,0,1,0
1,0,1,0
1,0,1,0
1,0,1,0
1,0,1,0
1,0,1,0
1,0,1,0
1,0,1,0
2.804502661847769e-15,0.6559565765693733,0.2089955318235091,-10.90510916278781
2.814366766250181,0.7774415279226119,0.1889623777039141,-8.70994771573702
2.671237752062485,0.7114781516260003,0.1994767688822536,-11.14738334304298
3.225491096521038,0.960175674599288,0.1635713103635628,-13.57956761068271
1,0,1,0
8.48884454792928e-15,0.4179638384397499,0.2589774009122802,-10.35243022023317
3.482929872353763,1.065804541193131,0.1509475136072982,-10.84704590234279
1,0,1,0
1,0,1,0
1,0,1,0
1,0,1,0
1,0,1,0
2.804502661847769e-15,0.6559705444003647,0.2089930536682778,-11.59862388581863
1,0,1,0
1,0,1,0
1,0,1,0
1,0,1,0
1,0,1,0
1,0,1,0
1,0,1,0
1,0,1,0
1,0,1,0
1,0,1,0
2.093959926088373e-15,0.6475006508237691,0.2105038409777147,-10.42061993453846
1,0,1,0
1,0,1,0
1,0,1,0
1,0,1,0
8.48884454792928e-15,0.4179991846028912,0.2589685521958077,-18.85603844984963
3.163211468318198,0.9314982589515104,0.1672369529429677,-9.096229567416295
1,0,1,0
1,0,1,0
1,0,1,0
1,0,1,0
1,0,1,0
2.804502661847769e-15,0.5562891251460726,0.2278796432680721,-10.0697523273626
1,0,1,0
1,0,1,0
1,0,1,0
2.611983882550175,0.6838215094332512,0.2041369495231479,-9.290155109917039
3.376330409148108,1.022196456289457,0.155999284801928,-10.21660714085685
1,0,1,0
4.064104344665048,1.291070768775821,0.1279253577126373,-10.47511261898347
1,0,1,0
1,0,1,0
1,0,1,0
1,0,1,0
3.22083352992403,0.9582020421536868,0.1638201440543357,-10.93124875734602
1,0,1,0
1,0,1,0
1,0,1,0
1,0,1,0
1,0,1,0
1,0,1,0
1,0,1,0
4.936130869128893e-15,0.5446785420853857,0.2302501141927615,-10.71408424138407
1,0,1,0
1,0,1,0
1,0,1,0
1,0,1,0
3.213462908617768,0.9538369739506578,0.1643722739686153,-12.02617652987885
1,0,1,0
1,0,1,0
1,0,1,0
1,0,1,0
1,0,1,0
1,0,1,0
1,0,1,0
1,0,1,0
1,0,1,0
1,0,1,0
1,0,1,0
1,0,1,0
1,0,1,0
1,0,1,0
1,0,1,0
1,0,1,0
1,0,1,0
1,0,1,0
1,0,1,0
1,0,1,0
1,0,1,0
1,0,1,0
1,0,1,0
1,0,1,0
3.689979716401908,1.150222471043179,0.141751291773194,-10.76905062180495
1,0,1,0
1,0,1,0
1,0,1,0
1,0,1,0
2.804502661847769e-15,0.7119435118514588,0.1993996835924256,-9.784425279867293
1,0,1,0
3.50319187943948,1.073999881541216,0.1500218559956162,-10.1362535324682
1,0,1,0
1,0,1,0
1,0,1,0
1,0,1,0
1,0,1,0
1,0,1,0
1,0,1,0
1,0,1,0
1,0,1,0
1.985752832009056e-14,0.3550718512784385,0.2756280123342112,-18.41225446107712
1,0,1,0
1,0,1,0
4.936130869128893e-15,0.3267487781047436,0.283789913024344,-10.37221680709453
1,0,1,0
1,0,1,0
1,0,1,0
4.936130869128893e-15,0.4952952747641284,0.2407873321860118,-8.879962171287842
1,0,1,0
2.940512706669709,0.8348269492347029,0.1804402348207618,-11.86219740050017
1.038263951005382e-15,0.3371813420536398,0.2807303704214025,-10.93695546078436
3.16953001273935,0.9338334252856129,0.1669343945508668,-16.99020838439459
1,0,1,0
3.290045513158965,0.9862060057111535,0.1603357155870003,-17.31362833863903
2.179575847911894,0.4744722799873209,0.2454684367842584,-13.30469736283744
1,0,1,0
1,0,1,0
1,0,1,0
2.093959926088373e-15,0.6783342225413236,0.2050804597057765,-10.94232584573948
6.834037700510252,4.244544800146642,0.01968831218753264,-17.07259224031238
1,0,1,0
1,0,1,0
1,0,1,0
1,0,1,0
1,0,1,0
1.028145822447522e-15,0.5780829538811432,0.2235323621922179,-10.42809667037065
1,0,1,0
1,0,1,0
1,0,1,0
1,0,1,0
2.804502661847769e-15,0.6475752461587021,0.2104904643066671,-11.52340271070263
1,0,1,0
1,0,1,0
1,0,1,0
1,0,1,0
1,0,1,0
1,0,1,0
1,0,1,0
1,0,1,0
1.038263951005382e-15,0.7690619620606434,0.1902536992120304,-11.23566409657008
1,0,1,0
1.038263951005382e-15,0.4952952764772682,0.2407873318069685,-10.68156725482564
1,0,1,0
1,0,1,0
1,0,1,0
4.330026339990035,1.38880696364448,0.1193033391502246,-9.5322300517911
4.936130869128893e-15,0.775518224836361,0.18925767017661,-10.84679853244361
1,0,1,0
1,0,1,0
1,0,1,0
1,0,1,0
1,0,1,0
1,0,1,0
1,0,1,0
1,0,1,0
2.61239758173403,0.6839499658486687,0.2041149385017828,-10.14342297333261
1,0,1,0
5.64667360488876e-15,0.4179643150672732,0.2589772815876867,-10.35737712106245
1,0,1,0
1,0,1,0
1,0,1,0
1,0,1,0
3.164580120258179,0.9320654383689231,0.1671633983898445,-9.384283426096648
1,0,1,0
1,0,1,0
1,0,1,0
2.836426743492277,0.787414699225863,0.1874415051430305,-10.83463268676866
1,0,1,0
1,0,1,0
3.201868855724844,0.948885495727513,0.1650015735781362,-11.35964188345799
1,0,1,0
1,0,1,0
1,0,1,0
1,0,1,0
1.028145822447522e-15,0.7690189449812905,0.1902603603953435,-10.53099210812304
18.19588727722102,23.23690722937572,7.161108301900754e-07,-38.17788098447644
1,0,1,0
1,0,1,0
1,0,1,0
4.068075898530231,1.292523416067706,0.1277917187903816,-11.10532722383046
1,0,1,0
1,0,1,0
1,0,1,0
1,0,1,0
1,0,1,0
1,0,1,0
1,0,1,0
1,0,1,0
1,0,1,0
1,0,1,0
1,0,1,0
1,0,1,0
1,0,1,0
1.038263951005382e-15,0.7688365165821587,0.1902886130474291,-9.282691391673291
1,0,1,0
1,0,1,0
4.936130869128893e-15,0.6357043906183009,0.2126352968489747,-10.72444179794853
1,0,1,0
1,0,1,0
1,0,1,0
1,0,1,0
1,0,1,0
1,0,1,0
1,0,1,0
2.804502661847769e-15,0.556402773925246,0.2278566307897401,-11.46467153357262
1,0,1,0
1.028145822447522e-15,0.7262244362906713,0.1970548699762322,-11.14230417244251
1,0,1,0
1,0,1,0
1,0,1,0
1,0,1,0
1,0,1,0
1,0,1,0
5.601136211174739,3.585809371244977,0.02913751130883868,-15.25704290287616
1,0,1,0
1,0,1,0
1,0,1,0
3.588703587375378,1.120529940838239,0.1449021863273976,-10.36740876346306
2.906461377400479,0.8195581109532455,0.1826546977627225,-9.70152977757275
6.62771201739559,4.156075734601913,0.02074270715892923,-14.7647217170969
1,0,1,0
2.804502661847769e-15,0.7767862195337685,0.189062916886385,-10.46010649172379
6.802008084417419,4.228818478892258,0.01987154886277936,-15.13710754797697
1,0,1,0
1,0,1,0
1,0,1,0
1,0,1,0
4.936130869128893e-15,0.655928563849681,0.2090005019371367,-10.21088871681024
1,0,1,0
1,0,1,0
1,0,1,0
1,0,1,0
1,0,1,0
1,0,1,0
3.480880364031161,1.065000646515308,0.1510387090489724,-9.686095843365019
1,0,1,0
1,0,1,0
1,0,1,0
1,0,1,0
1,0,1,0
1,0,1,0
1,0,1,0
1,0,1,0
1,0,1,0
1,0,1,0
1,0,1,0
1,0,1,0
1,0,1,0
1,0,1,0
1,0,1,0
2.093959926088373e-15,0.6928128547879098,0.2026046346707195,-21.04173021209681
1,0,1,0
1,0,1,0
1,0,1,0
4.936130869128893e-15,0.4952952764231853,0.2407873318189347,-9.98790546483413
1,0,1,0
1,0,1,0
1,0,1,0
3.199533338899699,0.9470906620638395,0.1652304757623507,-11.3974396753492
1,0,1,0
1,0,1,0
1,0,1,0
1,0,1,0
1,0,1,0
1,0,1,0
1,0,1,0
1,0,1,0
1,0,1,0
1,0,1,0
1,0,1,0
1,0,1,0
1,0,1,0
1,0,1,0
1,0,1,0
1,0,1,0
1,0,1,0
1.028145822447522e-15,0.7405389605664521,0.1947441422854229,-4.410940742070526
3.17603086687411e-16,0.6972244704877397,0.2018589434779755,-3.571010156105938
2.804502661847769e-15,0.5304734734475769,0.2332039347390685,-4.321946870260274
4.936130869128893e-15,0.7405389458828111,0.1947441446357802,-10.15856342117527
1.028145822447522e-15,0.6604832989513909,0.2081946862360957,-4.251111222724262
1.028145822447522e-15,0.5511353977317626,0.2289270710391237,-3.980847723876757
2.804502661847769e-15,0.6604833008129933,0.2081946859076876,-4.82361956144216
1.028145822447522e-15,0.7405389604814037,0.1947441422990363,-4.349013437106518
2.804502661847769e-15,0.5304734734475769,0.2332039347390685,-4.321946870260274
2.888168438454159,0.8104281072547899,0.1839968554894012,-10.6177328375619
5.840566125974614e-16,0.6467159306632873,0.2106446364373316,-3.536063390673192
1.028145822447522e-15,0.6060778760405476,0.2181341962741354,-3.522892108053301
1.028145822447522e-15,0.7405389604814037,0.1947441422990363,-4.349013437106518
4.936130869128893e-15,0.3449553157983836,0.2784913950099391,-4.546427000087583
4.936130869128893e-15,0.6466865273585967,0.2106499147484323,-10.98372313098794
1.028145822447522e-15,0.7080210889691063,0.2000507731127043,-4.0741477139944
2.804502661847769e-15,0.879065881846838,0.1742288272767562,-4.052597790392641
3.336463215320183,1.005812596679327,0.1579540527471778,-11.13087715389385
2.954876468792654,0.8401259307808751,0.1796803785471478,-15.6677371759844
1.028145822447522e-15,0.7405389604814037,0.1947441422990363,-4.349013437106518
4.936130869128893e-15,0.3449553157983836,0.2784913950099391,-4.546427000087583
2.804502661847769e-15,0.4721838980239887,0.245992092682598,-11.08815908950324
5.731449347147906,3.61963079730161,0.02855077192207511,-35.24868593890207
2.804502661847769e-15,0.5304734734475769,0.2332039347390685,-4.321946870260274
9.682324783204268e-17,0.7083013189929606,0.200004155136004,-4.338159807139357
1.028145822447522e-15,0.6173919196743896,0.2160090596256556,-4.31832091245448
2.804502661847769e-15,0.3985607040500003,0.2639167534192906,-4.045363657372568
4.936130869128893e-15,0.6060406114210153,0.2181412483200181,-10.71916509552888
1.028145822447522e-15,0.5192604408113315,0.2355786637564867,-4.602741568906062
4.0479524494288e-15,0.6258878642314976,0.2144338482974728,-4.103926487942749
1.028145822447522e-15,0.7166803041314491,0.1986174966029536,-4.406216253211297
3.563954385502489,1.098936231783505,0.1472498377875516,-17.55677420620307
2.804502661847769e-15,0.6626145915594996,0.207819204468669,-4.066517053772286
4.936130869128893e-15,0.3730000701398914,0.2706867485837134,-4.039844000815735
5.840566125974614e-16,0.6181248257376151,0.2158724835694674,-4.243480562502147
5.840566125974614e-16,0.6181248257376151,0.2158724835694674,-4.243480562502147
6.728744545674702e-16,0.6392460480222413,0.2119919730270135,-3.802239979390419
4.0479524494288e-15,0.5019915816010947,0.2393131716346126,-4.718363573788117
1.028145822447522e-15,0.5332077408669358,0.2326306859972822,-3.244415196414555
4.0479524494288e-15,0.686188932638256,0.2037318494727956,-4.082819097847577
2.804502661847769e-15,0.5460889383402172,0.2299600850215704,-4.230834319207778
4.936130869128893e-15,0.3730000701398914,0.2706867485837134,-4.039844000815735
5.840566125974614e-16,0.6181248257376151,0.2158724835694674,-4.243480562502147
5.840566125974614e-16,0.6181248257376151,0.2158724835694674,-4.243480562502147
9.682324783204268e-17,0.5157905184483154,0.2363214358947787,-3.972279234941524
2.804502661847769e-15,0.5670615097394105,0.2257144812913698,-9.330181461538338
4.936130869128893e-15,0.3730000701398914,0.2706867485837134,-4.039844000815735
9.682324783204268e-17,0.5157905184483154,0.2363214358947787,-3.972279234941524
1.028145822447522e-15,0.5672108213141973,0.2256846976480241,-3.577648393756228
2.90088475093131,0.8168347597180663,0.183053618031213,-11.3903184757193
1.028145822447522e-15,0.5332077408669358,0.2326306859972822,-3.244415196414555
2.804502661847769e-15,0.3007668491601727,0.2917010371099373,-5.114281394023212
1.028145822447522e-15,0.5672101551464461,0.2256848305169291,-3.516111441688616
2.804502661847769e-15,0.6618175827047814,0.2079595003714757,-9.261520230791904
5.64667360488876e-15,0.2896796496063097,0.2952129457556547,-4.04679916283385
9.682324783204268e-17,0.5157905184483154,0.2363214358947787,-3.972279234941524
1.028145822447522e-15,0.6052477312556164,0.2182913774360828,-4.099328507593389
1.028145822447522e-15,0.5332077408669358,0.2326306859972822,-3.244415196414555
1.028145822447522e-15,0.5460889333100489,0.2299600860549246,-9.159787765854823
2.804502661847769e-15,0.5671735612625177,0.2256921294509068,-10.71819743070108
1.038263951005382e-15,0.605177340919564,0.2183047132313333,-10.29399934166217
1.038263951005382e-15,0.5331373166462647,0.2326454223936476,-9.953102511414837
2.804502661847769e-15,0.4964521938082118,0.2405315796323401,-4.314776209695601
1.028145822447522e-15,0.5777967827287149,0.2235886049428574,-4.311540246089796
4.936130869128893e-15,0.3730000701398914,0.2706867485837134,-4.039844000815735
2.804502661847769e-15,0.5157902691927072,0.2363214893864199,-3.910742074481927
1.028145822447522e-15,0.6052416646613246,0.2182925267331786,-3.530543734116358
1.028145822447522e-15,0.5332077408669358,0.2326306859972822,-3.244415196414555
1.028145822447522e-15,0.6052416646613246,0.2182925267331786,-3.530543734116358
2.804502661847769e-15,0.4964521938082118,0.2405315796323401,-4.314776209695601
4.936130869128893e-15,0.4132671936794079,0.2601579239239104,-4.32024518557183
1.028145822447522e-15,0.6052416646613246,0.2182925267331786,-3.530543734116358
3.576839332076052,1.104315586032726,0.1466604802938983,-9.17634792341002
1.028145822447522e-15,0.6052416646613246,0.2182925267331786,-3.530543734116358
2.804502661847769e-15,0.6930466988703525,0.2025650074097011,-4.635304830024537
2.804502661847769e-15,0.6324408004413558,0.2132307116697405,-3.759458449730696
2.804502661847769e-15,0.5157902691927072,0.2363214893864199,-3.910742074481927
2.093959926088373e-15,0.3730064788810807,0.2706850115835898,-4.608628774292766
3.152323946406906,0.9272964549162204,0.1677832132000141,-9.438442028356512
2.804502661847769e-15,0.501991582448083,0.2393131714490873,-4.779900858452025
1.028145822447522e-15,0.6052477312556164,0.2182913774360828,-4.099328507593389
3.779961517220231,1.182883117520081,0.1383849154329948,-9.513601858722696
1.028145822447522e-15,0.4419022702274642,0.2531028683770157,-3.879004602460101
2.804502661847769e-15,0.5634407871119578,0.2264386048853171,-4.20906329925626
1.038263951005382e-15,0.6051411386111596,0.2183115724214501,-9.880352536649447
9.682324783204268e-17,0.63924671419002,0.2119918522959667,-3.86377693145803
2.804502661847769e-15,0.5460889383402172,0.2299600850215704,-4.230834319207778
1.028145822447522e-15,0.5332077408669358,0.2326306859972822,-3.244415196414555
5.840566125974614e-16,0.6525115207968657,0.2096080870242954,-3.568899151142938
1.038263951005382e-15,0.6389833729720422,0.2120395862406143,-9.045564914254001
2.804502661847769e-15,0.501991582448083,0.2393131714490873,-4.779900858452025
4.936130869128893e-15,0.3228315511191049,0.2849554674455567,-4.546427000087583
2.804502661847769e-15,0.440622670867036,0.2534110358630244,-4.88903296182408
1.028145822447522e-15,0.4419022702288142,0.2531028683766909,-3.940541554527711
1.028145822447522e-15,0.5672108213141973,0.2256846976480241,-3.577648393756228
2.804502661847769e-15,0.6181248274941673,0.2158724832422933,-4.812268338754398
1.028145822447522e-15,0.6052477312556164,0.2182913774360828,-4.099328507593389
4.0479524494288e-15,0.5019915816010947,0.2393131716346126,-4.718363573788117
4.0479524494288e-15,0.5019915816010947,0.2393131716346126,-4.718363573788117
2.804502661847769e-15,0.5634407871119578,0.2264386048853171,-4.20906329925626
2.449231293967717e-15,0.6181248304045237,0.2158724827002125,-4.578500141996982
2.804502661847769e-15,0.3007668491601727,0.2917010371099373,-5.114281394023212
1.028145822447522e-15,0.6052477312556164,0.2182913774360828,-4.099328507593389
1.028145822447522e-15,0.5672108213141973,0.2256846976480241,-3.577648393756228
4.936130869128893e-15,0.3730000701398914,0.2706867485837134,-4.039844000815735
1.028145822447522e-15,0.5777967827287149,0.2235886049428574,-4.311540246089796
6.728744545674702e-16,0.5460889327680754,0.2299600861662628,-3.957352024800345
2.804502661847769e-15,0.5157902691927072,0.2363214893864199,-3.910742074481927
6.728744545674702e-16,0.6392460480222413,0.2119919730270135,-3.802239979390419
2.093959926088373e-15,0.3007668232002416,0.2917010452337134,-4.545493613952235
2.804502661847769e-15,0.5460889383402172,0.2299600850215704,-4.230834319207778
9.682324783204268e-17,0.63924671419002,0.2119918522959667,-3.86377693145803
4.936130869128893e-15,0.4132671936794079,0.2601579239239104,-4.32024518557183
1.028145822447522e-15,0.6052416646613246,0.2182925267331786,-3.530543734116358
4.0479524494288e-15,0.8226897971577358,0.1821974522025329,-4.052597790392641
1.028145822447522e-15,0.5672108213141973,0.2256846976480241,-3.577648393756228
1.028145822447522e-15,0.5332077408669358,0.2326306859972822,-3.244415196414555
4.936130869128893e-15,0.3007846111532757,0.2916954788640868,-12.29417772667322
1.028145822447522e-15,0.4964515275054762,0.2405317267991729,-4.25323925762799
1.028145822447522e-15,0.6052416646613246,0.2182925267331786,-3.530543734116358
3.473019618880296,1.065188005069789,0.1510174483632211,-10.30664775602614
6.728744545674702e-16,0.5460889327680754,0.2299600861662628,-3.957352024800345
3.155190460937784,0.9287750535693178,0.1675907145517432,-8.75549738990993
3.17603086687411e-16,0.5332138074570683,0.2326294166220566,-3.813199969891587
4.936130869128893e-15,0.3730000701398914,0.2706867485837134,-4.039844000815735
2.804502661847769e-15,0.3007668491601727,0.2917010371099373,-5.114281394023212
3.042666991250411,0.8796245962522704,0.1741522600621511,-16.78759382409008
1.028145822447522e-15,0.6052416646613246,0.2182925267331786,-3.530543734116358
1.028145822447522e-15,0.5672101551464461,0.2256848305169291,-3.516111441688616
2.804502661847769e-15,0.6181248304045219,0.2158724827002128,-4.516962856909581
1.028145822447522e-15,0.6052477312556164,0.2182913774360828,-4.099328507593389
6.728744545674702e-16,0.6392460480222413,0.2119919730270135,-3.802239979390419
4.0479524494288e-15,0.8226897971577358,0.1821974522025329,-4.052597790392641
4.936130869128893e-15,0.6930467771038167,0.2025649941541381,-15.62313558393994
1.028145822447522e-15,0.5672101551464461,0.2256848305169291,-3.516111441688616
1.038263951005382e-15,0.6930468150037363,0.2025649877325287,-10.14448149113957
1.028145822447522e-15,0.5852656174895898,0.2221278684652329,-4.384175306551449
2.804502661847769e-15,0.4964521938082118,0.2405315796323401,-4.314776209695601
1.028145822447522e-15,0.5332077408669358,0.2326306859972822,-3.244415196414555
3.108863506860625,0.9080233798684674,0.1703197093754641,-10.54323076751774
2.093959926088373e-15,0.441902270082025,0.2531028684120055,-9.693074622309821
2.804502661847769e-15,0.5777974496153142,0.2235884738505142,-4.373077198157407
1.028145822447522e-15,0.5332077408669358,0.2326306859972822,-3.244415196414555
1.028145822447522e-15,0.5852656174895898,0.2221278684652329,-4.384175306551449
9.682324783204268e-17,0.63924671419002,0.2119918522959667,-3.86377693145803
1.028145822447522e-15,0.5672101551464461,0.2256848305169291,-3.516111441688616
2.449231293967717e-15,0.6181248304045237,0.2158724827002125,-4.578500141996982
1.028145822447522e-15,0.5852658670886619,0.2221278198964026,-4.44571225861906
5.840566125974614e-16,0.6525115207968657,0.2096080870242954,-3.568899151142938
2.901865037893441,0.8172745803561838,0.1829891107176669,-11.35573786247025
4.936130869128893e-15,0.4132671936794079,0.2601579239239104,-4.32024518557183
9.682324783204268e-17,0.5157905184483154,0.2363214358947787,-3.972279234941524
2.804502661847769e-15,0.6324408004413558,0.2132307116697405,-3.759458449730696
1.028145822447522e-15,0.5672101551464461,0.2256848305169291,-3.516111441688616
2.804502661847769e-15,0.6626145915594996,0.207819204468669,-4.066517053772286
2.804502661847769e-15,0.5460889383402172,0.2299600850215704,-4.230834319207778
1.028145822447522e-15,0.4419022702274642,0.2531028683770157,-3.879004602460101
9.682324783204268e-17,0.63924671419002,0.2119918522959667,-3.86377693145803
1.028145822447522e-15,0.5777967827287149,0.2235886049428574,-4.311540246089796
6.728744545674702e-16,0.6392460480222413,0.2119919730270135,-3.802239979390419
3.17603086687411e-16,0.563440781758044,0.2264386059587569,-3.935581004848827
1.028145822447522e-15,0.4419022702288142,0.2531028683766909,-3.940541554527711
2.804502661847769e-15,0.6324408004413558,0.2132307116697405,-3.759458449730696
1.038263951005382e-15,0.639097284765505,0.2120189363011544,-9.615521297854661
1.028145822447522e-15,0.6052416646613246,0.2182925267331786,-3.530543734116358
5.840566125974614e-16,0.6181248257376151,0.2158724835694674,-4.243480562502147
5.64667360488876e-15,0.2896796496063097,0.2952129457556547,-4.04679916283385
1.028145822447522e-15,0.5672108213141973,0.2256846976480241,-3.577648393756228
1.028145822447522e-15,0.5672108213141973,0.2256846976480241,-3.577648393756228
1.028145822447522e-15,0.5878469993751025,0.2216264402303091,-5.16647976443519
8.48884454792928e-15,0.4962282554023858,0.2405810494158105,-23.94037414798466
2.093959926088373e-15,0.3730064788810807,0.2706850115835898,-4.608628774292766
9.682324783204268e-17,0.5157905184483154,0.2363214358947787,-3.972279234941524
1.028145822447522e-15,0.5332077408669358,0.2326306859972822,-3.244415196414555
2.804502661847769e-15,0.6930468261150615,0.2025649858498706,-10.84298607849118
2.804502661847769e-15,0.5634407871119578,0.2264386048853171,-4.20906329925626
1.028145822447522e-15,0.6052477312556164,0.2182913774360828,-4.099328507593389
2.804502661847769e-15,0.3007668491601727,0.2917010371099373,-5.114281394023212
3.17603086687411e-16,0.5332138074570683,0.2326294166220566,-3.813199969891587
4.936130869128893e-15,0.4132671936794079,0.2601579239239104,-4.32024518557183
2.804502661847769e-15,0.6626145915594996,0.207819204468669,-4.066517053772286
1.028145822447522e-15,0.4419022702288142,0.2531028683766909,-3.940541554527711
1.028145822447522e-15,0.5332077408669358,0.2326306859972822,-3.244415196414555
6.728744545674702e-16,0.6392460480222413,0.2119919730270135,-3.802239979390419
4.936130869128893e-15,0.3228315511191049,0.2849554674455567,-4.546427000087583
9.682324783204268e-17,0.5157905184483154,0.2363214358947787,-3.972279234941524
2.093959926088373e-15,0.3007668232002416,0.2917010452337134,-4.545493613952235
4.936130869128893e-15,0.3228315511191049,0.2849554674455567,-4.546427000087583
2.804502661847769e-15,0.5157902691927072,0.2363214893864199,-3.910742074481927
1.028145822447522e-15,0.4859582429298062,0.2428679004263241,-4.655264765066663
1.028145822447522e-15,0.4964515275054762,0.2405317267991729,-4.25323925762799
2.449231293967717e-15,0.6181248304045237,0.2158724827002125,-4.578500141996982
5.840566125974614e-16,0.6525115207968657,0.2096080870242954,-3.568899151142938
4.936130869128893e-15,0.4132671936794079,0.2601579239239104,-4.32024518557183
1.028145822447522e-15,0.5852656174895898,0.2221278684652329,-4.384175306551449
1.028145822447522e-15,0.4964515275054762,0.2405317267991729,-4.25323925762799
2.093959926088373e-15,0.3170397873097155,0.2866960394036991,-4.615583936313994
4.0479524494288e-15,0.5019915816010947,0.2393131716346126,-4.718363573788117
1.028145822447522e-15,0.5852656174895898,0.2221278684652329,-4.384175306551449
3.594271399786593,1.111319890436572,0.1458976068016023,-8.798136651303871
2.804502661847769e-15,0.5634407871119578,0.2264386048853171,-4.20906329925626
5.64667360488876e-15,0.3167410605835528,0.2867863809927933,-10.79993043062682
1.038263951005382e-15,0.3008202087104728,0.2916843399924863,-11.19349638508054
2.804502661847769e-15,0.6930466988703525,0.2025650074097011,-4.635304830024537
2.804502661847769e-15,0.4964521938082118,0.2405315796323401,-4.314776209695601
8.059169715889889,4.816703422742801,0.01409260053077271,-14.87812189819479
2.499956686310465,0.6306716338591585,0.2135545306237162,-11.25995700095551
4.936130869128893e-15,0.3228315511191049,0.2849554674455567,-4.546427000087583
2.449231293967717e-15,0.6181248304045237,0.2158724827002125,-4.578500141996982
1.028145822447522e-15,0.5852658670886619,0.2221278198964026,-4.44571225861906
4.936130869128893e-15,0.3730000701398914,0.2706867485837134,-4.039844000815735
1.028145822447522e-15,0.5332077408669358,0.2326306859972822,-3.244415196414555
2.804502661847769e-15,0.6930468297749108,0.2025649852297607,-4.401536633267121
1.028145822447522e-15,0.5672108213141973,0.2256846976480241,-3.577648393756228
2.804502661847769e-15,0.5157902691927072,0.2363214893864199,-3.910742074481927
9.682324783204268e-17,0.6628769379441,0.2077730548345472,-4.328243223207829
1.028145822447522e-15,0.5852658670886619,0.2221278198964026,-4.44571225861906
1.028145822447522e-15,0.5672108213141973,0.2256846976480241,-3.577648393756228
3.983953101717313,1.261597326931664,0.1306744774510699,-10.64979162105401
1.028145822447522e-15,0.5852658670886619,0.2221278198964026,-4.44571225861906
2.804502661847769e-15,0.5157902691927072,0.2363214893864199,-3.910742074481927