dN/dS,LRT,p-value,Log(L)
6.728744545674702e-16,0.5388868953509789,0.2314471997751174,-4.139115037200733
4.936130869128893e-15,0.344997775904015,0.2784792595664894,-3.90606497360936
2.093959926088373e-15,0.3396848306708034,0.280005600082592,-4.093943204412454
6.281755849485664,1.972060434876635,0.0801146641217842,-9.670398202744618
5.396476916132113e-16,0.340420067183496,0.2797934257658033,-3.961151701755289
2.093959926088373e-15,0.3864059320282784,0.2670973362376934,-4.397988716004796
1.038263951005382e-15,0.2185898310635537,0.3200582516634092,-4.556824201049626
1.028145822447522e-15,0.4214258269398101,0.2581132202556679,-4.034569525278219
7.097276925670681,2.176563085614838,0.07006353997359227,-9.652453948757094
5.396476916132113e-16,0.340420067183496,0.2797934257658033,-3.961151701755289
4.936130869128893e-15,0.2055331522029693,0.3251456158982791,-4.365928289018108
1.028145822447522e-15,0.3724986121955212,0.2708227253424406,-4.271115698473555
1.028145822447522e-15,0.2055332338186275,0.3251455834955487,-4.921476856907565
4.936130869128893e-15,0.3713499631763728,0.271134670307879,-4.273092816029929
2.093959926088373e-15,0.3446231111025071,0.278586376502846,-4.275661679902217
2.093959926088373e-15,0.3864059320282607,0.2670973362376981,-9.834926149029638
1,0,1,0
1,0,1,0
4.880570977812553,3.138922414097195,0.03822214911422522,-15.55126864888668
2.804502661847769e-15,0.8735859460587712,0.1749822382385668,-10.67460045060363
2.019447834177487,0.3934621043114745,0.2652425818282986,-9.968870247010441
1,0,1,0
1,0,1,0
1,0,1,0
1.947305039322974,0.3576682107707327,0.2749020560643092,-10.10459229492671
1,0,1,0
1,0,1,0
1,0,1,0
1,0,1,0
1,0,1,0
1,0,1,0
1,0,1,0
1,0,1,0
1,0,1,0
1,0,1,0
2.449231293967717e-15,0.9145219211824198,0.1694587300062788,-9.421818513036474
1,0,1,0
1,0,1,0
4.936130869128893e-15,0.9991981036764557,0.1587523105911319,-9.488971279138807
2.804502661847769e-15,0.8365260014886751,0.1801961150368251,-8.807862214907487
1,0,1,0
1,0,1,0
1,0,1,0
1,0,1,0
1,0,1,0
1,0,1,0
1,0,1,0
1,0,1,0
1,0,1,0
2.804502661847769e-15,0.8378005086055076,0.1800132925460994,-11.08345879985946
2.804502661847769e-15,0.9643399386499816,0.1630479251171965,-9.029861179331078
4.936130869128893e-15,0.914521965449719,0.1694587241613379,-9.541252880679583
1,0,1,0
1,0,1,0
1,0,1,0
1,0,1,0
2.804502661847769e-15,0.964381389414644,0.1630427265385851,-9.180876998560912
1,0,1,0
1,0,1,0
1,0,1,0
1.942920429931645,0.3555003237449057,0.2755079616829283,-10.11568597550734
1,0,1,0
1,0,1,0
2.420751175433478,0.5900782920934304,0.2211944226471503,-9.970074551126952
1,0,1,0
1,0,1,0
1,0,1,0
1,0,1,0
1.999686621967352,0.3836173151193378,0.2678368201395159,-9.16112248043574
1.028145822447522e-15,1.037394380095037,0.1542141227267498,-8.829229725312299
2.449231293967717e-15,0.873585946057716,0.1749822382387123,-9.961717357692915
1,0,1,0
1,0,1,0
1,0,1,0
1,0,1,0
1,0,1,0
1,0,1,0
2.137626859509576,0.4509734225018143,0.2509365268639847,-14.03615123511114
1,0,1,0
1,0,1,0
1,0,1,0
1,0,1,0
1,0,1,0
1,0,1,0
4.0479524494288e-15,0.9516073972362165,0.1646552427345992,-9.959585252586605
1,0,1,0
1,0,1,0
1.038263951005382e-15,1.000027223122949,0.158651960404701,-16.42853228628516
1.028145822447522e-15,1.020846306791899,0.1561591734745732,-9.880061336903156
1,0,1,0
4.936130869128893e-15,0.6061786173485224,0.2181151334905366,-8.921997277973825
1,0,1,0
1,0,1,0
1.920901700128348,0.344663815206772,0.2785747353799939,-10.36588737876484
1,0,1,0
3.365867818010348,1.013085677624375,0.1570823697124499,-15.47467418191683
1.028145822447522e-15,0.9057313353889036,0.1706247818879678,-9.37582392565395
1,0,1,0
2.372637260096953,0.5661699789238455,0.2258924456831017,-9.535861371986377
1,0,1,0
1,0,1,0
1.028145822447522e-15,0.8365002547158866,0.180199810934785,-10.65302829901985
1,0,1,0
1,0,1,0
1,0,1,0
2.804502661847769e-15,0.8280252617566433,0.1814220837056546,-19.35648304639113
1,0,1,0
2.388804706581785,0.5739309007012707,0.2243505478515961,-9.557153048253044
1.028145822447522e-15,0.9516073953009716,0.1646552429804933,-10.88426052111892
2.703503643034427,0.7232406285517037,0.197541488614867,-10.00730756262787
1,0,1,0
1,0,1,0
1,0,1,0
1.038263951005382e-15,0.7465474173085234,0.1937857726485243,-9.153871529122895
1,0,1,0
2.746923286394258,0.7431442477888233,0.1943277607043378,-11.02221052989284
1,0,1,0
1,0,1,0
1,0,1,0
1,0,1,0
1,0,1,0
1,0,1,0
1,0,1,0
1,0,1,0
1,0,1,0
1,0,1,0
1,0,1,0
1,0,1,0
1,0,1,0
1,0,1,0
1,0,1,0
1,0,1,0
1,0,1,0
1,0,1,0
1,0,1,0
1,0,1,0
1,0,1,0
1,0,1,0
1,0,1,0
1,0,1,0
1,0,1,0
1,0,1,0
1,0,1,0
2.804502661847769e-15,0.8365260327734418,0.1801961105460226,-10.06754391270515
1,0,1,0
1,0,1,0
1,0,1,0
1,0,1,0
1,0,1,0
1,0,1,0
1,0,1,0
1,0,1,0
1,0,1,0
1,0,1,0
1,0,1,0
1,0,1,0
1,0,1,0
2.14006903905896,0.4529576630008947,0.2504668718056369,-9.168344904388107
1,0,1,0
2.247516545320489,0.5055275677593301,0.2385406868791319,-11.0586102255924
2.804502661847769e-15,0.9048700167177692,0.1707396141681357,-13.17015401079609
1.939202437697796,0.3538789455855742,0.2759627618622058,-8.542927877624221
1,0,1,0
1,0,1,0
1,0,1,0
1,0,1,0
1,0,1,0
1,0,1,0
1,0,1,0
1,0,1,0
1,0,1,0
1,0,1,0
4.042128390115437,1.279484497649101,0.1289974531445528,-13.8924436201687
7.078509681250162,6.499747151904607,0.005394491736974538,-20.2217109675523
1,0,1,0
1,0,1,0
1.028145822447522e-15,0.7465474172762612,0.1937857726536522,-9.145334562507381
2.352841532859404,0.5583889077870801,0.2274550527002202,-11.32891875364728
1,0,1,0
1.038263951005382e-15,0.5359696100306373,0.232053933658972,-10.98332125563276
2.449231293967717e-15,0.9054011768514911,0.1706687868120307,-14.97057451482036
1.028145822447522e-15,0.9145219386776269,0.1694587276962565,-10.92397526488638
1,0,1,0
1,0,1,0
1.028145822447522e-15,0.8735851021896686,0.1749823545991142,-9.828105781185547
1,0,1,0
2.335142112378028,0.5473968229754966,0.2296916529856612,-14.2435065629785
2.804502661847769e-15,0.9643594387957855,0.1630454794645075,-9.101564307460716
6.783897609356315,4.207802641827179,0.02011921479452355,-13.89401783322623
1,0,1,0
1,0,1,0
4.936130869128893e-15,0.8494218977933841,0.1783579657850598,-9.490044959148047
1,0,1,0
1,0,1,0
1,0,1,0
1,0,1,0
1,0,1,0
1,0,1,0
2.158695233646487,0.4628003285629951,0.2481590679125387,-11.93792564793394
1,0,1,0
1,0,1,0
1.921020915635743,0.3446658148024682,0.2785741635317729,-17.84091292120313
2.449231293967717e-15,0.8365260034894177,0.1801961147496266,-11.51374180551895
2.000009694851419,0.3837638999823838,0.2677978563438257,-11.66288653218195
4.637259639035484,2.965368036631979,0.04253254924450595,-17.2655634228794
1,0,1,0
1,0,1,0
1,0,1,0
1,0,1,0
1.038263951005382e-15,0.5061949859191088,0.2383953365483643,-9.002966759673496
1,0,1,0
1,0,1,0
1,0,1,0
1,0,1,0
3.056957041060474,0.8826673164212018,0.1737360811769012,-11.20598367191081
1,0,1,0
1,0,1,0
1,0,1,0
1,0,1,0
2.804502661847769e-15,0.9145219616297773,0.1694587246657133,-11.35796587688296
1,0,1,0
1,0,1,0
1,0,1,0
1,0,1,0
1,0,1,0
1,0,1,0
4.936130869128893e-15,0.6063837316315812,0.2180763285832683,-9.499136930138953
2.34890377889994,0.5554801663128011,0.2280435532406852,-9.697198189457067
2.226571459221914,0.4957569443003216,0.2406852203920978,-10.78511000862662
4.88859397368104,3.132572129264474,0.03837128571325199,-18.88547302464868
1,0,1,0
1,0,1,0
1,0,1,0
1,0,1,0
2.597016637242624,0.6748100981397727,0.2056897988125145,-12.46979276724648
1.028145822447522e-15,0.9469372484705474,0.1652500607930243,-8.161635553187789
1,0,1,0
1.028145822447522e-15,0.931582670897253,0.1672260032566656,-11.05830390852918
2.208536452071125,0.4871695649596042,0.2425963103789745,-9.119677270363839
1,0,1,0
2.263104269672727,0.5132260528654946,0.2368728237375257,-9.55281846820035
1.038263951005382e-15,0.8381468299522048,0.1799636584086137,-8.675149004023663
1.028145822447522e-15,0.8735859459983146,0.1749822382469032,-8.9658286074048
1,0,1,0
1,0,1,0
1.941249439320353,0.354294703096901,0.2758460066337855,-9.101387986666079
1,0,1,0
1,0,1,0
1,0,1,0
1,0,1,0
1,0,1,0
1,0,1,0
1,0,1,0
1,0,1,0
2.804502661847769e-15,0.8735854199956847,0.1749823107770423,-9.416033535109959
1,0,1,0
4.936130869128893e-15,1.020670810825109,0.15617997191599,-15.49723167768297
1,0,1,0
1,0,1,0
1,0,1,0
1,0,1,0
1,0,1,0
1,0,1,0
1,0,1,0
1,0,1,0
1.028145822447522e-15,0.9058644299013636,0.1706070468117704,-10.7731839835551
1,0,1,0
1,0,1,0
1,0,1,0
1,0,1,0
1,0,1,0
1,0,1,0
1,0,1,0
1.028145822447522e-15,0.8486568243438697,0.1784662967855118,-10.86464182939226
1,0,1,0
1,0,1,0
3.551572268107769,1.090164727256024,0.1482173567892744,-8.986109715754838
1,0,1,0
1,0,1,0
1,0,1,0
1,0,1,0
1,0,1,0
1,0,1,0
1,0,1,0
2.144921580302239,0.455417031299195,0.2498868275348807,-8.475112797249471
1,0,1,0
1,0,1,0
2.804502661847769e-15,0.9516073555273081,0.1646552480341746,-9.18706310046397
1,0,1,0
1,0,1,0
1,0,1,0
1,0,1,0
1,0,1,0
1.028145822447522e-15,0.9054679200402624,0.1706598897651841,-14.70542885113059
1,0,1,0
4.291940654814944,2.732044089617013,0.04917666525348646,-16.17269938733955
1,0,1,0
1,0,1,0
1,0,1,0
1,0,1,0
1,0,1,0
1,0,1,0
1,0,1,0
1,0,1,0
1,0,1,0
2.804502661847769e-15,0.9058357760377191,0.1706108647793868,-10.26673503988371
1,0,1,0
1,0,1,0
1,0,1,0
1,0,1,0
1,0,1,0
1,0,1,0
2.804502661847769e-15,0.914521923692643,0.1694587296748353,-10.52802274500242
1,0,1,0
1,0,1,0
1,0,1,0
1,0,1,0
1,0,1,0
1,0,1,0
2.139023857174286,0.4528831239551927,0.250484487612786,-11.02672961016022
2.804502661847769e-15,0.9173092376412839,0.1690912359470593,-10.21308506590206
1,0,1,0
1,0,1,0
1,0,1,0
1.028145822447522e-15,0.9145219654497758,0.1694587241613305,-10.2486963583543
1,0,1,0
1,0,1,0
2.22331376436228,0.4936565907602244,0.2411503507471637,-11.07382230805512
1,0,1,0
1,0,1,0
1,0,1,0
1,0,1,0
1,0,1,0
1,0,1,0
5.840566125974614e-16,1.032842239531121,0.1547460205231548,-10.66029869065224
1,0,1,0
5.64667360488876e-15,0.5743249491562352,0.2242726984859042,-11.28650160671429
1,0,1,0
1,0,1,0
1,0,1,0
1.028145822447522e-15,0.9646058716638741,0.1630145767418013,-11.06872543151673
1,0,1,0
1,0,1,0
1,0,1,0
1,0,1,0
1,0,1,0
1,0,1,0
1,0,1,0
1,0,1,0
1,0,1,0
1.028145822447522e-15,1.027124239197477,0.1554175297777928,-11.13735264989326
1.038263951005382e-15,0.9516073574355914,0.1646552477917064,-23.33212425466771
1,0,1,0
1,0,1,0
1,0,1,0
21.95576683405185,37.24923387203491,5.197791086430925e-10,-38.92968418482014
6.728744545674702e-16,0.7560809789697558,0.1922788799182484,-3.695236229620653
1.20578150638828e-15,0.7811339377179003,0.1883972828034123,-11.79476687739239
2.804502661847769e-15,0.2204489178909608,0.3193490390996921,-4.462361248262795
2.449231293967717e-15,0.3917159999518738,0.2656993879313288,-4.2101104852017
2.093959926088373e-15,0.4053569677869966,0.2621677913917581,-4.035818040268058
6.728744545674702e-16,0.5388868953509789,0.2314471997751174,-4.139115037200733
1.038263951005382e-15,0.3713499556311497,0.271134672359149,-4.550289570004167
4.936130869128893e-15,0.4145880368536918,0.2598249685182242,-3.931694503451987
9.682324783204268e-17,0.4257905781855165,0.2570308546860567,-4.31416984424896
2.804502661847769e-15,0.2204489178909608,0.3193490390996921,-4.462361248262795
2.093959926088373e-15,0.3031495717863786,0.2909573131275542,-3.955441184350367
9.682324783204268e-17,0.4257905781855165,0.2570308546860567,-4.31416984424896
2.093959926088373e-15,0.3446231111025071,0.278586376502846,-4.275661679902217
1.028145822447522e-15,0.4042391664591207,0.2624540277711798,-4.274736070635615
2.449231293967717e-15,0.3828941904074288,0.2680291851435322,-4.235820312062116
4.936130869128893e-15,0.2463244645223455,0.3098375545473326,-3.958691997207458
4.936130869128893e-15,0.3678669333746862,0.2720846370871349,-3.627648991859646
2.093959926088373e-15,0.3173227294818144,0.2866105230898034,-4.376112387255483
2.449231293967717e-15,0.3917159999518738,0.2656993879313288,-4.2101104852017
2.093959926088373e-15,0.4053569677869966,0.2621677913917581,-4.035818040268058
1.038263951005382e-15,0.3886276266797033,0.2665108314417093,-9.041545036182542
2.093959926088373e-15,0.4053569677869966,0.2621677913917581,-4.035818040268058
4.936130869128893e-15,0.2463244645223455,0.3098375545473326,-3.958691997207458
4.936130869128893e-15,0.3864059199595964,0.2670973394300474,-4.119636912023894
4.936130869128893e-15,0.3864059199595964,0.2670973394300474,-4.119636912023894
4.936130869128893e-15,0.4145880368536918,0.2598249685182242,-3.931694503451987
2.804502661847769e-15,0.3396562974366919,0.2800138403933096,-4.622842012171787
4.0479524494288e-15,0.3449891027332903,0.2784817383475758,-3.350520677004987
1.028145822447522e-15,0.4214258269398101,0.2581132202556679,-4.034569525278219
2.093959926088373e-15,0.3396848306708034,0.280005600082592,-4.093943204412454
4.936130869128893e-15,0.2463244645223455,0.3098375545473326,-3.958691997207458
4.936130869128893e-15,0.3864059199595964,0.2670973394300474,-4.119636912023894
4.936130869128893e-15,0.3864059199595964,0.2670973394300474,-4.119636912023894
4.936130869128893e-15,0.3404203347078028,0.2797933486196373,-4.006774936255785
4.936130869128893e-15,0.4145880368536918,0.2598249685182242,-3.931694503451987
4.936130869128893e-15,0.2463244645223455,0.3098375545473326,-3.958691997207458
4.936130869128893e-15,0.3404203347078028,0.2797933486196373,-4.006774936255785
4.936130869128893e-15,0.3678669333746862,0.2720846370871349,-3.627648991859646
1.038263951005382e-15,0.4234465001813597,0.257611149200445,-10.22610450571915
4.936130869128893e-15,0.344997775904015,0.2784792595664894,-3.90606497360936
1.028145822447522e-15,0.2055332338186275,0.3251455834955487,-4.921476856907565
4.936130869128893e-15,0.3678669333746862,0.2720846370871349,-3.627648991859646
3.17603086687411e-16,0.3838002530317199,0.2677881949151318,-3.719191774030782
1.038263951005382e-15,0.2185898310635537,0.3200582516634092,-4.556824201049626
4.936130869128893e-15,0.2946576121419815,0.2936255832841995,-3.996002606246909
1.038263951005382e-15,0.368556034872455,0.2718962033971721,-4.576969659002984
4.0479524494288e-15,0.2986025978076405,0.2923798977428186,-3.343560417671918
1.20578150638828e-15,0.2940214258415477,0.2938274780957527,-4.127733882044756
1.028145822447522e-15,0.3184088306187487,0.2862827260928775,-3.664283440659269
1.028145822447522e-15,0.339056269389463,0.2801872341463655,-4.198393789192735
4.0479524494288e-15,0.2986025978076405,0.2923798977428186,-3.343560417671918
2.093959926088373e-15,0.2983096684791793,0.2924720261923645,-4.266673119054148
4.936130869128893e-15,0.3314323528754262,0.2824084408078706,-4.227208928137965
1.038263951005382e-15,0.2132262561103992,0.3221251822343562,-4.502519597802866
4.0479524494288e-15,0.2946573620478983,0.2936256625965254,-3.95075656333252
1.340273035413137e-15,0.3390481502496865,0.2801895817920206,-3.647605929264258
4.0479524494288e-15,0.2986025978076405,0.2923798977428186,-3.343560417671918
1.340273035413137e-15,0.3390481502496865,0.2801895817920206,-3.647605929264258
2.093959926088373e-15,0.2983096684791793,0.2924720261923645,-4.266673119054148
1.985752832009056e-14,0.2370846058006641,0.3131598706171256,-11.17771718566871
1.340273035413137e-15,0.3390481502496865,0.2801895817920206,-3.647605929264258
1.985752832009056e-14,0.3214351027322984,0.28537323728699,-12.23616411015909
1.340273035413137e-15,0.3390481502496865,0.2801895817920206,-3.647605929264258
1.038263951005382e-15,0.368556034872455,0.2718962033971721,-4.576969659002984
2.287852447174094e-16,0.3322035724482104,0.2821822083551276,-3.711241205294612
4.0479524494288e-15,0.2946573620478983,0.2936256625965254,-3.95075656333252
1.038263951005382e-15,0.2132262561103992,0.3221251822343562,-4.502519597802866
1.028145822447522e-15,0.3588570750098086,0.2745708364720089,-3.968328952251611
2.093959926088373e-15,0.2940112320500514,0.2938307154129657,-4.565763154584054
1.028145822447522e-15,0.339056269389463,0.2801872341463655,-4.198393789192735
4.0479524494288e-15,0.2986025978076405,0.2923798977428186,-3.343560417671918
2.271595610028619e-15,0.2623958329533291,0.3042394713735578,-3.90120679077852
1.038263951005382e-15,0.3214351027475253,0.2853732372824281,-4.261637325700804
1.028145822447522e-15,0.339056269389463,0.2801872341463655,-4.198393789192735
1.028145822447522e-15,0.3588570750098086,0.2745708364720089,-3.968328952251611
2.093959926088373e-15,0.2940214258415441,0.2938274780957539,-4.082487714083329
4.0479524494288e-15,0.2986025978076405,0.2923798977428186,-3.343560417671918
2.744589317728e-16,0.3705576695379271,0.2713502236691948,-3.636269863573428
4.936130869128893e-15,0.3588564042772484,0.2745710231289545,-3.923083119527834
1.028145822447522e-15,0.2940112337365175,0.2938307148773763,-4.611009321702251
1.488372916983042e-14,0.1908288720460067,0.3311138240610402,-4.462361248262796
1.028145822447522e-15,0.2352271447996532,0.3138373885385942,-4.08812035852011
2.093959926088373e-15,0.2623958329580942,0.3042394713719304,-3.946452623502298
1.028145822447522e-15,0.3184088306187487,0.2862827260928775,-3.664283440659269
2.269969926313108e-14,0.3344696609203606,0.2815194837679273,-4.66078853075882
1.028145822447522e-15,0.339056269389463,0.2801872341463655,-4.198393789192735
2.093959926088373e-15,0.2940112320500514,0.2938307154129657,-4.565763154584054
2.093959926088373e-15,0.2940112320500514,0.2938307154129657,-4.565763154584054
1.038263951005382e-15,0.3214351027475253,0.2853732372824281,-4.261637325700804
2.093959926088373e-15,0.3344696680930568,0.2815194816749961,-4.431779393637098
2.804502661847769e-15,0.1779145511601268,0.3365858008967391,-4.898066726664469
1.028145822447522e-15,0.339056269389463,0.2801872341463655,-4.198393789192735
1.028145822447522e-15,0.3184088306187487,0.2862827260928775,-3.664283440659269
4.936130869128893e-15,0.2132172927757638,0.3221286626682079,-3.951731737874389
1.038263951005382e-15,0.3312556220688947,0.2824603330402849,-9.88170925885003
2.744589317728e-16,0.2940214113671544,0.2938274826924406,-3.805951175677082
4.0479524494288e-15,0.2946573620478983,0.2936256625965254,-3.95075656333252
4.936130869128893e-15,0.3588564042772484,0.2745710231289545,-3.923083119527834
1.985752832009056e-14,0.1779144687804237,0.3365858365386485,-4.347274873159197
2.093959926088373e-15,0.2940214258415441,0.2938274780957539,-4.082487714083329
1.028145822447522e-15,0.3588570750098086,0.2745708364720089,-3.968328952251611
1.028145822447522e-15,0.2352271447996532,0.3138373885385942,-4.08812035852011
1.340273035413137e-15,0.3390481502496865,0.2801895817920206,-3.647605929264258
2.093959926088373e-15,0.4664510155117707,0.2473122070994724,-4.139115037200734
1.028145822447522e-15,0.3184088306187487,0.2862827260928775,-3.664283440659269
4.0479524494288e-15,0.2986025978076405,0.2923798977428186,-3.343560417671918
2.804502661847769e-15,0.1779145511601268,0.3365858008967391,-4.898066726664469
1.038263951005382e-15,0.2983089975178608,0.2924722372820848,-4.221427286330369
1.340273035413137e-15,0.3390481502496865,0.2801895817920206,-3.647605929264258
4.0479524494288e-15,0.2986025978076405,0.2923798977428186,-3.343560417671918
2.744589317728e-16,0.2940214113671544,0.2938274826924406,-3.805951175677082
7.010006752489313,2.151391516936016,0.07122037026621481,-7.861702329432914
4.0479524494288e-15,0.2986107169297103,0.2923773450545273,-3.894348277600395
4.936130869128893e-15,0.2132172927757638,0.3221286626682079,-3.951731737874389
2.804502661847769e-15,0.1779145511601268,0.3365858008967391,-4.898066726664469
1.20578150638828e-15,0.3498979392764952,0.2770854549437644,-4.262029065223578
1.340273035413137e-15,0.3390481502496865,0.2801895817920206,-3.647605929264258
1.340273035413137e-15,0.3184081598863067,0.2862829282995736,-3.619037607935492
2.093959926088373e-15,0.334469668093055,0.2815194816749966,-4.38653322567567
1.028145822447522e-15,0.339056269389463,0.2801872341463655,-4.198393789192735
4.936130869128893e-15,0.3588564042772484,0.2745710231289545,-3.923083119527834
2.093959926088373e-15,0.4664510155117707,0.2473122070994724,-4.139115037200734
4.936130869128893e-15,0.3685563628816215,0.2718961137610151,-4.347960521881264
1.340273035413137e-15,0.3184081598863067,0.2862829282995736,-3.619037607935492
9.682324783204268e-17,0.3685563627202768,0.2718961138051063,-4.302714353919835
2.804502661847769e-15,0.3224333705601392,0.2850744675571973,-4.262504314549402
2.093959926088373e-15,0.2983096684791793,0.2924720261923645,-4.266673119054148
7.102945363043075,2.168745381739146,0.07042054868398445,-10.77402161318627
2.744589317728e-16,0.3705576695379271,0.2713502236691948,-3.636269863573428
2.093959926088373e-15,0.2623958329580942,0.3042394713719304,-3.946452623502298
4.936130869128893e-15,0.3314330250364819,0.2824082434810802,-4.272454760861742
4.0479524494288e-15,0.2986025978076405,0.2923798977428186,-3.343560417671918
2.804502661847769e-15,0.3224333705601392,0.2850744675571973,-4.262504314549402
1.028145822447522e-15,0.3588570750098086,0.2745708364720089,-3.968328952251611
1.340273035413137e-15,0.3184081598863067,0.2862829282995736,-3.619037607935492
2.093959926088373e-15,0.3344696680930568,0.2815194816749961,-4.431779393637098
2.804502661847769e-15,0.3224336212313137,0.2850743926111305,-4.30775014727318
2.744589317728e-16,0.3705576695379271,0.2713502236691948,-3.636269863573428
1.038263951005382e-15,0.3508669276518095,0.2768113966002475,-4.02617781551359
1.985752832009056e-14,0.2357444284043737,0.3136483756486678,-9.959590501825
4.936130869128893e-15,0.2946576121419815,0.2936255832841995,-3.996002606246909
2.287852447174094e-16,0.3322035724482104,0.2821822083551276,-3.711241205294612
1.340273035413137e-15,0.3184081598863067,0.2862829282995736,-3.619037607935492
1.038263951005382e-15,0.3508669276518095,0.2768113966002475,-4.02617781551359
2.093959926088373e-15,0.2940214258415441,0.2938274780957539,-4.082487714083329
2.271595610028619e-15,0.2623958329533291,0.3042394713735578,-3.90120679077852
1.028145822447522e-15,0.3588570750098086,0.2745708364720089,-3.968328952251611
4.936130869128893e-15,0.3314330250364819,0.2824082434810802,-4.272454760861742
5.961167723279066,1.884093549332821,0.08493480886111682,-9.182940687169623
8.48884454792928e-15,0.3214350903252239,0.2853732410040884,-9.857805217965318
2.093959926088373e-15,0.2623958329580942,0.3042394713719304,-3.946452623502298
2.287852447174094e-16,0.3322035724482104,0.2821822083551276,-3.711241205294612
4.936130869128893e-15,0.3588564042772484,0.2745710231289545,-3.923083119527834
1.340273035413137e-15,0.3390481502496865,0.2801895817920206,-3.647605929264258
2.269969926313108e-14,0.3344696559208611,0.2815194852267385,-4.109996687269427
8.054333073515119e-16,0.1730109829875044,0.3387247994655611,-3.987816223198755
1.028145822447522e-15,0.3184088306187487,0.2862827260928775,-3.664283440659269
1.028145822447522e-15,0.3184088306187487,0.2862827260928775,-3.664283440659269
2.804502661847769e-15,0.2840946645900715,0.2970149509680526,-9.676907319250473
5.64667360488876e-15,0.2977848362882192,0.2926372367841929,-8.784002330825173
1.038263951005382e-15,0.2132262561103992,0.3221251822343562,-4.502519597802866
4.936130869128893e-15,0.2946576121419815,0.2936255832841995,-3.996002606246909
4.0479524494288e-15,0.2986107169297103,0.2923773450545273,-3.894348277600395
1.038263951005382e-15,0.3508669276518095,0.2768113966002475,-4.02617781551359
1.038263951005382e-15,0.3214351027475253,0.2853732372824281,-4.261637325700804
1.028145822447522e-15,0.339056269389463,0.2801872341463655,-4.198393789192735
2.804502661847769e-15,0.1779145511601268,0.3365858008967391,-4.898066726664469
4.0479524494288e-15,0.2986107169297103,0.2923773450545273,-3.894348277600395
1.028145822447522e-15,0.2352271447996532,0.3138373885385942,-4.08812035852011
1.038263951005382e-15,0.368556034872455,0.2718962033971721,-4.576969659002984
2.093959926088373e-15,0.2623958329580942,0.3042394713719304,-3.946452623502298
4.0479524494288e-15,0.2986025978076405,0.2923798977428186,-3.343560417671918
4.936130869128893e-15,0.3588564042772484,0.2745710231289545,-3.923083119527834
1.488372916983042e-14,0.1908288720460067,0.3311138240610402,-4.462361248262796
4.936130869128893e-15,0.2946576121419815,0.2936255832841995,-3.996002606246909
1.985752832009056e-14,0.1779144687804237,0.3365858365386485,-4.347274873159197
1.488372916983042e-14,0.1908288720460067,0.3311138240610402,-4.462361248262796
4.0479524494288e-15,0.2946573620478983,0.2936256625965254,-3.95075656333252
4.936130869128893e-15,0.274676143409474,0.3001060424782832,-4.409903064887786
1.038263951005382e-15,0.2983089975178608,0.2924722372820848,-4.221427286330369
2.093959926088373e-15,0.3344696680930568,0.2815194816749961,-4.431779393637098
2.744589317728e-16,0.3705576695379271,0.2713502236691948,-3.636269863573428
1.028145822447522e-15,0.2352271447996532,0.3138373885385942,-4.08812035852011
2.804502661847769e-15,0.3224333705601392,0.2850744675571973,-4.262504314549402
1.038263951005382e-15,0.2983089975178608,0.2924722372820848,-4.221427286330369
1.038263951005382e-15,0.1892175077206772,0.3317843392377295,-4.538604083143205
2.093959926088373e-15,0.2940112320500514,0.2938307154129657,-4.565763154584054
2.804502661847769e-15,0.3224333705601392,0.2850744675571973,-4.262504314549402
1.038263951005382e-15,0.3214351027475253,0.2853732372824281,-4.261637325700804
2.093959926088373e-15,0.334469668093055,0.2815194816749966,-4.38653322567567
1.038263951005382e-15,0.1892175077206772,0.3317843392377295,-4.538604083143205
1.038263951005382e-15,0.1892175077206772,0.3317843392377295,-4.538604083143205
1.038263951005382e-15,0.368556034872455,0.2718962033971721,-4.576969659002984
2.093959926088373e-15,0.2983096684791793,0.2924720261923645,-4.266673119054148
4.936130869128893e-15,0.2946576121419815,0.2936255832841995,-3.996002606246909
2.093959926088373e-15,0.4664510155117707,0.2473122070994724,-4.139115037200734
1.488372916983042e-14,0.1908288720460067,0.3311138240610402,-4.462361248262796
2.093959926088373e-15,0.3344696680930568,0.2815194816749961,-4.431779393637098
2.804502661847769e-15,0.3224336212313137,0.2850743926111305,-4.30775014727318
2.459349422572445e-15,0.2129704874912122,0.3222245312486154,-9.416503338140798
4.0479524494288e-15,0.2986025978076405,0.2923798977428186,-3.343560417671918
4.936130869128893e-15,0.3685563628816215,0.2718961137610151,-4.347960521881264
1.028145822447522e-15,0.3184088306187487,0.2862827260928775,-3.664283440659269
4.0479524494288e-15,0.2946573620478983,0.2936256625965254,-3.95075656333252
1.20578150638828e-15,0.3498979392764952,0.2770854549437644,-4.262029065223578
2.804502661847769e-15,0.3224336212313137,0.2850743926111305,-4.30775014727318
1.028145822447522e-15,0.3184088306187487,0.2862827260928775,-3.664283440659269
4.0479524494288e-15,0.2946573620478983,0.2936256625965254,-3.95075656333252
2.804502661847769e-15,0.3224336212313137,0.2850743926111305,-4.30775014727318
4.0479524494288e-15,0.2946573620478983,0.2936256625965254,-3.95075656333252