Observed S Changes	Observed NS Changes	E[S Sites]	E[NS Sites]	Observed S. Prop.	P{S}	dS	dN	dN-dS	P{S leq. observed}	P{S geq. observed}	Scaled dN-dS
4	0	0.9999999999999979	1.999999999999996	1	0.3333333333333333	4.000000000000009	0	-4.000000000000009	1	0.01234567901234551	-1.096518374428816
12	5	0.9994604000049767	2.000539599995017	0.7058823529411765	0.3331534666683262	12.00647869584452	2.49932568193724	-9.507153013907285	0.9996605812245168	0.001864917450441483	-2.606191992063903
16	1	1.771012422761403	1.228414930052059	0.9411764705882353	0.5904501807987427	9.03438044497307	0.8140571850242986	-8.220323259948772	0.9998711408035871	0.001648314112768667	-2.253433874569599
3	0	0.7722867690734293	2.086513995486945	1	0.270143613590432	3.884567391461757	0	-3.884567391461757	0.9999999999999998	0.01971442500132903	-1.064874880361206
4	3	1.170039601257804	1.829960398742188	0.5714285714285714	0.3900132004192689	3.418687705698134	1.639379738524413	-1.779307967173721	0.9130886306815296	0.2707118235805466	-0.4877609699433914
7	0	0.9999999999999978	1.989000272768465	1	0.3345600229985195	7.000000000000016	0	-7.000000000000016	0.9999999999999999	0.0004691571261207228	-1.918907155250429
8	0	0.7733344278782797	2.226665572121714	1	0.2577781426260938	10.34481294457406	0	-10.34481294457406	1	1.949704172343747e-05	-2.835819368438624
0	1	0.7722867690734294	2.227590266625552	0	0.2574394749795083	0	0.4489155905295109	0.4489155905295109	0.7425605250204916	0.2574394749795084	0.1230610483957926
2	2	0.9999999999999981	1.99990780824778	0.5	0.3333435771761566	2.000000000000004	1.000046098001038	-0.9999539019989663	0.8888797830409512	0.4074256186835333	-0.274116956780914
8	0	0.999999999999998	1.999999999999996	1	0.3333333333333334	8.000000000000016	0	-8.000000000000016	1	0.0001524157902758061	-2.193036748857632
3	3	0.9998994212424321	1.999684253092534	0.5	0.3333460672551895	3.000301766624016	1.500236847572544	-1.500064919051472	0.8998502485953528	0.3196410658746049	-0.4112121866440026
7	0	0.7722867690734293	2.227713230926564	1	0.2574289230244771	9.063990580077434	0	-9.063990580077434	0.9999999999999999	7.492062272995703e-05	-2.484708054176147
7	0	0.9999999999999979	1.93310645377504	1	0.3409354606659276	7.000000000000015	0	-7.000000000000015	1	0.000535433107607064	-1.918907155250428
20	1	0.9998651735835187	2.000134826416475	0.9523809523809523	0.3332883911945069	20.0026968919419	0.4999662956679984	-19.5027305962739	0.9999999999046708	4.099946826485734e-09	-5.346275612587338
4	8	0.5369785357586698	2.460666023340933	0.3333333333333333	0.1791334913702914	7.44908731658818	3.251152299464889	-4.197935017123291	0.9519620420289057	0.1531113265029486	-1.150778220233456
4	0	0.9999999999999981	1.999999999999996	1	0.3333333333333334	4.000000000000008	0	-4.000000000000008	1	0.01234567901234573	-1.096518374428816
1	1	0.8137100797974359	2.082966569934187	0.5	0.280911602568007	1.228938936394814	0.4800845171661087	-0.748854419228705	0.921088671542674	0.4829118766786881	-0.2052831576141233
1	0	0.999999999999998	1.999999999999996	1	0.3333333333333334	1.000000000000002	0	-1.000000000000002	1	0.3333333333333334	-0.274129593607204
4	1	0.9123788660722412	2.087621133927752	0.8	0.3041262886907478	4.384143636754607	0.4790141198266907	-3.905129516927917	0.9973982245524995	0.0323674879815844	-1.070511567458944
14	5	0.9990554458621494	2.000944554137844	0.7368421052631579	0.3330184819540506	14.01323626029434	2.498819864678546	-11.51441639561579	0.9999401018593647	0.0003765855061305112	-3.156442287154278
1	5	0.7722867690734294	2.227713230926565	0.1666666666666667	0.257428923024477	1.294855797153919	2.244454057455307	0.9495982603013879	0.5163970746003376	0.832340495962708	0.2603129851865269
3	1	0.7723839653577236	2.227507111991439	0.75	0.2574706699152012	3.884078560085816	0.4489323489099787	-3.435146211175837	0.9956054839796954	0.05508855488194775	-0.9416752348509569
6	9	0.8841201294056067	1.361441884027902	0.4	0.3937188659750124	6.786408091436392	6.610638401525443	-0.1757696899109495	0.6291690292571149	0.5771731074878733	-0.04818367366375277
4	2	0.9132446743115692	2.086755325688424	0.6666666666666666	0.3044148914371905	4.379987217571587	0.9584257317470589	-3.421561485824528	0.9882940588696461	0.07402995059706696	-0.9379512596111371
5	0	0.8134886383682444	2.119166234585194	1	0.2773898305834367	6.146367342055778	0	-6.146367342055778	1	0.001642300694642551	-1.684901181638338
8	0	0.9999999999999974	1.999999999999995	1	0.3333333333333333	8.000000000000021	0	-8.000000000000021	1	0.000152415790275473	-2.193036748857633
6	0	0.9999999999999979	1.999999999999996	1	0.3333333333333333	6.000000000000012	0	-6.000000000000012	1	0.001371742112482699	-1.644777561643224
3	1	0.7723174697071198	2.227682530292874	0.75	0.2574391565690405	3.88441297480642	0.4488969978448993	-3.43551597696152	0.9956076350671421	0.05506994254253872	-0.9417765985955161
6	0	0.9999999999999981	1.999999999999996	1	0.3333333333333334	6.000000000000012	0	-6.000000000000012	0.9999999999999999	0.001371742112482921	-1.644777561643224
5	1	0.9999693928364968	2.000030607163497	0.8333333333333334	0.3333231309454996	5.000153040501652	0.4999923483262239	-4.500160692175428	0.9986285097790533	0.01783012848909638	-1.233627221713162
14	0	0.864014116918666	2.068640756034771	1	0.2946184103990829	16.20343895528953	0	-16.20343895528953	0.9999999999999987	3.712259810662033e-08	-4.441842135852649
12	1	1.77004592825984	1.229382373040639	0.9230769230769231	0.5901277678457562	6.779485101721282	0.8134165756148706	-5.966068526106412	0.9989473144654999	0.01055751772980984	-1.635475940494278
3	1	0.9999766666713575	2.000023333328635	0.75	0.33332555555712	3.000070001619298	0.499994166735896	-2.500075834883402	0.9876554732104685	0.1111041976532423	-0.6853447726037769
6	0	0.8648803372540447	1.36283289367252	1	0.3882368364326311	6.93737589069226	0	-6.93737589069226	0.9999999999999999	0.003424368052834637	-1.90174003361588
3	23	0.7747760088300844	2.225223991169907	0.1153846153846154	0.2582586696100289	3.872086855825615	10.33603812077713	6.463951264951518	0.0673746153064048	0.9790710396190943	1.771960333357928
7	2	0.9998159713174172	2.000091738046389	0.7777777777777778	0.3332822433825637	7.001288437887607	0.9999541330806764	-6.001334304806931	0.9990358207523075	0.008273411734828651	-1.645143334077693
3	5	0.9999999999999977	1.775303862246378	0.375	0.3603209052541662	3.000000000000007	2.816419265642367	-0.1835807343576406	0.6840172963894176	0.5965694777066968	-0.05032491210357198
3	8	0.8043287902743389	2.195615448770561	0.2727272727272727	0.2681145801998024	3.729818000144898	3.643625300814683	-0.08619269933021512	0.6623751866239859	0.5994370877012908	-0.02362796963929975
2	7	0.9956466908817831	2.004307935498708	0.2222222222222222	0.3318872499358606	2.008744686560172	3.49247731649492	1.483732629934748	0.3807406653151212	0.8548900796032816	0.4067350228657597
2	12	0.8498509643473953	2.074960004317473	0.1428571428571428	0.2905661163925884	2.353353804258856	5.783244002308962	3.429890198050106	0.1799609201951811	0.9449137792713803	0.9402344061088062
0	1	0.1883943211323622	2.811605678867631	0	0.06279810704412087	0	0.3556686513745939	0.3556686513745939	0.9372018929558792	0.06279810704412081	0.09749930286013955
9	0	0.7722867690734292	2.086513995486945	1	0.2701436135904319	11.65370217438528	0	-11.65370217438528	1	7.66217989689455e-06	-3.194624641083619
0	18	0.7731565169652358	2.226618336358333	0	0.2577381819534307	0	8.084007800564178	8.084007800564178	0.00467765490284576	0.9953223450971542	2.216065773086121
6	9	0.7731991896326723	2.226800810367321	0.4	0.2577330632108913	7.759966746538431	4.041672680420575	-3.718294066117856	0.9344213584182784	0.1659167566654416	-1.019294441256964
5	1	0.9999999999999979	1.999999999999996	0.8333333333333334	0.3333333333333333	5.000000000000011	0.5000000000000011	-4.50000000000001	0.9986282578875173	0.01783264746227697	-1.233583171232418
8	4	0.7722867690734287	2.227314465844634	0.6666666666666666	0.2574631454619082	10.35884637723136	1.795884712885899	-8.562961664345462	0.9995026804369412	0.003402665301097008	-2.347361201121084
11	7	0.8910739951700141	1.357418974199617	0.6111111111111112	0.3962983239479855	12.34465382182008	5.156845552514433	-7.187808269305645	0.9812806146127927	0.05393668307158395	-1.970390959791253
6	7	0.913523088759888	2.086476911240105	0.4615384615384616	0.3045076962532967	6.567978493181852	3.35493767618043	-3.213040817001422	0.9328604391816756	0.1748240679972026	-0.8807895734079567
3	6	0.9997996697589738	2.00020033024102	0.3333333333333333	0.3332665565863253	3.000601111143819	2.999699534734609	-0.0009015764092095147	0.6504715116713782	0.6226575598384749	-0.000247148774662446
2	0	0.7722867690734293	2.227713230926564	1	0.257428923024477	2.589711594307838	0	-2.589711594307838	1	0.06626965040954214	-0.7099165869074707
16	0	0.9999999999999974	1.934031999908296	1	0.3408279119080002	16.00000000000004	0	-16.00000000000004	1.000000000000001	3.315602459252887e-08	-4.386073497715267
4	7	0.8145634640197343	2.112703227875395	0.3636363636363636	0.2782675955952552	4.910605712979894	3.313290720457427	-1.597314992522467	0.8349414437043144	0.3668942235863752	-0.4378713097628772
8	2	0.7723034174203863	2.227654769135421	0.8	0.2574380605974554	10.35862307423324	0.8978051840484348	-9.460817890184806	0.9999618417124781	0.0005168544265592434	-2.593490163428121
2	1	0.7720781945577568	2.086293309042249	0.6666666666666666	0.2701112131804262	2.590411196816135	0.4793189891689142	-2.111092207647221	0.9802926676576845	0.1794655377727735	-0.5787128489496668
0	2	0.9999748297608417	2.000011231158042	0	0.3333264920086174	0	0.9999943844525137	0.9999943844525137	0.4444535662575361	0.5555464337424639	0.2741280542194531
10	1	1.771324670854322	1.228287616342539	0.9090909090909091	0.5905178740648598	5.645492418494308	0.8141415631769462	-4.831350855317361	0.9969551666814954	0.02626996100136803	-1.324416246541963
0	2	0.187362012096418	2.812637987903576	0	0.06245400403213946	0	0.7110762240293558	0.7110762240293558	0.8789924945553677	0.1210075054446323	0.1949270363169121
1	0	0.7722867690734294	2.227713230926565	1	0.257428923024477	1.294855797153919	0	-1.294855797153919	1	0.2574289230244771	-0.3549582934537353
8	3	0.9999380333894813	2.000061966610513	0.7272727272727273	0.3333126777964944	8.00049576360494	1.499953526482019	-6.500542237122922	0.9986289503479128	0.008819487454448272	-1.781991001688968
5	0	1.77208434925829	1.227668598037111	1	0.5907434313402421	2.821536120497177	0	-2.821536120497177	1	0.07194398773713984	-0.7734665500599366
11	0	1.637674280113423	1.221121389637526	1	0.5728546105766604	6.716842374320099	0	-6.716842374320099	0.9999999999999993	0.002180160872782388	-1.841285270396012
6	0	0.9999999999999977	1.933218203422455	1	0.3409224717183354	6.000000000000014	0	-6.000000000000014	0.9999999999999993	0.001570123344589835	-1.644777561643225
7	0	0.7722867690734294	2.227713230926564	1	0.257428923024477	9.063990580077434	0	-9.063990580077434	0.9999999999999993	7.492062273051214e-05	-2.484708054176147
6	0	0.9999999999999979	1.999999999999996	1	0.3333333333333333	6.000000000000012	0	-6.000000000000012	1	0.001371742112482699	-1.644777561643224
9	4	0.8450046693580454	1.5504381707096	0.6923076923076923	0.3527550961450549	10.65082871889613	2.57991584286737	-8.070912876028761	0.9973098583714474	0.01330319308239969	-2.21247606674491
1	0	0.7722867690734295	2.086513995486946	1	0.2701436135904319	1.294855797153919	0	-1.294855797153919	1	0.2701436135904319	-0.3549582934537352
3	0	0.7722867690734294	2.227713230926565	1	0.257428923024477	3.884567391461757	0	-3.884567391461757	0.9999999999999998	0.01705972473413719	-1.064874880361206
7	11	0.99629237656759	2.003525595975042	0.3888888888888889	0.3321176103639172	7.026049947422346	5.490321672005745	-1.535728275416601	0.7801020773165723	0.3871987208860601	-0.4209885680310443
1	5	0.7734300842531286	2.226569915746864	0.1666666666666667	0.2578100280843768	1.292941689701224	2.245606555913084	0.9526648662118598	0.5155024292912228	0.8328561149614779	0.261153632618518
3	2	0.8136540383601808	1.415383751984166	0.6	0.3650247841847875	3.687070743292972	1.413044340233725	-2.274026403059247	0.9371535846948461	0.2589477760793152	-0.623377933722682
7	6	0.7723258426816755	2.227576021320689	0.5384615384615384	0.2574503692768353	9.063532013501645	2.69351076801532	-6.370021245486325	0.9931478390692735	0.02841593812531018	-1.746211335294418
3	3	0.8651459298949824	2.031563429351135	0.5	0.2986650790951774	3.467623086852135	1.476695217415966	-1.990927869436169	0.9305846125107791	0.2532214054781317	-0.5457722477497925
3	5	0.8161691096672896	2.089708811134977	0.375	0.2808683406224988	3.675708826107063	2.392677857009353	-1.28303096909771	0.839152587224524	0.3994847729016748	-0.3517167581442116
0	0	0	1.269380508186219	0	0	0	0	0	0	0	0
4	2	0.772317361063226	2.227682638936768	0.6666666666666666	0.2574391203544092	5.179218028315874	0.8977939519044614	-4.281424076411413	0.9946709213596509	0.04165808849922881	-1.173665042126757
3	0	1.000729150569845	1.999270849430149	1	0.3335763835232824	2.99781414210999	0	-2.99781414210999	1	0.03711811285477273	-0.8217895724865389
1	1	0.7722867690734294	2.227528441873017	0.5	0.2574447806835981	1.294855797153919	0.4489280501213939	-0.845927747032525	0.933722184898774	0.4486117462659703	-0.2318938295150833
5	5	0.9993818095443816	2.000618190455612	0.5	0.3331272698481279	5.003092864257257	2.49922750070633	-2.503865363550927	0.9236473295985939	0.212706161359048	-0.6863835945573683
2	0	0.813474782604413	2.119180090349025	1	0.2773851059348055	2.458588812792474	0	-2.458588812792474	0.9999999999999999	0.07694249699446332	-0.6739719520980179
12	0	1.069491794227927	1.547907533785632	1	0.4086085691171946	11.22028244140281	0	-11.22028244140281	1.000000000000002	2.166155561778016e-05	-3.075811465819794
3	8	0.7723481739804958	2.227651826019498	0.2727272727272727	0.2574493913268325	3.884258552122581	3.591225480821607	-0.2930330713009743	0.6926020091208758	0.5676343772462291	-0.08032903674920677
1	7	0.8226409312404337	2.077691559883502	0.125	0.2836367670803303	1.215597184657627	3.369123759829153	2.153526575171526	0.2890306425104548	0.9306468323438182	0.5903453648740831
5	4	0.999999999999998	1.999999999999996	0.5555555555555556	0.3333333333333334	5.00000000000001	2.000000000000004	-3.000000000000006	0.9575776050398819	0.1448458060255046	-0.8223887808216119
1	13	0.7726571035517809	2.032292889880301	0.07142857142857142	0.2754619887559467	1.294235172889967	6.396715780846766	5.102480607956799	0.06946341292854233	0.9890135737295724	1.398740935447834
1	0	0.7722867690734293	2.227713230926564	1	0.257428923024477	1.294855797153919	0	-1.294855797153919	1	0.2574289230244771	-0.3549582934537354
4	7	0.7724772202626449	2.227188087144628	0.3636363636363636	0.2575211368932112	5.178146222408975	3.142976581279386	-2.035169641129588	0.8729328120010609	0.3075991601640569	-0.5579002266445722
3	0	0.7722867690734294	2.086513995486946	1	0.2701436135904319	3.884567391461757	0	-3.884567391461757	1	0.01971442500132881	-1.064874880361206
2	1	0.7722867690734294	2.000061470249312	0.6666666666666666	0.2785677347886468	2.589711594307838	0.4999846329099815	-2.089726961397856	0.9783831485535817	0.1895662457029972	-0.5728560026780105
6	1	0.9999999999999981	1.999999999999996	0.8571428571428571	0.3333333333333334	6.000000000000012	0.500000000000001	-5.500000000000011	0.9995427526291726	0.00685871056241405	-1.507712764839622
1	1	0.7722867690734293	2.000216067217156	0.5	0.2785522016297358	1.294855797153919	0.499945989030711	-0.7949098081232082	0.9224086709672272	0.4795130742266984	-0.2179083026551951
4	2	0.7722922796882931	2.225526786996551	0.6666666666666666	0.2576180424865791	5.179386231355894	0.8986636385082969	-4.280722592847597	0.9946533919664557	0.04175916521459766	-1.173472744722486
6	1	0.9998652501081821	2.000134749891811	0.8571428571428571	0.3332884167027281	6.00080860831079	0.499966314796586	-5.500842293514205	0.9995431837530955	0.006853536552513861	-1.507943662418366
7	3	0.9998367810067162	1.999132246607508	0.7	0.3333935001663282	7.001142719466507	1.500651097540419	-5.500491621926089	0.9965916431860627	0.01968218693048407	-1.507847532958426
2	3	0.7722867690734293	2.227713230926564	0.4	0.257428923024477	2.589711594307838	1.346672434473185	-1.243039159834654	0.8884944991743875	0.3828548399168679	-0.3407538197233133
1	2	0.7722867690734292	2.000586356622702	0.3333333333333333	0.2785150037759287	1.294855797153919	0.9997069076169788	-0.2951488895369406	0.8104973340009712	0.6244377673358136	-0.08090904514237891
11	5	0.9999999999999978	1.999999999999996	0.6875	0.3333333333333333	11.00000000000002	2.500000000000006	-8.50000000000002	0.9992075354589735	0.004039541130205104	-2.330101545661235
4	0	0.9999999999999979	1.999938428762302	1	0.3333401747223769	4.000000000000009	0	-4.000000000000009	0.9999999999999997	0.01234669258266707	-1.096518374428816
5	0	1.001250688358334	1.998749311641659	1	0.3337502294527787	4.993754369545631	0	-4.993754369545631	0.9999999999999994	0.004141025117618491	-1.36893585589774
10	2	0.9482557267889919	2.050963291979284	0.8333333333333334	0.3161675492370087	10.5456784678351	0.9751515338287203	-9.570526934006384	0.9999731069691722	0.000334939528835454	-2.623564659025965
4	0	0.999999999999998	1.772406630691831	1	0.3606974492592585	4.000000000000008	0	-4.000000000000008	0.9999999999999999	0.01692669951155767	-1.096518374428816
4	1	1.770373875268743	1.227813275223003	0.8	0.5904814430874925	2.259409752865224	0.8144560904982674	-1.444953662366957	0.9282154026840431	0.3207096486068594	-0.3961045602458941
2	7	0.9991180291179107	2.000881970882082	0.2222222222222222	0.3330393430393044	2.001765498882786	3.498457231294894	1.496691732412108	0.3779012698539871	0.8565189651765925	0.4102874963613925
4	0	0.9999999999999978	1.999999999999996	1	0.3333333333333333	4.000000000000009	0	-4.000000000000009	1	0.01234567901234551	-1.096518374428816
8	0	0.9999999999999982	1.775081024573271	1	0.3603498388497578	8.000000000000014	0	-8.000000000000014	1	0.0002843116510730104	-2.193036748857632
16	0	0.9999999999999978	1.972313680065026	1	0.3364382456356764	16.00000000000004	0	-16.00000000000004	0.9999999999999999	2.694546963333266e-08	-4.386073497715265
3	0	0.9999999999999978	1.999945454503592	1	0.3333393940542399	3.000000000000007	0	-3.000000000000007	0.9999999999999999	0.03703905731407187	-0.8223887808216122
3	1	0.9994471497092129	2.000491476521432	0.75	0.3331558655801554	3.001659468309899	0.4998771610558704	-2.501782307254028	0.9876805915175593	0.1109534249867792	-0.6858125671812386
12	1	1.769958321189186	1.228897769349411	0.9230769230769231	0.5902111564384205	6.779820663764292	0.8137373384031841	-5.966083325361108	0.9989453790650099	0.01057364569790908	-1.635479997407953
14	1	0.8638547583775928	2.068790460326777	0.9333333333333333	0.2945650407584045	16.20642806470549	0.4833742320341348	-15.72305383267135	0.9999999890926801	4.027259490335666e-07	-4.310154357414381
2	0	0.7722867690734294	2.227713230926565	1	0.257428923024477	2.589711594307838	0	-2.589711594307838	1	0.06626965040954214	-0.7099165869074706
0	10	0.7922762931079232	2.207553511000602	0	0.2641070810160072	0	4.529901517751827	4.529901517751827	0.04657428969034171	0.9534257103096583	1.241780062141963
4	9	0.773308915123891	2.218418911041815	0.3076923076923077	0.2584823754221615	5.172577118626861	4.056943418217354	-1.115633700409506	0.7721461469138526	0.4441870098140166	-0.3058282129077585
2	0	0.8134537435815798	2.119201129371858	1	0.2773779318813473	2.458652401295911	0	-2.458652401295911	0.9999999999999999	0.0769385170947734	-0.6739893835886231
6	21	0.7790363181841987	2.220733891281105	0.2222222222222222	0.2596986648264163	7.701823214076823	9.456333369094233	1.75451015501741	0.4248454515261841	0.7394796350038382	0.4809631557746342
1	0	0.7722867690734293	2.227713230926565	1	0.257428923024477	1.294855797153919	0	-1.294855797153919	1	0.257428923024477	-0.3549582934537354
1	1	0.7722993054270321	2.227686770077116	0.5	0.2574342966899429	1.294834778398595	0.4488961434939002	-0.8459386349046949	0.9337275828877545	0.4485961762676403	-0.2318968142030565
0	0	0	1.269380508186219	0	0	0	0	0	0	0	0
6	10	0.9978513433218693	2.002148656678124	0.375	0.3326171144406239	6.012919700068616	4.994634123018395	-1.018285577050221	0.7394745493631452	0.4506080086004262	-0.2791422114128536
1	1	0.9999748582751117	1.933251561702656	0.5	0.3409129453711558	1.000025142357011	0.5172632573069169	-0.4827618850500937	0.8837783636783634	0.565604254420675	-0.1323393193578296
5	1	0.9999999999999977	1.999999999999995	0.8333333333333334	0.3333333333333334	5.000000000000012	0.5000000000000012	-4.500000000000011	0.9986282578875171	0.0178326474622772	-1.233583171232419
7.5	4.5	0.9995657506086675	2.000368989318226	0.625	0.3331958316643335	7.503258285343421	2.249584963588997	-5.253673321754424	0.9887237103479954	0.04250966876245021	-1.440187332637547
4	0	0.8262786773912016	1.401434553535362	1	0.3709089060118976	4.84098175282599	0	-4.84098175282599	1	0.01892644494370022	-1.327056360562076
6	2	0.7722867690734293	2.227713230926564	0.75	0.257428923024477	7.769134782923515	0.8977816229821232	-6.871353159941392	0.9995356421647121	0.004957789372747934	-1.883641249266307
8	0	0.9999999999999978	1.938422168215509	1	0.340318695801051	8.000000000000018	0	-8.000000000000018	1	0.0001799229096595134	-2.193036748857633
1	2	0.9874987100713145	2.002988950420082	0.3333333333333333	0.3302132702694546	1.012659550641623	0.9985077549132485	-0.01415179572837488	0.7448910292860504	0.6995241196583171	-0.003879426011831564
6	1	0.77233430010379	2.227665699896203	0.8571428571428571	0.2574447667012639	7.768656654500119	0.4489003893387569	-7.319756265161362	0.9999250470939465	0.001588274437034021	-2.006561810272466
3	4	0.9694197339103036	2.000621296789879	0.4285714285714285	0.3263994415867597	3.094634754234926	1.999378896155034	-1.095255858079892	0.8371888213215823	0.4133794170485521	-0.3002420432713498
3	41	0.9999999999999978	1.999999999999996	0.06818181818181818	0.3333333333333333	3.000000000000007	20.50000000000005	17.50000000000004	3.421002407804229e-05	0.9999953642291132	4.797267888126071
3	0	0.7722867690734293	2.086513995486946	1	0.2701436135904319	3.884567391461757	0	-3.884567391461757	1	0.01971442500132881	-1.064874880361206
0	10	0.4030943126032583	2.561774804291208	0	0.1359568657875451	0	3.903543739773333	3.903543739773333	0.231928562342137	0.768071437657863	1.070076859012007
7	2	0.947559265025296	2.052008266233626	0.7777777777777778	0.3158986271022891	7.387400723492613	0.9746549431162453	-6.412745780376367	0.9993580889780959	0.005930960064124635	-1.757923394680882
3	15	0.9172187336555331	1.98854628595807	0.1666666666666667	0.3156548198028418	3.270757443040482	7.543198821129318	4.272441378088836	0.1321486434769378	0.9546385465839501	1.171202618686093
8	1	0.9998770474323017	1.999815803446963	0.8888888888888888	0.3333264761221201	8.00098374149513	0.5000460533796961	-7.500937688115433	0.9999492041421262	0.0009651495139360033	-2.05622900011604
5	13	0.8065873791407886	2.189832332460445	0.2777777777777778	0.2691837114867205	6.198956404855	5.936527562999995	-0.2624288418550051	0.6491717573608875	0.5562423095904836	-0.07193951176852163
4	18	0.7799455850933309	2.201270727397957	0.1818181818181818	0.2616199239972495	5.128562910605291	8.177095064211914	3.048532153606622	0.2803448697770059	0.8655154095767563	0.8356928803666761
1	0	0.7722867690734292	2.227713230926564	1	0.257428923024477	1.294855797153919	0	-1.294855797153919	1	0.2574289230244771	-0.3549582934537354
3	0	0.7722867690734292	2.227713230926564	1	0.257428923024477	3.884567391461758	0	-3.884567391461758	0.9999999999999999	0.01705972473413708	-1.064874880361206
5	0	0.7722867690734294	2.227713230926564	1	0.257428923024477	6.474278985769595	0	-6.474278985769595	0.9999999999999993	0.001130541994214918	-1.774791467268676
2	0	0.7722867690734293	2.227713230926564	1	0.257428923024477	2.589711594307838	0	-2.589711594307838	1	0.06626965040954214	-0.7099165869074707
6	8	0.8937979753248996	2.003702747102784	0.4285714285714285	0.308472045720847	6.712926372225192	3.992608190794492	-2.7203181814307	0.8939787012791862	0.2413307520602389	-0.7457197175578846
11	0	1.626624222952888	1.213103865155767	1	0.5728098509728334	6.762471531397202	0	-6.762471531397202	0.9999999999999986	0.0021782878054597	-1.853793572682198
7	0	0.7722867690734293	2.227713230926564	1	0.257428923024477	9.063990580077434	0	-9.063990580077434	0.9999999999999993	7.492062273051214e-05	-2.484708054176147
0	0	0	1.269380508186219	0	0	0	0	0	0	0	0
12	0	1.638507007074157	1.221083383906859	1	0.5729866110341936	7.323740422342237	0	-7.323740422342237	0.9999999999999996	0.001252372974549054	-2.007653985661326
2	3	0.9502891493751406	2.049096809761406	0.4	0.3168278982171094	2.104622578627877	1.464059670440518	-0.6405629081873592	0.8139559445046276	0.5061083306046195	-0.1755972497012492
9	7	0.7809867462989415	2.125569990628111	0.5625	0.2686982629228278	11.52388314225634	3.293234299911942	-8.230648842344397	0.9970326633374019	0.01231032892003103	-2.256264422275469
3	13	1.554450767186993	1.219440774468122	0.1875	0.5603862818152903	1.929942114171258	10.66062433878361	8.730682224612357	0.002678318633937996	0.99957891536406	2.39333837014662
4	8	0.7923872177930278	2.162660456917019	0.3333333333333333	0.2681470165691245	5.048037007892274	3.699147489571433	-1.348889518320841	0.8026918922589896	0.407922408699712	-0.3697705354783086
1	7	0.7725631253595987	2.169348880080852	0.125	0.2626057896806243	1.294392609710097	3.226774662330528	1.932382052620431	0.3364707071868338	0.9125826197622968	0.5297231067786923
1	3	0.8144286600992573	2.082331608602685	0.25	0.2811515571028625	1.227854628640066	1.440692725215415	0.2128380965753489	0.6847696006920565	0.7329765852873638	0.05834522091833112
9	1	0.772286769073429	2.000277894365662	0.9	0.2785459900204758	11.65370217438528	0.4999305360604032	-11.15377163832487	0.9999971882991837	7.563676026767219e-05	-3.057578886401549
2	2	0.9997729644974659	1.997686542054396	0.5	0.3335401069846506	2.000454174118718	1.00115806854424	-0.999296105574478	0.8887050045770373	0.4077750049743922	-0.2739366353143927
6	2	0.9994997998383093	2.000172097742213	0.75	0.3332030415208031	6.003002702922632	0.9999139585326644	-5.003088744389967	0.9974155968630394	0.01962163343650147	-1.371494684280396
13	1	1.662759078083054	1.221919812576046	0.9285714285714286	0.5764104571455931	7.818330491382621	0.8183843077982382	-6.999946183584383	0.9995530634054011	0.005045131017020199	-1.918892402578282
12	3	0.7723034047459536	2.227654813642546	0.8	0.2574380536408987	15.53793486634616	1.346707749166288	-14.19122711717987	0.9999986730108448	1.711336303744648e-05	-3.890235322420042
10	4	0.9989208779134785	2.001079122086515	0.7142857142857143	0.3329736259711602	10.01080287848999	1.998921459851732	-8.011881418638259	0.9993162005272529	0.004003542417773565	-2.196293797320411
7	7	0.9999300859677419	2.000069914032252	0.5	0.3333100286559147	7.000489432444002	3.499877654720386	-3.500611777723617	0.9424061666114265	0.1494172402342246	-0.9596212840039651
0	2	0.0001732496736021212	2.999826750326392	0	5.774989120070718e-05	0	0.6667051688176302	0.6667051688176302	0.9998845035526486	0.0001154964473514264	0.1827636169837989
2	1	1.000038196899254	1.999752885822805	0.6666666666666666	0.3333692811673414	1.999923609119388	0.500061786178419	-1.499861822940969	0.9629509790593337	0.2593071909967573	-0.4111565119897671
0	0	0.7722867690734294	2.227713230926565	0	0.257428923024477	0	0	0	0	0	0
1	5	0.772426141405088	2.227378282627237	0.1666666666666667	0.2574921668949324	1.294622160483774	2.244791573572497	0.950169413088723	0.5162485738945676	0.8324261538519109	0.2604695550680067
7	2	0.8228855531616827	2.11897318959657	0.7777777777777778	0.2797162015978221	8.506650740318225	0.9438533766351139	-7.562797363683111	0.9997465843050527	0.002755679810597433	-2.073186567840081
2	7	0.8131212550549702	1.688122201926205	0.2222222222222222	0.3250868094369151	2.459657754076041	4.146619238828066	1.686961484752025	0.3976949942667184	0.8449864717609141	0.4624460662460771
3	2	0.7725017096622346	2.22725282459291	0.6	0.2575216408012034	3.883486550873405	0.8979672078160025	-2.985519343057402	0.9825403328395077	0.1116071671630923	-0.8184192042187707
2	3	0.7722978351438345	2.227684049538681	0.4	0.2574341662151623	2.589674486951676	1.346690075112426	-1.24298441183925	0.8884887512185234	0.3828658933426481	-0.3407388116775824
2	0	0.8135792322112326	2.083097417520391	1	0.28086643094479	2.458273172195148	0	-2.458273172195148	1	0.07888595203166426	-0.6738854256693468
4	0	1.637899524676755	1.221058530154639	1	0.5729008587267816	2.442152244222315	0	-2.442152244222315	1	0.1077253448125488	-0.6694662022355831
5	0	0.7722867690734294	1.999999999999996	1	0.2785739115046705	6.474278985769595	0	-6.474278985769595	0.9999999999999993	0.001677653283516656	-1.774791467268676
3	2	0.9133256787185955	2.086674321281399	0.6	0.3044418929061991	3.284699061794724	0.9584629377007078	-2.326236124094016	0.9675087912723552	0.1690061147642814	-0.6376901633322888
0	0	0	1.269380508186219	0	0	0	0	0	0	0	0
9	0	0.9999999999999978	1.998564286186328	1	0.3334929334704481	9.00000000000002	0	-9.00000000000002	1	5.102461341877085e-05	-2.467166342464837
15	2	0.9999065280391052	2.000093471960888	0.8823529411764706	0.3333021760130358	15.00140221048079	0.9999532662037056	-14.00144894427708	0.9999997293701288	4.477597972507574e-06	-3.838211509006684
4	8	0.772932835554561	2.227067164445432	0.3333333333333333	0.2576442785181876	5.175093896910324	3.592168268527322	-1.582925628383002	0.8261751410286393	0.3750043429186191	-0.4339267592190595
5	1	0.7722867690734294	2.227621467310725	0.8333333333333334	0.2574367974682722	6.474278985769595	0.4489093028930273	-6.025369682876567	0.9997089123735741	0.005328851354574393	-1.651732142500118
15	0	0.9999999999999976	1.999999999999995	1	0.3333333333333333	15.00000000000004	0	-15.00000000000004	1.000000000000001	6.969171806314733e-08	-4.111943904108062
6	15	0.96198116947478	2.037991563969356	0.2857142857142857	0.3206633042862266	6.237128324742432	7.360187483202725	1.123059158460292	0.4679101279291646	0.7107729818571786	0.3078637507055679
20	0	0.999999999999998	1.999999999999996	1	0.3333333333333334	20.00000000000004	0	-20.00000000000004	1	2.867966975017566e-10	-5.48259187214408
1	11	0.7725068876160076	2.227076728239346	0.08333333333333333	0.2575380407909454	1.294486840222288	4.939210158554457	3.644723318332169	0.1448591246449945	0.9719398179395916	0.9991265220650954
2	2	0.822202376102537	2.122347039056842	0.5	0.2792285882076235	2.432491145891045	0.942352953213904	-1.490138192677141	0.9311530564447186	0.3118804298738415	-0.4084909771771573
4	2	0.7728446379691667	2.226342143457051	0.6666666666666666	0.2576847306594398	5.175684482344281	0.8983345196414475	-4.277349962702834	0.9946468469925069	0.04179688014641625	-1.172548206991515
3	0	0.8134607067010592	1.414252524225505	1	0.3651550367471308	3.687947033319309	0	-3.687947033319309	1	0.04868911563548628	-1.010975421488714
2.5	16.5	0.9261749329893253	2.073683934361624	0.131578947368421	0.3087395020710397	2.699274090620215	7.95685385153908	5.257579760918865	0.0778987341155592	0.9761701939615315	1.441258203218146
7	7	0.773024999933941	2.226710378889579	0.5	0.2576977307368749	9.05533456304542	3.143650861092575	-5.911683701952846	0.9875213833183375	0.04464386852837143	-1.620567450750662
13.5	16.5	1.759695438407892	1.239681586717034	0.45	0.5866869765512722	7.671782119418518	13.30986938645741	5.638087267038893	0.09544211074688527	0.9522515178906354	1.54556657123532
1	3	0.7722867690734294	2.000255236789263	0.25	0.2785482663347883	1.294855797153919	1.499808596834618	0.2049527996806988	0.6893035136047547	0.7290874491724095	0.05618362768512854
4	1	0.9994886632038064	2.000511336796187	0.8	0.3331628877346028	4.002046393581112	0.4998721984757641	-3.502174195105348	0.9958952842414174	0.04518337283433738	-0.9600495888458638
4	6	0.8361154415192493	1.392587468688073	0.4	0.3751578721820176	4.784028378583546	4.308526491088185	-0.4755018874953612	0.6938966497727979	0.5536729796284761	-0.1303491391785615
1	7	0.9999999999999978	1.932883704252992	0.125	0.3409613543659752	1.000000000000002	3.621531903133983	2.621531903133981	0.1828759869561538	0.964413354106282	0.7186394752344367
3	8	1.000158199483247	1.790407202211829	0.2727272727272727	0.3584070091586887	2.999525476619612	4.468257271372109	1.468731794752497	0.4024508415973368	0.8156665591062224	0.4026228500134806
5	0	0.9999999999999977	1.947217334800949	1	0.3393031074403398	5.000000000000012	0	-5.000000000000012	0.9999999999999996	0.004497168761877668	-1.37064796803602
2	7	0.8961775221817793	2.000632354714132	0.2222222222222222	0.3093670486728946	2.231700696008221	3.498893729028101	1.26719303301988	0.4380712460133092	0.8201438789513673	0.3473751111636191
2	7	0.9318873193049156	2.068112680695076	0.2222222222222222	0.3106291064349727	2.146182224576012	3.384728533092962	1.238546308516951	0.4347728806539951	0.8222414828937975	0.3395221962174537
4	2	0.9975873745334413	2.002381935244634	0.6666666666666666	0.3325325266768274	4.009673841221926	0.9988104490942968	-3.01086339212763	0.9823642527937722	0.09934815379521433	-0.8253667580907531
6	1	0.9998713817457329	2.000128618254262	0.8571428571428571	0.3332904605819115	6.000771808794303	0.4999678475041335	-5.50080396129017	0.9995431641428705	0.006853771921699892	-1.507933154421369
4	1	0.9999999999999979	1.999969497752573	0.8	0.333336722506395	4.000000000000009	0.5000076256781569	-3.499992374321852	0.9958845644500837	0.04526916339891485	-0.9594514872011604
3	0	0.999999999999998	1.999999999999996	1	0.3333333333333334	3.000000000000006	0	-3.000000000000006	0.9999999999999999	0.0370370370370372	-0.822388780821612
1	7	0.8139901748630611	2.081916815473285	0.125	0.2810829828372769	1.228516056926893	3.362286114399188	2.133770057472295	0.2945465297038989	0.9286440635915267	0.5849295187060993
6	4	0.8961106734574745	2.001710212892284	0.6	0.3092360461885761	6.695601534183416	1.998291248272333	-4.697310285911083	0.9873223503601606	0.05448750186294959	-1.287671759723742
5	5	0.7725212093288659	2.227436894714733	0.5	0.2575106659948337	6.472314209138401	2.244732504819333	-4.227581704319068	0.9771836107495052	0.08720777146332404	-1.158905254546235
1	0	0.81346779613899	1.414245434787574	1	0.3651582191306766	1.2293049641871	0	-1.2293049641871	1	0.3651582191306766	-0.3369888702519274
2	1	0.81362134372158	1.414362669708128	0.6666666666666666	0.365182756616422	2.458145936599712	0.707032235378754	-1.751113701220958	0.9512997951702484	0.3026749275304036	-0.4800320872757072
5	2	0.9999999999999982	1.999999999999996	0.7142857142857143	0.3333333333333333	5.000000000000009	1.000000000000002	-4.000000000000007	0.993141289437586	0.04526748971193395	-1.096518374428816
7	0	0.9999999999999982	1.999999999999996	1	0.3333333333333333	7.000000000000012	0	-7.000000000000012	1	0.0004572473708274183	-1.918907155250428
6	5	0.914463935091919	2.085536064908076	0.5454545454545454	0.3048213116973069	6.561221027701764	2.397465133368665	-4.1637558943331	0.9763633573418977	0.08380888414002363	-1.141408711193131
11	2	0.9999999999999984	1.999904838244979	0.8461538461538461	0.3333439071970778	11.00000000000002	1.000047583141558	-9.999952416858459	0.9999830587034205	0.0002126977306635691	-2.741282892124782
5	2	0.7722867690734292	2.227713230926564	0.7142857142857143	0.257428923024477	6.474278985769597	0.8977816229821232	-5.576497362787474	0.9984122842803477	0.01467899393928973	-1.528682955812572
10	4	0.9137192808538874	2.086280719146106	0.7142857142857143	0.3045730936179631	10.9442803818858	1.917287526693512	-9.026992855192287	0.9997138757596669	0.001894380986958488	-2.474565882888991
9	4	0.999852105153729	1.940030300243174	0.6923076923076923	0.3400993534021109	9.001331250501527	2.06182346713792	-6.939507783363608	0.9980378573952229	0.01021629558426806	-1.902324448487491
7	9	0.9927131401330049	2.004831216034396	0.4375	0.3311754630387747	7.051382435677372	4.489155958875288	-2.562226476802084	0.8774246260397527	0.2564329227302695	-0.7023821028153719
2	11	0.8980016965615306	1.999350371671266	0.1538461538461539	0.3099387562897233	2.227167284491829	5.501787058365889	3.27461977387406	0.1816138869251933	0.9449793127595676	0.8976701878302086
4	21	0.999569424950741	2.000430575049253	0.16	0.3331898083169144	4.001723042095971	10.49773996754822	6.496016925452244	0.04634257125213884	0.9850555867401072	1.780750479839739
6	1	0.7123635802666168	1.839810439748985	0.8571428571428571	0.2791203008415006	8.42266528807435	0.5435342567881262	-7.879131031286224	0.9998680103212839	0.002518203641606487	-2.159902987584398
3	17	0.7396108202108557	2.260307646660065	0.15	0.2465436405617751	4.056187278526739	7.521100070213888	3.464912791687149	0.2358153776502383	0.9030436159804895	0.9498351354695989
4	1	0.9481573343606422	2.051004681793132	0.8	0.3161407517345765	4.218709126684407	0.4875659275071619	-3.731143199177245	0.9968420706602895	0.03731327268726548	-1.022816768880739
6	47	0.8208651399414846	2.179052919371409	0.1132075471698113	0.273629187101696	7.309361438381596	21.56900347952912	14.25964204114752	0.00414894951990994	0.9987240981450598	3.908989877723962
6	14	0.9796134088625885	2.018303388933108	0.3	0.3267647086079498	6.124865120993486	6.936519096566804	0.8116539755733179	0.5045746978862184	0.6808343295173294	0.2224983744735847
2	1	0.9999999999999974	1.999999999999995	0.6666666666666666	0.3333333333333333	2.000000000000005	0.5000000000000013	-1.500000000000004	0.962962962962963	0.2592592592592592	-0.4111943904108063
2	0	0.7722867690734293	2.227713230926564	1	0.257428923024477	2.589711594307838	0	-2.589711594307838	1	0.06626965040954214	-0.7099165869074707
6	22	0.8940110733999375	1.986361289677775	0.2142857142857143	0.3103803816686659	6.711326267114243	11.07552795874753	4.364201691633285	0.18695787703908	0.907844381193102	1.196356836147302
0	6	0.3016531270098197	2.698346872990176	0	0.1005510423366067	0	2.223583654147139	2.223583654147139	0.5294916759739111	0.4705083240260889	0.6095500834629756
1	0	0.7722867690734293	2.227713230926565	1	0.257428923024477	1.294855797153919	0	-1.294855797153919	1	0.257428923024477	-0.3549582934537354
7	1	0.9094026231414967	2.090597376858497	0.875	0.3031342077138329	7.697360686973573	0.4783321796292896	-7.219028507344284	0.9999287016330202	0.001382543135272973	-1.978949350957105
2	3	0.7722867690734292	2.000922623519378	0.4	0.2784812322993688	2.589711594307839	1.499308351426087	-1.090403242881752	0.8641978318276445	0.4270983288849803	-0.2989117978391514
0	0	0	1.269380508186219	0	0	0	0	0	0	0	0
1	0	0.9999999999999977	1.999999999999995	1	0.3333333333333334	1.000000000000002	0	-1.000000000000002	1	0.3333333333333334	-0.2741295936072041
1	2	0.1891314914036419	2.810837895429468	0.3333333333333333	0.06304447379821326	5.287326782961877	0.7115316053096046	-4.575795177652273	0.9885773368173792	0.1774601812885888	-1.254360872479619
4	1	0.9998227927285345	2.000113243209018	0.8	0.3332813702529714	4.000708954717793	0.4999716908006579	-3.500737263917135	0.9958879802602009	0.04524183393149595	-0.9596556834831976
2	5	0.8135986013981883	2.083087721298273	0.2857142857142857	0.280872179712171	2.45821464855391	2.400282978425784	-0.05793167012812583	0.6899957324639039	0.6286199845095596	-0.0158807851892097
15	2	0.9999999999999982	1.999942831883208	0.8823529411764706	0.3333396854673564	15.00000000000003	1.000028584875468	-13.99997141512456	0.9999997288963607	4.484704882679047e-06	-3.837806474540561
2	1	0.9999582782824998	1.93300040696943	0.6666666666666666	0.3409384125697656	2.000083446916549	0.5173304653193562	-1.482752981597193	0.9603696594639081	0.2694563224245912	-0.4064664722651077
2	0	0.7722867690734293	2.227713230926564	1	0.257428923024477	2.589711594307838	0	-2.589711594307838	1	0.06626965040954214	-0.7099165869074707
0	4	0.1869903122413008	2.812939894016216	0	0.06233155419791436	0	1.421999811837053	1.421999811837053	0.7730315261913374	0.2269684738086626	0.3898122305284112
1	3	0.9993857213686675	2.000614278631326	0.25	0.3331285737895565	1.000614656201503	1.499539432484897	0.4989247762833942	0.5929566095249623	0.8022263459978428	0.1367700461631317
5	1	1.637824049882658	1.221222238073856	0.8333333333333334	0.5728567798226459	3.052830980445198	0.8188517771975937	-2.233979203247604	0.9646592026035564	0.193449237780714	-0.61239981111321
3	0	0.9134860045130481	2.086513995486946	1	0.3044953348376833	3.284122564744941	0	-3.284122564744941	0.9999999999999998	0.02823201847983237	-0.9002751840297775
4	18	0.7726342746179859	2.227282398509577	0.1818181818181818	0.2575519118710975	5.177093654015961	8.08159756124549	2.904503907229529	0.2950359250534783	0.8562028395524139	0.7962104757193653
4	3	0.7724715476449386	2.227393928579342	0.5714285714285714	0.2575020625982182	5.178184247944072	1.346865483248145	-3.831318764695927	0.9853024001412271	0.07768833072962611	-1.050277855945747
3	4	0.9994869359292533	2.000471249039831	0.4285714285714285	0.3331669557719363	3.001539982321839	1.999528861971841	-1.002011120349999	0.8269587651117571	0.4289718597142327	-0.2746809012114438
9	0	0.9999999999999977	1.999279905099809	1	0.3334133630874711	9.000000000000021	0	-9.000000000000021	0.9999999999999997	5.09151490968307e-05	-2.467166342464837
5	0	0.7722867690734294	2.227713230926564	1	0.257428923024477	6.474278985769595	0	-6.474278985769595	0.9999999999999993	0.001130541994214918	-1.774791467268676
5	0	1.772085676352598	1.227668890656949	1	0.5907435547699453	2.821534007481663	0	-2.821534007481663	1	0.07194406289691535	-0.7734659708198526
3	1	0.9134976565792887	2.086502343420705	0.75	0.3044992188597636	3.28408067431053	0.4792709690229992	-2.804809705287531	0.9914030434563152	0.08714152574095813	-0.768881344656011
6	0	0.9999999999999979	1.999999999999996	1	0.3333333333333333	6.000000000000012	0	-6.000000000000012	1	0.001371742112482699	-1.644777561643224
3	0	0.9999999999999979	1.999999999999996	1	0.3333333333333333	3.000000000000006	0	-3.000000000000006	1	0.03703703703703698	-0.822388780821612
7	0	1.003560960472651	1.993965745890945	1	0.3347963367072401	6.975161724807614	0	-6.975161724807614	0.9999999999999999	0.0004714817442326158	-1.912098248966031
3	0	0.999999999999998	1.999999999999996	1	0.3333333333333334	3.000000000000006	0	-3.000000000000006	0.9999999999999999	0.0370370370370372	-0.822388780821612
3	0	0.7722867690734294	1.999999999999996	1	0.2785739115046705	3.884567391461757	0	-3.884567391461757	0.9999999999999997	0.02161828941747523	-1.064874880361206
4	0	0.7722867690734292	2.227713230926564	1	0.257428923024477	5.179423188615678	0	-5.179423188615678	0.9999999999999997	0.004391666565403241	-1.419833173814942
2	1	0.8135097558089035	2.083166893922719	0.6666666666666666	0.2808424460784311	2.458483116789822	0.4800383507040785	-1.978444766085743	0.9778492599235242	0.1923159584049978	-0.5423502597013835
0	11	0.189697435553638	2.809933623999331	0	0.0632402558139628	0	3.914683217443367	3.914683217443367	0.4874279318059727	0.5125720681940273	1.07313051949869
6	21	1.129642263513402	1.107609893900476	0.2222222222222222	0.5049239799679968	5.31141600646107	18.95974396368741	13.64832795722634	0.002536422570127178	0.9993636582476358	3.74141059633229
0	11	0.7754922110364768	2.224507788963518	0	0.2584974036788261	0	4.944914130925707	4.944914130925707	0.03725970706997136	0.9627402929300286	1.355547301133182
6	1	0.999993064240158	1.999407047968927	0.8571428571428571	0.3333976884809991	6.000041614847683	0.500148281969816	-5.499893332877867	0.9995421343204791	0.006866129192299453	-1.507683524224777
2	7	0.8135201564948694	2.083298088217595	0.2222222222222222	0.2808323090272509	2.458451685594607	3.360056844284335	0.9016051586897289	0.5148084584115962	0.7676846256336645	0.2471566557457736
3	1	0.7723787637493938	2.2276212362506	0.75	0.2574595879164652	3.884104717531282	0.4489093494561674	-3.435195368075114	0.9956062405222078	0.05508200922818474	-0.9416887102117788
0	0	0.9999999999999979	1.773584914560203	0	0.360544216530167	0	0	0	0	0	0
0	9	0.1909066269616829	2.809093373038311	0	0.06363554232056109	0	3.203880684914939	3.203880684914939	0.5533555680588736	0.4466444319411264	0.878278510121701
0	6	0.0004286174425633907	2.99957138255743	0	0.0001428724808544639	0	2.000285785792639	2.000285785792639	0.9991430712447387	0.0008569287552613325	0.5483375295576017
9	4	0.9066391097614487	2.010841871480185	0.6923076923076923	0.3107609323216899	9.926772299033123	1.989216584721101	-7.937555714312023	0.9991091832569918	0.005252190724942984	-2.17591892219889
1	0	0.9999999999999979	1.773375504282809	1	0.3605714402740415	1.000000000000002	0	-1.000000000000002	1	0.3605714402740415	-0.2741295936072041
1	1	0.7722867690734292	2.227713230926564	0.5	0.257428923024477	1.294855797153919	0.4488908114910616	-0.8459649856628578	0.9337303495904581	0.4485881956394118	-0.2319040377256829
3	3	0.9999999999999981	1.999999999999996	0.5	0.3333333333333334	3.000000000000006	1.500000000000003	-1.500000000000003	0.8998628257887515	0.3196159122085049	-0.411194390410806
3	6	0.9993855937047155	2.000614406295278	0.3333333333333333	0.3331285312349059	3.001844352067375	2.999078673591456	-0.002765678475918243	0.6508107310967055	0.6223181330442004	-0.0007581543166516577
4	2	0.9132503937551271	2.086749606244866	0.6666666666666666	0.3044167979183764	4.379959786880239	0.9584283586371567	-3.421531428243082	0.9882937172266887	0.07403151189180435	-0.9379430199385504
6	5	0.9930759171254413	2.005959412640792	0.5454545454545454	0.3311317833667698	6.041834160441235	2.492572864880469	-3.549261295560767	0.9627309486739336	0.1188051602236324	-0.9729575565578493
0	8	0.8130910523209454	2.095198567833132	0	0.2795770567987204	0	3.818253850886149	3.818253850886149	0.07256050259497375	0.9274394974050263	1.04669637643256
3	0	0.7722867690734292	2.086513995486945	1	0.2701436135904319	3.884567391461758	0	-3.884567391461758	1	0.01971442500132881	-1.064874880361206
3	8	0.7937545018466489	2.181796087831484	0.2727272727272727	0.2667588662750681	3.779506123140819	3.666703797214756	-0.1128023259260633	0.6662506120547201	0.5954562409498657	-0.03092245576405905
3	4	0.9995402604312662	2.000184077241067	0.4285714285714285	0.3332107046899082	3.001379853079261	1.999815939699589	-1.001563913379672	0.8268915951268061	0.4290726802372955	-0.2745583085464098
2	9	0.8406277466748692	2.10149604729162	0.1818181818181818	0.2857214058765211	2.379174382372062	4.282663301508029	1.903488919135967	0.3506354369744407	0.8666631802183495	0.5218026438385576
1	0	0.7722867690734294	2.086513995486946	1	0.2701436135904319	1.294855797153919	0	-1.294855797153919	1	0.2701436135904319	-0.3549582934537353
2	1	0.9131283988199035	2.086871601180091	0.6666666666666666	0.3043761329399685	2.190272477106979	0.4791861652794149	-1.711086311827565	0.9718011248153444	0.2215367405411566	-0.4690593952881389
7	0	0.999999999999998	1.999999999999996	1	0.3333333333333334	7.000000000000014	0	-7.000000000000014	1	0.0004572473708274183	-1.918907155250428
1	0	0.9999999999999979	1.999999999999996	1	0.3333333333333333	1.000000000000002	0	-1.000000000000002	1	0.3333333333333333	-0.2741295936072041
1	2	0.7722867690734293	2.227713230926564	0.3333333333333333	0.2574289230244771	1.294855797153919	0.8977816229821233	-0.3970741741717959	0.8353104982396476	0.5905375425789419	-0.1088497819976303
2	0	0.9999999999999977	1.932845735391895	1	0.3409657684795943	2.000000000000005	0	-2.000000000000005	0.9999999999999999	0.1162576552748804	-0.5482591872144083
2	0	0.7722867690734293	2.227713230926565	1	0.257428923024477	2.589711594307838	0	-2.589711594307838	1	0.06626965040954191	-0.7099165869074707
7	3	0.9135442244864945	2.086455775513499	0.7	0.3045147414954988	7.66246429277654	1.437844997822525	-6.224619294954016	0.998227187782539	0.01157455461511137	-1.706352357685302
3	5	0.9999999999999981	1.999999999999996	0.375	0.3333333333333334	3.000000000000006	2.500000000000005	-0.5000000000000009	0.7413504039018441	0.5317786922725195	-0.137064796803602
1	5	0.7723555571304611	2.227644442869532	0.1666666666666667	0.2574518523768209	1.294740473824398	2.244523364581139	0.9497828907567412	0.5163432333644116	0.8323715558346119	0.2603635978582204
1	4	0.7734268715287115	2.226502601962646	0.2	0.2578150181072714	1.2929470604292	1.79653955781324	0.50359249738404	0.6163312387335175	0.7748039281290366	0.1380496066515235
3	3	0.8136710451039627	2.08300560462766	0.5	0.2808981268859779	3.686993678897213	1.440226561721735	-2.246767117175478	0.9436721563176376	0.2211622185117674	-0.6159053567613418
1	0	0.9999999999999979	1.999999999999996	1	0.3333333333333333	1.000000000000002	0	-1.000000000000002	1	0.3333333333333333	-0.2741295936072041
3	0	0.7722867690734292	2.227713230926564	1	0.257428923024477	3.884567391461758	0	-3.884567391461758	0.9999999999999999	0.01705972473413708	-1.064874880361206
3	0	0.8135095366303984	1.414203694296166	1	0.3651769560537371	3.687725668744052	0	-3.687725668744052	1	0.04869788420454046	-1.01091473890766
1	1	0.7722867690734295	2.227713230926565	0.5	0.257428923024477	1.294855797153919	0.4488908114910614	-0.8459649856628574	0.9337303495904581	0.4485881956394118	-0.2319040377256828
6	2	0.9986506082973196	2.001318705237727	0.75	0.3328869411402575	6.00810729012611	0.9993410818405506	-5.008766208285559	0.9974317080454761	0.01952484085299344	-1.373051045150814
0	1	0.7722867690734293	2.227713230926564	0	0.257428923024477	0	0.4488908114910616	0.4488908114910616	0.7425710769755229	0.2574289230244771	0.1230542557280525
6	2	0.9475488691914404	2.050525187530719	0.75	0.3160525228077288	6.332127233838506	0.9753598795869646	-5.356767354251541	0.9981768778649543	0.01487758788563176	-1.46844845786931
5	6	0.9121505551322853	2.087849444867709	0.4545454545454545	0.3040501850440956	5.481551232816902	2.873770431459522	-2.60778080135738	0.9171012044596347	0.2193055506975538	-0.7148698912927661
3	2	0.9997806200389809	2.000219379961013	0.6	0.333260206679661	3.000658284297441	0.9998903220500658	-2.000767962247375	0.9547686123138825	0.2097682193113117	-0.5484697083931854
7	1	0.7722867690734291	2.000030567958639	0.875	0.2785708399097659	9.063990580077437	0.4999923581271384	-8.5639982219503	0.9999637352048191	0.0007875991627452894	-2.347645352236049
4	0	0.9999999999999976	1.999691193724572	1	0.3333676486739778	4.00000000000001	0	-4.00000000000001	0.9999999999999998	0.0123507635515977	-1.096518374428817
12	10	0.9998769609189948	2.000123039081	0.5454545454545454	0.3332923203063322	12.0014766506578	4.999692421219605	-7.001784229438196	0.9884098602065001	0.03267277306031813	-1.919396265341219
5	0	0.7722867690734292	2.086513995486945	1	0.2701436135904319	6.474278985769597	0	-6.474278985769597	1	0.001438710869257287	-1.774791467268677
2	0	0.9999999999999979	1.999999999999996	1	0.3333333333333333	2.000000000000004	0	-2.000000000000004	1	0.1111111111111109	-0.5482591872144081
3	1	0.8968499741317968	1.999532466925204	0.75	0.30964487334915	3.345041073234323	0.5001169105984848	-2.844924162635838	0.9908070356498683	0.09117604386426725	-0.7798779045466758
3	0	0.7722867690734292	1.999999999999995	1	0.2785739115046705	3.884567391461758	0	-3.884567391461758	0.9999999999999997	0.02161828941747523	-1.064874880361206
7	9	0.9993222575154557	2.000677742484539	0.4375	0.3331074191718191	7.004747414916591	4.498475595986468	-2.506271818930123	0.8739138484717928	0.2619234818172202	-0.6870432751925012
10	4	0.8651038233727724	2.031810270343817	0.7142857142857143	0.2986294364921568	11.55930621253423	1.968687755143167	-9.590618457391059	0.9997644172244806	0.001601896288364268	-2.629072340166356
3	0	0.8135954949522555	1.414742743044377	1	0.3651131058468535	3.687336051653101	0	-3.687336051653101	1	0.04867234458904934	-1.010807933332855
3	14	0.772674961452312	2.226848236400603	0.1764705882352941	0.257599261777805	3.882615782399925	6.286912494148722	2.404296711748797	0.3267177166694002	0.8528715122827636	0.6590888805028334
5	1	0.9999999999999977	1.999999999999995	0.8333333333333334	0.3333333333333334	5.000000000000012	0.5000000000000012	-4.500000000000011	0.9986282578875171	0.0178326474622772	-1.233583171232419
9	0	1.771051215303577	1.228092862533114	1	0.590518884501558	5.081727689313212	0	-5.081727689313212	1	0.008731806765930994	-1.393051946293904
3	0	0.8149389092357516	2.08173774049587	1	0.2813358230064291	3.681257534768336	0	-3.681257534768336	1	0.02226768687019332	-1.0091416319695
6	0	1.638570282364566	1.221216638337709	1	0.5729693602354765	3.661728803809136	0	-3.661728803809136	0.9999999999999998	0.03538248987859127	-1.00378822888799
0	0	0.9999999999999979	1.999999999999996	0	0.3333333333333333	0	0	0	0	0	0
3	0	0.9999999999999979	1.999999999999996	1	0.3333333333333333	3.000000000000006	0	-3.000000000000006	1	0.03703703703703698	-0.822388780821612
13	0	0.9999999999999982	1.966607354976742	1	0.3370853909339946	13.00000000000002	0	-13.00000000000002	1	7.254694043279386e-07	-3.563684716893651
0	0	0	2.999999999999994	0	0	0	0	0	0	0	0
6	0	1.10548214740116	1.394624945991283	1	0.4421739173985184	5.427496060524538	0	-5.427496060524538	0.9999999999999999	0.007474096951874842	-1.487837289376289
5	0	0.7722867690734293	2.227713230926565	1	0.257428923024477	6.474278985769596	0	-6.474278985769596	0.9999999999999998	0.001130541994214473	-1.774791467268677
4	4	0.9987647758529973	2.001204479157939	0.5	0.3329250038762002	4.004947007250823	1.998796245790489	-2.006150761460333	0.9124736737256189	0.2578136591293072	-0.5499452929539029
0	1	0.9999089388760637	1.999568934993389	0	0.3333609984547541	0	0.5001077894837902	0.5001077894837902	0.6666390015452459	0.3333609984547541	0.1370943450909883
4	6	0.8652962804386953	2.067440145262196	0.4	0.2950474078937725	4.622694088055072	2.902139640535553	-1.720554447519519	0.8580961865095391	0.337223482455971	-0.4716548914775923
5	10	0.81416801182825	2.082671832367835	0.3333333333333333	0.2810538571745562	6.141238574053383	4.801524582310589	-1.339713991742794	0.7752089488448933	0.4190883049176565	-0.3672552521063365
4	0	0.9999999999999979	1.999782158143883	1	0.3333575397417355	4.000000000000009	0	-4.000000000000009	1	0.0123492655375762	-1.096518374428816
1	3	0.1889136896796892	2.81087101622752	0.25	0.06297574932883626	5.293422629643941	1.067284831883289	-4.226137797760652	0.9781552106866696	0.2290906320079803	-1.158509437028169
1	0	0.7722867690734291	2.227713230926564	1	0.257428923024477	1.29485579715392	0	-1.29485579715392	1	0.257428923024477	-0.3549582934537355
14	2	0.9999999999999978	1.999872690771448	0.875	0.3333474794034804	14.00000000000003	1.000063658666444	-12.99993634133359	0.9999992329177373	1.192391070559129e-05	-3.563667266169292
2	0	0.9999999999999981	1.999999999999996	1	0.3333333333333334	2.000000000000004	0	-2.000000000000004	1	0.111111111111111	-0.548259187214408
5	0	0.5566497754124919	2.443350224587503	1	0.1855499251374977	8.982308483453298	0	-8.982308483453298	0.9999999999999999	0.0002199398463478275	-2.462316574223589
14	0	0.999999999999998	1.999999999999996	1	0.3333333333333334	14.00000000000003	0	-14.00000000000003	1	2.090751577421557e-07	-3.837814310500856
5	0	0.9999999999999979	1.999999999999996	1	0.3333333333333333	5.000000000000011	0	-5.000000000000011	1	0.004115226337448097	-1.37064796803602
2	0	0.7722867690734294	2.227713230926565	1	0.257428923024477	2.589711594307838	0	-2.589711594307838	1	0.06626965040954214	-0.7099165869074706
0	1	0.1866836127018037	2.81331638729819	0	0.06222787090060136	0	0.3554523780243447	0.3554523780243447	0.9377721290993987	0.06222787090060133	0.09744001593452767
3	0	0.8134676060427778	2.119187266910661	1	0.2773826588136997	3.687915754376382	0	-3.687915754376382	1	0.0213421378218559	-1.010966847004801
1	0	0.7722867690734293	2.227713230926565	1	0.257428923024477	1.294855797153919	0	-1.294855797153919	1	0.257428923024477	-0.3549582934537354
4	0	0.9999999999999978	1.999890813695187	1	0.3333454655865374	4.000000000000009	0	-4.000000000000009	0.9999999999999997	0.01234747648132117	-1.096518374428816
0	1	0.0009497949628540147	1.270074446899307	0	0.0007472673860747789	0	0.7873554203388214	0.7873554203388214	0.9992527326139252	0.0007472673860747792	0.21583742140191
5	1	0.8643917358536304	2.068272218999559	0.8333333333333334	0.2947462611333873	5.784414395242046	0.4834953497967055	-5.30091904544534	0.9993443231827946	0.01006889600534411	-1.453138783672616
5	0	0.999999999999998	1.933330392597714	1	0.3409094326788104	5.00000000000001	0	-5.00000000000001	0.9999999999999997	0.004604633722804286	-1.37064796803602
0	0	0	2.999999999999994	0	0	0	0	0	0	0	0
6	12	0.9080953558104323	2.091177958925683	0.3333333333333333	0.302771791869968	6.607235640628602	5.738392540329208	-0.8688431002993937	0.7127437405767166	0.4759960277551868	-0.2381756059934955
2	2	0.772286769073429	2.227713230926564	0.5	0.257428923024477	2.58971159430784	0.8977816229821233	-1.691929971325716	0.9449361007596608	0.2743151042803651	-0.463808075451366
3	0	0.9999999999999979	1.999999999999996	1	0.3333333333333333	3.000000000000006	0	-3.000000000000006	1	0.03703703703703698	-0.822388780821612
0	0	0	1.269380508186219	0	0	0	0	0	0	0	0
8	0	0.7722867690734292	1.999999999999996	1	0.2785739115046705	10.35884637723136	0	-10.35884637723136	0.9999999999999993	3.626799422584703e-05	-2.839666347629883
5	0	0.9999999999999978	1.999999999999996	1	0.3333333333333333	5.000000000000012	0	-5.000000000000012	1	0.004115226337448097	-1.37064796803602
0	1	0.7722867690734293	2.227682542878704	0	0.2574315563817847	0	0.4488969953087474	0.4488969953087474	0.7425684436182154	0.2574315563817846	0.1230559508954816
12	1	0.9486175359373836	2.050360839915427	0.9230769230769231	0.316313563170534	12.64998752963396	0.4877190300031519	-12.16226849963081	0.9999996826550528	9.234248908307485e-06	-3.334037721145486
4	1	0.7723090099142839	2.227273471184334	0.8	0.257472169803919	5.179274032351309	0.4489794418770939	-4.730294590474215	0.9988685080594905	0.01744712434674156	-1.29671373372905
4	7	0.8161478554023747	1.413128429106101	0.3636363636363636	0.366104399474345	4.901072732743913	4.953548351177091	0.05247561843317783	0.6255413559048758	0.6182722258212034	0.01438511995537371
5	0	0.7722867690734293	2.227713230926564	1	0.257428923024477	6.474278985769596	0	-6.474278985769596	0.9999999999999993	0.001130541994214918	-1.774791467268677
2	4	0.9997542904057299	2.000092042504303	0.3333333333333333	0.3332685009354821	2.000491539964625	1.999907961731413	-0.0005835782332119788	0.6805121455582104	0.6487059427553978	-0.0001599760639084096
13	1	0.8638985717372077	2.068820073559134	0.9285714285714286	0.2945726052251131	15.04806284591765	0.4833673129822405	-14.56469553293541	0.9999999629581238	1.278925730874292e-06	-3.992614067456235
4	0	0.9999999999999977	1.95003436327524	1	0.3389791022263756	4.00000000000001	0	-4.00000000000001	0.9999999999999999	0.01320357998194954	-1.096518374428817
6	4	0.8292755902352859	2.123167209216902	0.6	0.280877783775914	7.235230447694297	1.883977852820805	-5.351252594873491	0.9928624568548648	0.03471374545374273	-1.466936699122163
3	0	0.9999999999999977	1.935147018136633	1	0.3406984365079077	3.000000000000007	0	-3.000000000000007	0.9999999999999998	0.03954671569147605	-0.8223887808216124
0	0	0.8139014911561309	1.413811739770434	0	0.3653529008388606	0	0	0	0	0	0
3	0	0.9999999999999978	1.999999999999996	1	0.3333333333333333	3.000000000000007	0	-3.000000000000007	1	0.03703703703703698	-0.8223887808216122
6	0	0.9999999999999979	1.999999999999996	1	0.3333333333333333	6.000000000000012	0	-6.000000000000012	1	0.001371742112482699	-1.644777561643224
4	0	0.7722867690734293	2.227713230926565	1	0.257428923024477	5.179423188615677	0	-5.179423188615677	1	0.004391666565402796	-1.419833173814941
4	3	1.00087943254164	1.999120567458352	0.5714285714285714	0.333626477513881	3.996485360721592	1.500659864559419	-2.495825496162173	0.9545633977482023	0.173747422914178	-0.6841796289774333
4	1	0.8135657710517126	2.083115725952441	0.8	0.2808613138493583	4.916627692963435	0.4800501419779646	-4.43657755098547	0.9982523292585556	0.02412201670601954	-1.216197201058489
3	0	0.7722867690734293	2.227713230926564	1	0.257428923024477	3.884567391461757	0	-3.884567391461757	0.9999999999999998	0.01705972473413719	-1.064874880361206
11	0	0.9999999999999976	1.999999999999995	1	0.3333333333333333	11.00000000000003	0	-11.00000000000003	1	5.645029269252255e-06	-3.015425529679245
0	0	0.8134257619866461	1.414287468939918	0	0.3651393503859206	0	0	0	0	0	0
2	4	0.9999749670847156	1.999738686303701	0.3333333333333333	0.3333568075590028	2.000050067083894	2.000261347843185	0.0002112807592906663	0.6803377181344084	0.6488803864124707	5.791830868137172e-05
2	2	0.9999999999999979	1.999999999999996	0.5	0.3333333333333333	2.000000000000004	1.000000000000002	-1.000000000000002	0.8888888888888891	0.4074074074074072	-0.2741295936072041
10	4	0.9100347472003111	2.089965252799682	0.7142857142857143	0.3033449157334377	10.98859140353117	1.913907417667192	-9.074683985863979	0.9997250399986182	0.001830468986734002	-2.48763943315869
7	5	0.7722867690734289	2.227713230926563	0.5833333333333334	0.257428923024477	9.063990580077439	2.244454057455309	-6.81953652262213	0.996600423014416	0.01679685925541552	-1.869436775535886
2	1	0.8136140504297878	1.414099180496776	0.6666666666666666	0.365223871337957	2.4581679715874	0.7071639767506956	-1.751003994836704	0.9512833443321603	0.3027321172495743	-0.4800020135091755
5	1	0.9133365274626029	2.086663472537391	0.8333333333333334	0.3044455091542016	5.474433409436511	0.4792339604162411	-4.995199449020269	0.9992037353546345	0.0117114287716058	-1.369331994946853
1	3	0.7744586814322596	2.225541318567733	0.25	0.2581528938107538	1.291224469394069	1.347986656087193	0.05676218669312338	0.7244511596536345	0.6971290444865688	0.01556019517044212
9	4	0.9999023619910362	1.998143865860088	0.6923076923076923	0.3335179933858876	9.000878827887679	2.001857858357074	-6.999020969530605	0.9983443120197848	0.008859015813768689	-1.91863877402572
6	0	0.8520455376995465	2.044631112032076	1	0.2941458922515527	7.041877146847703	0	-7.041877146847703	1	0.0006477042206269878	-1.930386920497214
12	0	1.7714684589158	1.228001753874603	1	0.5905937826493051	6.774041016425668	0	-6.774041016425668	0.9999999999999997	0.001800804007713763	-1.856965110911296
8	1	0.7722867690734294	2.227713230926565	0.8888888888888888	0.257428923024477	10.35884637723135	0.4488908114910615	-9.90995556574029	0.9999950350365228	0.000133860909181327	-2.71661209190183
12	7	0.9897743836723102	1.749989899108121	0.631578947368421	0.3612626056530106	12.12397511792233	4.000023087886129	-8.123952030036202	0.9957394472762613	0.01506144505759188	-2.22701566847824
8	0	1.619105358201412	1.220225666790477	1	0.5702418435715989	4.941000262568967	0	-4.941000262568967	0.9999999999999999	0.01118079427659358	-1.354474393991117
10	3	0.9138157473260731	2.086184252673921	0.7692307692307693	0.3046052491086916	10.94312505476199	1.438032137456131	-9.505092917305856	0.9999150301176521	0.0007463240397683757	-2.605627258619762
6	5	0.9711126453356079	2.013697616900719	0.5454545454545454	0.3253515500204744	6.178479941352688	2.482994446651576	-3.695485494701111	0.9661320898503235	0.1104534698717862	-1.013041936843731
0	3	0.8134929224160041	2.083183727315619	0	0.2808366348005651	0	1.440103415105775	1.440103415105775	0.3719483768813775	0.6280516231186225	0.3947749639352919
7	0	0.9999999999999976	1.999999999999995	1	0.3333333333333333	7.000000000000017	0	-7.000000000000017	1	0.0004572473708274183	-1.918907155250429
11	0	0.7722867690734293	2.227713230926564	1	0.257428923024477	14.24341376869311	0	-14.24341376869311	0.9999999999999993	3.290263945743277e-07	-3.904541227991089
7	5	0.8650406072958331	2.067625581949585	0.5833333333333334	0.2949672930618844	8.092105666440798	2.418232799811583	-5.673872866629214	0.9915117118834542	0.03529160516459329	-1.555376463108005
6	0	0.8137127624979756	2.082963887233648	1	0.2809125286984883	7.373609308499603	0	-7.373609308499603	0.9999999999999999	0.0004913903856600399	-2.021324523157288
3	1	0.7722867690734295	2.227559037949221	0.75	0.2574421549485987	3.884567391461756	0.4489218839832139	-3.435645507478542	0.9956074304330453	0.05507171327638261	-0.9418121067435071
3	0	0.7722867690734292	2.227713230926564	1	0.257428923024477	3.884567391461758	0	-3.884567391461758	0.9999999999999998	0.01705972473413719	-1.064874880361206
6	1	0.8539377524018541	1.373879340074696	0.8571428571428571	0.3833069399124572	7.026273265380195	0.7278659565152437	-6.298407308864951	0.998784298992254	0.01490708009816433	-1.726579835951789
3	1	0.9134976668277542	2.086502333172239	0.75	0.3044992222759187	3.284080637466662	0.4792709713770786	-2.804809666089584	0.9914030430705206	0.08714152838451605	-0.7688813339106937
4	0	0.8139921306005905	2.118662742352848	1	0.2775615153721889	4.914052420935159	0	-4.914052420935159	1	0.005935222433359644	-1.34708719311545
5	1	0.8146678526410023	2.081919136994611	0.8333333333333334	0.2812509534690295	6.137470606936221	0.4803260521652952	-5.657144554770926	0.999505046932065	0.008084197646871516	-1.550790737776558
1	0	0.8135727229670437	2.119082149986395	1	0.2774185024191766	1.229146420191017	0	-1.229146420191017	1	0.2774185024191766	-0.3369454086507125
3	1	0.7723479535983306	2.227652046401664	0.75	0.2574493178661107	3.884259660458929	0.448903140692598	-3.43535651976633	0.9956069415476622	0.05507594357280099	-0.941732886659401
2	9	1.000632230550601	1.773902075007804	0.1818181818181818	0.3606487144692964	1.998736337824632	5.073560782638133	3.074824444813501	0.1802722636687577	0.9474266936323839	0.8429003754702201
4	1	0.8135280167451674	2.119126856208271	0.8	0.2774032581358181	4.916855864415761	0.4718924669707071	-4.444963397445054	0.9983573017743156	0.02303769541717804	-1.218496009740507
8	5	0.9989349134471713	2.001065086552822	0.6153846153846154	0.3329783044823911	8.008529777373809	2.49866935043745	-5.50986042693636	0.991245382193281	0.0344352580739562	-1.510415799668477
4	0	0.813908341716519	2.11874653123692	1	0.2775329443716104	4.91455830464161	0	-4.91455830464161	1	0.005932779024559021	-1.347225870810311
15	1	0.9999818606768996	1.99891970769141	0.9375	0.3334493773401791	15.00027209478212	0.5002702190349199	-14.5000018757472	0.9999999766396918	7.704999552826663e-07	-3.974879621502268
3	2	0.8975635168053654	2.001538624308631	0.6	0.3096005153031522	3.342381841318248	0.9992312792319147	-2.343150562086334	0.9654395751001661	0.1760113987127415	-0.642326911345217
6	8	0.9126645575206375	2.087335442479356	0.4285714285714285	0.3042215191735465	6.574156901961569	3.832637455960374	-2.741519446001195	0.9005005187321002	0.2302558520207099	-0.7515316115985532
7	0	0.8648196597828816	1.362893571143683	1	0.3882095988733614	8.094173069281744	0	-8.094173069281744	1.000000000000001	0.001328813057018707	-2.218852374068575
7	4	0.7722867690734292	2.227713230926564	0.6363636363636364	0.257428923024477	9.063990580077435	1.795563245964246	-7.26842733411319	0.9985356182060025	0.008981777931346913	-1.992491031263938
5	7	1.008416590168957	1.991583409831036	0.4166666666666667	0.3361388633896531	4.958268287873237	3.514791278861815	-1.443477009011422	0.8166110897492826	0.3765232654008474	-0.3956997658616425
4	1	0.8652410907433717	2.067431924558353	0.8	0.2950349685180815	4.622988948159409	0.4836918633795504	-4.139297084779859	0.9977645371074253	0.02894285924555928	-1.134703827670185
6	4	0.8136358043955795	2.083055365755594	0.6	0.2808845529615493	7.37430674459709	1.9202562091042	-5.45405053549289	0.9928614184817531	0.03471773315606741	-1.495116656807816
2	0	0.7722867690734292	1.999999999999995	1	0.2785739115046705	2.589711594307839	0	-2.589711594307839	1	0.07760342417101207	-0.7099165869074708
5	1	0.9999883378543767	2.000011662145617	0.8333333333333334	0.3333294459514596	5.000058311408153	0.4999970844805964	-4.500061226927556	0.998628353869456	0.01783168763449028	-1.233599955345184
4	2	0.8592920378013732	2.073390066380465	0.6666666666666666	0.2930055175690783	4.654994837651	0.9646038304270537	-3.690391007223946	0.9902061456191457	0.06505584214994797	-1.011645387061979
2	0	0.7722867690734293	2.227713230926565	1	0.257428923024477	2.589711594307838	0	-2.589711594307838	1	0.06626965040954191	-0.7099165869074707
6	3	0.9999385425577642	2.000061457442229	0.6666666666666666	0.3333128475192554	6.000368767316911	1.499953908334666	-4.500414858982245	0.9917218889185796	0.04240980695232133	-1.233696896356623
3	0	0.8134956920862488	2.083180957645375	1	0.2808375909550067	3.687788428610305	0	-3.687788428610305	1	0.02214959128946714	-1.01093194324429
1	8	0.1900660424551085	2.809933957544885	0.1111111111111111	0.06335534748503628	5.261329099521758	2.847042002008409	-2.414287097513349	0.8926203947321213	0.4451523870870867	-0.6618275408924492
6	0	0.7722867690734293	2.227713230926564	1	0.257428923024477	7.769134782923515	0	-7.769134782923515	0.9999999999999996	0.0002910342080050254	-2.129749760722412
6	2	1.00086507665203	1.999134923347964	0.75	0.3336216922173439	5.994814026352542	1.00043272549638	-4.994381300856162	0.9973941290398721	0.019750394461857	-1.369107716323116
0	1	0.0004049871919006179	1.269676399722557	0	0.0003188671183383736	0	0.7876022585113144	0.7876022585113144	0.9996811328816616	0.0003188671183383951	0.2159050870498222
1	0	0.9999999999999973	1.80580779818161	1	0.3564035999358471	1.000000000000003	0	-1.000000000000003	1	0.356403599935847	-0.2741295936072042
1	0	0.7722867690734293	1.999999999999996	1	0.2785739115046705	1.294855797153919	0	-1.294855797153919	1	0.2785739115046706	-0.3549582934537354
10	0	0.7722867690734292	2.227713230926563	1	0.2574289230244771	12.94855797153919	0	-12.94855797153919	0.9999999999999998	1.27812520089865e-06	-3.549582934537354
18	0	0.9999999999999978	1.999999999999996	1	0.3333333333333333	18.00000000000004	0	-18.00000000000004	1.000000000000001	2.581173830229488e-09	-4.934332684929673
1	3	0.8679728313710819	2.066065331427001	0.25	0.2958287463252791	1.152109794059295	1.452035400026748	0.2999256059674531	0.6590504635045789	0.7541256823293502	0.08221848447625216
6	3	1.000290171996587	1.999709828003405	0.6666666666666666	0.3334300573321965	5.99825947307265	1.500217660576948	-4.498041812495702	0.9917038710749391	0.04248186596101522	-1.233046374087656
2	3	1.000101252007272	1.999898747992722	0.4	0.3333670840024246	1.999797516487319	1.500075942850142	-0.4997215736371772	0.7900734532676552	0.5391613165063518	-0.1369884718979116
1	1	0.9998254434107899	2.000174556589204	0.5	0.3332751478035974	1.000174587064533	0.4999563646611171	-0.5002182224034155	0.8889276758564904	0.555477971463685	-0.137124618022366
4	3	0.9999999999999977	1.999999999999995	0.5714285714285714	0.3333333333333334	4.00000000000001	1.500000000000004	-2.500000000000006	0.954732510288066	0.173296753543667	-0.6853239840180103
21	2	1.769184509827232	1.230062324854921	0.9130434782608695	0.5898762613897107	11.86987557451016	1.625933873095323	-10.24394170141484	0.9999092752219674	0.0007437495203446165	-2.808167575544734
8	0	0.8643314295577439	2.068323443395694	1	0.2947266101882923	9.255708778394641	0	-9.255708778394641	0.9999999999999996	5.693178394805543e-05	-2.537263685967948
7	0	0.7722867690734296	2.227713230926565	1	0.257428923024477	9.06399058007743	0	-9.06399058007743	0.9999999999999993	7.492062273051214e-05	-2.484708054176146
2	0	0.8136011124968427	1.414112118429722	1	0.3652180636187382	2.458207061519672	0	-2.458207061519672	1	0.1333842339934205	-0.6738673027767456
8	1	0.772292313256298	2.227603607893653	0.8888888888888888	0.2574397024281613	10.35877201246346	0.4489129019437917	-9.909859110519664	0.9999950331651141	0.0001339040936056968	-2.716585650671398
1	0	0.9999999999999979	1.999999999999996	1	0.3333333333333333	1.000000000000002	0	-1.000000000000002	1	0.3333333333333333	-0.2741295936072041
3	1	0.9133248070503669	2.086675192949627	0.75	0.3044416023501229	3.284702196679258	0.4792312686606708	-2.805470928018588	0.9914095483802048	0.08709694636464826	-0.7690626053745594
7	3	0.7723481639604307	2.227651836039563	0.7	0.2574493879868108	9.063270072535095	1.34670954925055	-7.716560523284546	0.9994829770473115	0.004200029351781875	-2.115337600293382
5	0	1.770003173065418	1.227209705675758	1	0.5905497022316334	2.824853692968607	0	-2.824853692968607	1	0.07182609809658869	-0.7743759948532922
3	0	0.9999999999999977	1.999999999999995	1	0.3333333333333334	3.000000000000007	0	-3.000000000000007	0.9999999999999999	0.0370370370370372	-0.8223887808216124
2	2	0.7723956674839433	2.227577046662793	0.5	0.2574675642353737	2.589346476417899	0.8978365094021175	-1.691509967015782	0.9449132795547759	0.2743809269307854	-0.4636929398405704
3	0	0.9999999999999979	1.772415162828464	1	0.3606963392090895	3.000000000000006	0	-3.000000000000006	1	0.04692726070149833	-0.822388780821612
1	1	0.8136286532175011	2.119021369216581	0.5	0.2774380328349559	1.229061926525685	0.4719159582471356	-0.7571459682785491	0.9230281379366698	0.4779042036065818	-0.2075561165855312
0	0	0	2.999999999999994	0	0	0	0	0	0	0	0
1	3	0.7722867690734291	2.227713230926564	0.25	0.257428923024477	1.29485579715392	1.346672434473185	0.05181663731926522	0.7256848957196349	0.6959450220118004	0.01420447373042203
3	0	0.8135096928342946	2.083166956897329	1	0.2808424243381346	3.687724960655233	0	-3.687724960655233	0.9999999999999998	0.0221507349323431	-1.01091454479956
15	1	1.767269601862868	1.228475454974879	0.9375	0.5899265686274269	8.48766933137343	0.8140170777937513	-7.673652253579679	0.9997848371460867	0.00260820834804909	-2.103575173756798
2	1	0.7724030974195071	2.227577920391041	0.6666666666666666	0.257469328250358	2.589321568856632	0.4489180786207715	-2.14040349023586	0.9829322410843939	0.1647358471378592	-0.5867479389337963
0	0	0.8134675238747304	2.119187349078708	0	0.2773826307953851	0	0	0	0	0	0
2	5	0.8384131113839047	2.057957689966037	0.2857142857142857	0.2894702263236243	2.385458878021065	2.42959319541818	0.04413431739711493	0.6708281250465133	0.6478399093650515	0.01209852249220245
5	1	0.9996705395539152	2.000329460446079	0.8333333333333334	0.3332235131846391	5.001647845130216	0.4999176484542688	-4.501730196675947	0.9986309672636884	0.01780554700619164	-1.234057469344053
11	6	0.8775380894172743	2.034134340188992	0.6470588235294118	0.3013862687623622	12.53506842911458	2.949657690476106	-9.585410738638471	0.9993127394928091	0.003368657300931499	-2.627644750341088
10	4	0.8651609297355094	2.031905709485375	0.7142857142857143	0.2986334238994859	11.55854322161442	1.968595285365426	-9.589947936248992	0.9997643861518009	0.001602078732331536	-2.628888530478176
6	2	0.8142201346089648	1.414014390324925	0.75	0.3654104294219758	7.369014526865691	1.414412762475792	-5.954601764389898	0.9952659238145075	0.03157698177389701	-1.63233256176494
13	0	1.77160630799342	1.228336598975783	1	0.5905466746976353	7.337973420699901	0	-7.337973420699901	0.9999999999999992	0.001062441359915178	-2.011555671716925
8	2	0.9496498827533683	2.048871705498463	0.8	0.3167060348920228	8.424157308170452	0.9761470152731825	-7.448010292897269	0.9997708121602158	0.002355751538009265	-2.041720034774197
2	0	0.8134397516704537	2.119215121282985	1	0.2773731608081278	2.458694692376251	0	-2.458694692376251	1	0.07693587033669136	-0.6740009768252898
0	0	0.7722867690734293	2.227713230926564	0	0.257428923024477	0	0	0	0	0	0
1	1	0.9999999999999979	1.999999999999996	0.5	0.3333333333333333	1.000000000000002	0.5000000000000011	-0.5000000000000011	0.8888888888888891	0.5555555555555555	-0.137064796803602
2	0	0.8651346436147251	2.067520229338713	1	0.2950004965103376	2.311778882930355	0	-2.311778882930355	1	0.08702529294134576	-0.633727005687413
3	0	0.7722867690734292	2.227713230926564	1	0.257428923024477	3.884567391461758	0	-3.884567391461758	0.9999999999999999	0.01705972473413708	-1.064874880361206
0	6	0.002397451898873952	2.99760254810112	0	0.0007991506329579856	0	2.001599579570947	2.001599579570947	0.9952146656269615	0.004785334373038519	0.548697679312133
8	0	0.9999999999999977	1.999972736618	1	0.3333363626255291	8.00000000000002	0	-8.00000000000002	1	0.0001524268717152388	-2.193036748857633
2	0	0.7722867690734293	2.227713230926564	1	0.257428923024477	2.589711594307838	0	-2.589711594307838	1	0.06626965040954214	-0.7099165869074707
5	0	0.9999999999999979	1.999999999999996	1	0.3333333333333333	5.000000000000011	0	-5.000000000000011	1	0.004115226337448097	-1.37064796803602
6	0	0.7722867690734294	2.086513995486946	1	0.2701436135904319	7.769134782923514	0	-7.769134782923514	0.9999999999999999	0.0003886585531330811	-2.129749760722412
3	2	0.7724094451250283	2.227590554874964	0.6	0.2574698150416767	3.883950434493193	0.8978310648799913	-2.986119369613202	0.9825534725172845	0.1115503335979959	-0.8185836892546657
2	3	0.8143313605043021	2.082778448832848	0.4	0.2810840506907188	2.456002675325475	1.440383638346723	-1.015619036978753	0.861027296764585	0.4325393843064653	-0.2784112338667248
0	2	0.2008688585011397	2.799131141498854	0	0.06695628616704671	0	0.714507430662594	0.714507430662594	0.87057057192319	0.12942942807681	0.195867631596864
10	0	0.7722867690734293	1.999999999999996	1	0.2785739115046705	12.94855797153919	0	-12.94855797153919	0.9999999999999991	2.814520540628251e-06	-3.549582934537353
1	0	0.7722867690734293	2.227713230926564	1	0.257428923024477	1.294855797153919	0	-1.294855797153919	1	0.2574289230244771	-0.3549582934537354
2	2	0.8135156406097502	2.083198548184839	0.5	0.2808408381319383	2.458465332640624	0.9600621130149438	-1.49840321962568	0.9300607382318931	0.3146887579658957	-0.410756665655713
1	0	0.7722867690734293	2.086513995486945	1	0.270143613590432	1.294855797153919	0	-1.294855797153919	1	0.270143613590432	-0.3549582934537354
3	3	0.7723174667139168	2.227682533286077	0.5	0.2574391555713061	3.884412989860898	1.34669099172523	-2.537721998135668	0.9583418916219708	0.1813753288380382	-0.695664700036991
0	0	0.7722867690734293	2.227713230926564	0	0.257428923024477	0	0	0	0	0	0
7	11	0.9998844476720369	2.000115552327957	0.3888888888888889	0.3332948158906796	7.000808959772927	5.499682249456525	-1.501126710316402	0.7768467421977708	0.3913535822742977	-0.4115032550519536
4	0	0.7722867690734294	2.086513995486946	1	0.2701436135904319	5.179423188615676	0	-5.179423188615676	0.9999999999999999	0.005325726009716591	-1.419833173814941
0	5	0.1872161980498014	2.812753115697501	0	0.06240603768574789	0	1.777617798055522	1.777617798055522	0.7245594250318578	0.2754405749681422	0.4872976445698921
11	3	0.9990203691812011	1.95229338379117	0.7857142857142857	0.3385002249168028	11.0107865058003	1.536654288186073	-9.474132217614224	0.9999025288128134	0.0008019031667581	-2.597140014595501
5	2	0.999999999999998	1.772815993541946	0.7142857142857143	0.3606441979305725	5.00000000000001	1.12814866702785	-3.87185133297216	0.9893592535093698	0.06301275915619731	-1.061389032415167
6	0	0.883003936717637	2.116996063282357	1	0.2943346455725463	6.794986693155201	0	-6.794986693155201	0.9999999999999999	0.0006502020142060694	-1.86270694076099
6	1	0.8967172660422571	1.999981469277787	0.8571428571428571	0.3095652492640669	6.691072233371332	0.5000046327234771	-6.191067600647855	0.9997275634221591	0.004525813751537933	-1.697154845360321
2	1	0.7722867690734294	2.227713230926565	0.6666666666666666	0.257428923024477	2.589711594307838	0.4488908114910615	-2.140820782816776	0.9829402752658628	0.1646895017603525	-0.5868623311794181
10	2	0.9997053329547598	1.933258818234543	0.8333333333333334	0.3408515349733764	10.00294753899501	1.034522631494528	-8.968424907500481	0.9999404742232959	0.0006664898238195605	-2.458510675189828
6	0	0.999999999999998	1.999999999999996	1	0.3333333333333334	6.000000000000012	0	-6.000000000000012	0.9999999999999999	0.001371742112482921	-1.644777561643224
2	0	0.7722867690734293	1.999999999999996	1	0.2785739115046705	2.589711594307838	0	-2.589711594307838	1	0.07760342417101207	-0.7099165869074707
6	11	0.7723703708479327	2.227593295412301	0.3529411764705883	0.2574599084430821	7.768293847695128	4.938064781688093	-2.830229066007035	0.8784009513144617	0.2579810136000441	-0.7758495436798036
6	2	0.7726865520900863	2.227313447909907	0.75	0.2575621840300293	7.765115082914591	0.8979427668237643	-6.867172316090827	0.9995340270301876	0.004971761393422591	-1.882495156240617
3	19	0.7725768419530252	2.226819711848846	0.1363636363636364	0.2575774253570269	3.883108885863302	8.532347679024722	4.649238793161421	0.1437372423040183	0.9480149232228452	1.274493940952185
11	7	0.9968726806983986	2.00303505798921	0.6111111111111112	0.3323011130784	11.03450843120058	3.494696696435807	-7.539811734764768	0.9961932764983916	0.01407905645297569	-2.06688552672589
4	0	0.7722867690734293	1.999999999999996	1	0.2785739115046705	5.179423188615677	0	-5.179423188615677	0.9999999999999996	0.00602229144306643	-1.419833173814941
5	1	0.907125432267151	2.010470729169953	0.8333333333333334	0.3109153501971751	5.511916899412303	0.4973959508541873	-5.014520948558116	0.9990966563735959	0.01291587808745687	-1.374628589763045
8	4	0.7723788172182413	2.227621182781751	0.6666666666666666	0.2574596057394145	10.3576118630653	1.795637440924756	-8.561974422140542	0.9995027358341944	0.003402345761123748	-2.347090568816657
4	0	0.8143337456872586	2.11832112726618	1	0.2776780020034044	4.911990963390805	0	-4.911990963390805	1	0.005945192250969344	-1.346522086596577
5	1	0.9999999999999978	1.999907736541354	0.8333333333333334	0.3333435851440271	5.000000000000012	0.5000230669287788	-4.499976933071233	0.9986280047369247	0.01783517890980346	-1.233576847904607
8	0	1.589575247546354	1.188474858551197	1	0.5721909925445154	5.032791000205047	0	-5.032791000205047	0.9999999999999998	0.01149021446096543	-1.379636951596201
3	2	0.7722867690734294	2.227713230926564	0.6	0.257428923024477	3.884567391461757	0.8977816229821232	-2.986785768479634	0.9825638351498419	0.1115055008256125	-0.8187663689051009
7	0	0.7725645612383917	2.226737745037725	1	0.2575814247272709	9.06073142777772	0	-9.06073142777772	0.9999999999999998	7.523185790947462e-05	-2.483814624080723
12	0	1.140798098911182	1.745750790913748	1	0.3952117710295811	10.51895161067785	0	-10.51895161067785	0.9999999999999999	1.451972711186134e-05	-2.883555930208956
10	2	0.7723174875856577	2.227621114013844	0.8333333333333334	0.2574444314206547	12.94804294961779	0.8978187481785427	-12.05022420143925	0.999996981449812	4.95596752984051e-05	-3.303323063216229
6	3	0.8650479097460699	1.364692265200559	0.6666666666666666	0.3879590633320206	6.936032019037266	2.198297796872991	-4.737734222164275	0.9791352368506807	0.08653009028008485	-1.298753156940833