dN/dS,LRT,p-value,Log(L)
1.028145822447522e-15,0.9955002352866025,0.1592008872348699,-4.079503143659447
9.682324783204268e-17,0.664905507446524,0.2074167189558001,-3.843177322169866
4.936130869128893e-15,0.6646079446833646,0.207468931781605,-10.24534527425596
1.028145822447522e-15,0.6482349897460011,0.2103722122355818,-4.029233329414012
2.287852447174094e-16,0.6482338210749718,0.2103724216198251,-3.978079354787922
1.340273035413137e-15,0.7287748174459736,0.1966403031815172,-4.517767926628648
2.804502661847769e-15,0.431681035137105,0.2555826203757625,-4.62624429912279
1.028145822447522e-15,0.8399347273225413,0.1797077197780799,-4.088068208555806
1.028145822447522e-15,0.5602356105348605,0.2270826635655377,-3.945089329460679
3.142310122095037,0.9187072724142418,0.1689073147222915,-11.7338252315493
1.028145822447522e-15,0.3870939027465923,0.2669154694952037,-4.11496824587049
2.804502661847769e-15,0.7231431466171223,0.1975574157738064,-11.42473416694357
2.804502661847769e-15,0.4041156565236665,0.2624856891582888,-5.100033834119049
4.936130869128893e-15,0.6727523962187973,0.206046819627618,-4.230846853752907
1.028145822447522e-15,0.6568696398857607,0.2088336291246103,-4.325412396730005
1.340273035413137e-15,0.7287748174459736,0.1966403031815172,-4.517767926628648
1,0,1,0
1,0,1,0
1,0,1,0
1.994509634777002,0.3819318361546422,0.2682855797528841,-13.70362879702479
1.807399608588131,0.2883420781302846,0.2956424648032352,-10.54139367272958
1,0,1,0
1,0,1,0
1,0,1,0
1,0,1,0
1,0,1,0
1,0,1,0
1,0,1,0
1,0,1,0
4.936130869128893e-15,1.069403889761347,0.1505400659269597,-14.41074132110685
1,0,1,0
1,0,1,0
1,0,1,0
1,0,1,0
1.038263951005382e-15,1.078370631368529,0.1495311715267679,-16.82245025480232
1,0,1,0
1,0,1,0
1,0,1,0
1,0,1,0
1,0,1,0
1,0,1,0
4.936130869128893e-15,0.995462073172785,0.1592055252267637,-12.44300670282256
1,0,1,0
1,0,1,0
1,0,1,0
2.804502661847769e-15,0.9834099325414805,0.1606791981606896,-10.21336309452753
1,0,1,0
1,0,1,0
1,0,1,0
1,0,1,0
1,0,1,0
1,0,1,0
1.028145822447522e-15,0.9834100371794818,0.1606791852883515,-11.42286443914031
1,0,1,0
1,0,1,0
1,0,1,0
1,0,1,0
1,0,1,0
1,0,1,0
1,0,1,0
1.633567612959379,0.2045335031326339,0.325543075832409,-11.27421231448236
4.492985534007725,2.879925966406368,0.04484507268853716,-24.87142770391542
2.247513314095233,0.507056381041135,0.2382079551121459,-9.364329724194482
1,0,1,0
1.693495516673778,0.2331828320686888,0.3145868918917561,-8.754156073053117
1.813447197102082,0.2913562053674994,0.2946763750114305,-8.098350369374902
1,0,1,0
2.804502661847769e-15,1.069249837430991,0.1505574756445472,-13.56152308798367
1.747418866992579,0.2589332175952528,0.3054269987726734,-9.088121853105362
2.804502661847769e-15,1.241345032226867,0.1326059953796122,-8.299558005425908
1,0,1,0
1,0,1,0
1.038263951005382e-15,0.7502144187855464,0.1932041765292864,-10.60102335564595
1,0,1,0
2.201679317008673,0.484456243773792,0.2432053624364659,-15.47590327125922
1,0,1,0
4.936130869128893e-15,1.115159404325709,0.1454815760719159,-10.8670070673964
1.028145822447522e-15,0.9825352321979306,0.160786849367322,-7.957341419984128
1,0,1,0
1,0,1,0
1,0,1,0
1,0,1,0
1,0,1,0
1,0,1,0
1,0,1,0
1,0,1,0
1,0,1,0
1,0,1,0
1,0,1,0
1,0,1,0
1,0,1,0
1.028145822447522e-15,1.06951727646209,0.1505272535595844,-8.627085058707507
1,0,1,0
1.028145822447522e-15,1.186341197260553,0.1380344122385219,-8.61452474952479
1.028145822447522e-15,0.971825824060538,0.1621126227428674,-10.70184514288082
2.693899525645376,0.7195055129421704,0.1981530789107166,-10.21038608159366
1,0,1,0
1,0,1,0
1,0,1,0
1,0,1,0
1,0,1,0
1,0,1,0
1,0,1,0
1.028145822447522e-15,0.9954621721251371,0.1592055132004656,-10.74423271969113
2.804502661847769e-15,1.07842922773877,0.1495246072136326,-9.630192514290055
1,0,1,0
1,0,1,0
1,0,1,0
1.028145822447522e-15,1.078370777552696,0.1495311551498887,-9.56876127826783
1,0,1,0
1,0,1,0
2.804502661847769e-15,1.059680287081502,0.1516440577143838,-8.600456999220885
1,0,1,0
1,0,1,0
1,0,1,0
1,0,1,0
1,0,1,0
1,0,1,0
1,0,1,0
1,0,1,0
1,0,1,0
1,0,1,0
1,0,1,0
1,0,1,0
1,0,1,0
1,0,1,0
1,0,1,0
1,0,1,0
1,0,1,0
1,0,1,0
1,0,1,0
1,0,1,0
4.936130869128893e-15,0.9834100349353072,0.1606791855644249,-10.73802466234726
2.804502661847769e-15,0.5997119490178058,0.2193439758661472,-13.08987174887845
2.804502661847769e-15,1.078596044026163,0.1495059214926248,-10.25101238028739
1,0,1,0
4.360235426222293,2.780353708658406,0.04771354572214781,-13.99974240864727
1.93596078728194,0.350158961232296,0.2770115799028561,-17.09125945137383
1.028145822447522e-15,1.078000200592133,0.1495726779605467,-8.712802509906314
5.653412140044638,5.38278139687899,0.01016821563029124,-17.27422515839034
1,0,1,0
1.902976262773864,0.335191874629384,0.2813088996466477,-12.42732025967896
1,0,1,0
1,0,1,0
1,0,1,0
1,0,1,0
1,0,1,0
1,0,1,0
1,0,1,0
1,0,1,0
1,0,1,0
1,0,1,0
1.028145822447522e-15,0.8267441973756888,0.1816078355019817,-3.947129523595491
8.025341077227516,9.531645881160301,0.001009794614638349,-30.2689227853464
1,0,1,0
1,0,1,0
2.804502661847769e-15,1.168451425211725,0.1398598297887003,-15.78508207379678
1,0,1,0
1,0,1,0
1,0,1,0
1.904517142048429,0.3359137097317166,0.281098728373286,-11.17021427308411
1,0,1,0
1,0,1,0
1,0,1,0
1,0,1,0
1,0,1,0
1,0,1,0
1,0,1,0
1,0,1,0
1,0,1,0
1,0,1,0
4.252685861277906,2.696971818857449,0.05026951992628997,-17.13504090187254
7.152320986254338,4.384182203934767,0.01813694481450956,-13.77921923882845
3.802518839734108,2.367169978624794,0.06195575182689728,-15.50021119227177
1,0,1,0
1,0,1,0
1,0,1,0
1.028145822447522e-15,1.009493006385593,0.1575121648392582,-12.67653291065863
1.890670902594665,0.3297102368025442,0.282914880503482,-15.75158909161282
1,0,1,0
2.804502661847769e-15,1.059631085648977,0.1516496704440177,-8.532021828199785
2.804502661847769e-15,0.9954620730588744,0.1592055252406079,-10.15870148934335
1,0,1,0
1,0,1,0
1,0,1,0
1,0,1,0
1.894795169888167,0.3311972723183523,0.2824774699165928,-8.787672385343017
1.715840205391215,0.2436090428797506,0.3108057697340715,-15.41262845858887
1,0,1,0
1,0,1,0
1,0,1,0
1,0,1,0
1,0,1,0
1,0,1,0
1,0,1,0
1,0,1,0
1,0,1,0
1,0,1,0
1,0,1,0
1,0,1,0
1,0,1,0
1,0,1,0
5.64667360488876e-15,0.9834099305559931,0.1606791984049398,-16.43864529868264
1,0,1,0
1,0,1,0
2.449231293967717e-15,1.154805117038979,0.1412727624033948,-3.906207638883993
1,0,1,0
2.079084302302122,0.4229293080641838,0.2577394919341454,-11.73996111141101
1,0,1,0
1,0,1,0
1,0,1,0
2.028670543154263,0.3977297229037511,0.2641320288339081,-14.19972036567264
2.883399754672864,0.8059569411311642,0.1846591442953742,-8.883271320452154
1,0,1,0
1,0,1,0
1,0,1,0
1.929432482187973,0.3483179980121633,0.2775334091850199,-9.527522545679892
1,0,1,0
1,0,1,0
1,0,1,0
1,0,1,0
1,0,1,0
1,0,1,0
1,0,1,0
1.62495727655086,0.2005088193608096,0.3271552274148293,-10.39030765994712
1,0,1,0
1,0,1,0
1,0,1,0
1,0,1,0
1,0,1,0
2.804502661847769e-15,1.009493539270377,0.1575121009757172,-10.16895053214574
1.810778436717294,0.2898871717219329,0.2951464211916416,-8.274739700351947
1,0,1,0
5.64667360488876e-15,1.184543776975737,0.1382164552324959,-16.13049670664051
4.88641558344114,3.135644936655602,0.03829904276601503,-18.83292497119973
1,0,1,0
2.804502661847769e-15,1.009493512258349,0.157512104212971,-10.69993267160693
1,0,1,0
2.804502661847769e-15,0.9954620094812796,0.1592055329675913,-9.590798960810066
2.804502661847769e-15,1.187302543298646,0.1379371706676227,-9.207521168728057
4.0479524494288e-15,1.186342067668953,0.1380343241564655,-9.726773254700937
5.413456098418186,2.684483803488597,0.05066502860046351,-24.77101114896265
1,0,1,0
1.028145822447522e-15,1.241940052260428,0.1325487429236904,-8.810718537614648
3.377203946614766,1.049597957095749,0.1527998495851211,-16.72711079945184
1,0,1,0
1,0,1,0
1,0,1,0
2.435367213768909,0.5966858831909079,0.2199226564532504,-10.81855490604618
1,0,1,0
1,0,1,0
1,0,1,0
1,0,1,0
1,0,1,0
1,0,1,0
1,0,1,0
1,0,1,0
1,0,1,0
1,0,1,0
1,0,1,0
1,0,1,0
5.995840245955149,5.642913720596646,0.008763028651554261,-30.27827451533965
1,0,1,0
4.160690243409949,2.638809310433274,0.05214083684841714,-15.74015372447808
1,0,1,0
1,0,1,0
2.804502661847769e-15,0.5976604631255356,0.2197360301133644,-11.07377061729793
1,0,1,0
1,0,1,0
1,0,1,0
1.028145822447522e-15,1.00957302183042,0.1575025757729323,-9.708123829936447
1,0,1,0
1,0,1,0
1,0,1,0
1,0,1,0
3.971656919657949,2.49763496845268,0.05700870267621577,-16.92648486632566
4.936130869128893e-15,0.6965557266299562,0.2019717229319055,-9.857037866342225
1.904553155310876,0.3359280084815737,0.2810945681622197,-10.65853147767292
1,0,1,0
2.058396772838227,0.4118978222601548,0.2605039070907255,-10.6258370541218
1,0,1,0
2.804502661847769e-15,0.7355121919151806,0.1955511433319517,-12.33397553343236
1,0,1,0
1,0,1,0
1.028145822447522e-15,1.186572294833478,0.1380110285136943,-8.893923646920598
1,0,1,0
1,0,1,0
1,0,1,0
2.804502661847769e-15,1.009494386313207,0.1575119994619957,-11.36506245640639
1,0,1,0
3.860767416156146,2.450618370491036,0.05873928997303968,-17.15985725149274
1,0,1,0
1,0,1,0
1.683639051901278,0.2282713648250727,0.3164042791215215,-8.853966111161094
1,0,1,0
1,0,1,0
1,0,1,0
1,0,1,0
1.028145822447522e-15,0.9834100371775776,0.1606791852885859,-9.082736237291421
2.804502661847769e-15,1.009493012464404,0.1575121641107434,-11.77048810256648
1,0,1,0
1,0,1,0
1,0,1,0
1.038263951005382e-15,0.9590595017601657,0.1637119747463104,-9.867269465432813
1,0,1,0
1,0,1,0
1,0,1,0
1,0,1,0
1,0,1,0
1,0,1,0
1,0,1,0
1,0,1,0
2.010693570935717,0.3890306493285891,0.2664046870710197,-13.19259823584305
1,0,1,0
1,0,1,0
2.804502661847769e-15,0.9588697427072752,0.163735904859924,-11.73029452663098
2.804502661847769e-15,0.9834099380131178,0.1606791974875805,-11.31675201773766
1,0,1,0
2.449231293967717e-15,1.186320057719509,0.1380365515022635,-10.40526473138556
1.868097587176155,0.3185641130790984,0.286235920416647,-16.82440505767406
2.804502661847769e-15,1.069732584282768,0.1505029282702006,-9.091674932326262
1,0,1,0
1,0,1,0
1,0,1,0
2.028116736905726,0.3975675237468614,0.2641740850913476,-9.341255369847202
1,0,1,0
1,0,1,0
1,0,1,0
4.936130869128893e-15,0.9834100370281789,0.1606791853069644,-11.58628048385923
1,0,1,0
1.028145822447522e-15,0.9820558042947418,0.160845893879719,-13.00489810536228
1,0,1,0
1,0,1,0
1,0,1,0
1,0,1,0
1,0,1,0
1,0,1,0
1,0,1,0
1,0,1,0
1,0,1,0
1,0,1,0
1,0,1,0
1,0,1,0
1,0,1,0
1,0,1,0
2.804502661847769e-15,0.8017561690855164,0.1852844110279459,-4.372184277821906
9.682324783204268e-17,0.7904649785733087,0.1869797816386246,-3.670729916459227
1.038263951005382e-15,0.6559024940716931,0.2090051274852098,-8.92024675054828
2.804502661847769e-15,0.8017561690855164,0.1852844110279459,-4.372184277821906
9.682324783204268e-17,0.728774730450203,0.1966403173013681,-4.281534123050911
1.028145822447522e-15,0.6482349897460011,0.2103722122355818,-4.029233329414012
9.682324783204268e-17,0.728774730450203,0.1966403173013681,-4.281534123050911
9.682324783204268e-17,0.8017561679087688,0.185284411203513,-4.321029718860305
1.028145822447522e-15,0.6568696398857607,0.2088336291246103,-4.325412396730005
9.682324783204268e-17,0.7904649785733087,0.1869797816386246,-3.670729916459227
4.936130869128893e-15,0.7289504249163059,0.1966118041755832,-10.82181528880924
1.028145822447522e-15,0.7166378283983192,0.1986244909006814,-3.566409224291365
9.682324783204268e-17,0.8017561679087688,0.185284411203513,-4.321029718860305
2.804502661847769e-15,0.4548945773477833,0.2500098578802139,-4.497213062048448
4.936130869128893e-15,0.7290636480696193,0.1965934325498261,-4.076120672325468
2.804502661847769e-15,0.7534370810180722,0.192695103843605,-4.08479591528257
1.028145822447522e-15,0.9955002352866025,0.1592008872348699,-4.079503143659447
9.682324783204268e-17,0.6727522975710309,0.206046836765352,-3.994613050175169
3.17603086687411e-16,0.7808077290215572,0.188447110698313,-3.850505626334678
9.682324783204268e-17,0.8017561679087688,0.185284411203513,-4.321029718860305
2.804502661847769e-15,0.4548945773477833,0.2500098578802139,-4.497213062048448
1.028145822447522e-15,0.5602356105348605,0.2270826635655377,-3.945089329460679
9.682324783204268e-17,0.8017561679087688,0.185284411203513,-4.321029718860305
1.028145822447522e-15,0.6568696398857607,0.2088336291246103,-4.325412396730005
6.728744545674702e-16,0.8037501149699242,0.1849872533561362,-4.330062343817254
1.028145822447522e-15,0.7342302041276234,0.1957577209002477,-4.282451331050483
4.936130869128893e-15,0.5083059776003473,0.2379365531964824,-9.920566563331072
1.028145822447522e-15,0.7166378283983192,0.1986244909006814,-3.566409224291365
5.840566125974614e-16,0.6105466399834416,0.2172910323980889,-4.612351629754648
4.936130869128893e-15,0.7290636480696193,0.1965934325498261,-4.076120672325468
2.804502661847769e-15,0.8017561690855164,0.1852844110279459,-4.372184277821906
9.682324783204268e-17,0.6646078443243315,0.2074689493947138,-4.048590772895312
2.804502661847769e-15,0.7534370810180722,0.192695103843605,-4.08479591528257
4.936130869128893e-15,0.5087170767203713,0.2378473758893883,-4.047943375751815
4.936130869128893e-15,0.7287747633063653,0.1966403119686476,-10.09750555455086
2.804502661847769e-15,0.7287747304650942,0.1966403172989511,-10.8460203347921
6.728744545674702e-16,0.7808047129529161,0.1884475714848083,-3.799352574446965
5.840566125974614e-16,0.6261783897160029,0.2143802903055894,-4.71394570941848
5.840566125974614e-16,0.6648754047579262,0.2074220001383368,-3.331901268992695
1.028145822447522e-15,0.8399347273225413,0.1797077197780799,-4.088068208555806
9.682324783204268e-17,0.6646079446833877,0.2074689317816009,-4.284824576473047
4.936130869128893e-15,0.5087170767203713,0.2378473758893883,-4.047943375751815
9.682324783204268e-17,0.728774730450203,0.1966403173013681,-4.281534123050911
9.682324783204268e-17,0.728774730450203,0.1966403173013681,-4.281534123050911
1.028145822447522e-15,0.6482349897460011,0.2103722122355818,-4.029233329414012
2.804502661847769e-15,0.7802014606358902,0.1885397665505659,-8.910849695132363
4.936130869128893e-15,0.5087170767203713,0.2378473758893883,-4.047943375751815
1.028145822447522e-15,0.6482349897460011,0.2103722122355818,-4.029233329414012
2.804502661847769e-15,0.7166408444657266,0.1986239942459953,-3.61756227617908
2.449231293967717e-15,0.8017549480871047,0.1852845931972385,-4.596086749297593
1.038263951005382e-15,0.6647097970302518,0.2074510577357227,-9.899165636295049
2.804502661847769e-15,0.4041156565236665,0.2624856891582888,-5.100033834119049
1.028145822447522e-15,0.7166378283983192,0.1986244909006814,-3.566409224291365
4.936130869128893e-15,0.8010317858997027,0.1853925307504112,-8.816894738869085
1.028145822447522e-15,0.3870939027465923,0.2669154694952037,-4.11496824587049
6.339890440346116,3.972805288613024,0.02312033778451028,-18.65984742956645
4.936130869128893e-15,0.7290636480696193,0.1965934325498261,-4.076120672325468
5.840566125974614e-16,0.6648754047579262,0.2074220001383368,-3.331901268992695
2.804502661847769e-15,0.6646078829309303,0.2074689426192176,-4.559881606910337
2.804502661847769e-15,0.7166408444657266,0.1986239942459953,-3.61756227617908
4.936130869128893e-15,0.7288968153549291,0.1966205037410269,-10.17739014665432
5.840566125974614e-16,0.6648754047579262,0.2074220001383368,-3.331901268992695
1.028145822447522e-15,0.6568696398857607,0.2088336291246103,-4.325412396730005
1.028145822447522e-15,0.7342302041276234,0.1957577209002477,-4.282451331050483
4.936130869128893e-15,0.5087170767203713,0.2378473758893883,-4.047943375751815
1.028145822447522e-15,0.6390823408986588,0.2120216451546801,-4.029233329414012
4.730343101349462e-16,0.7290335452941274,0.1965983167952617,-3.564844619148295
4.936130869128893e-15,0.6642078940472871,0.2075391586490288,-8.504419317532852
4.730343101349462e-16,0.7290335452941274,0.1965983167952617,-3.564844619148295
1.028145822447522e-15,0.6568696398857607,0.2088336291246103,-4.325412396730005
4.936130869128893e-15,0.4946410234186835,0.2409321610531014,-4.376117826176914
4.730343101349462e-16,0.7290335452941274,0.1965983167952617,-3.564844619148295
9.682324783204268e-17,0.6727522975710309,0.206046836765352,-3.994613050175169
4.730343101349462e-16,0.7290335452941274,0.1965983167952617,-3.564844619148295
2.449231293967717e-15,0.8017549480871047,0.1852845931972385,-4.596086749297593
6.728744545674702e-16,0.7554114893982096,0.192384155511917,-3.8187862906352
2.287852447174094e-16,0.6482338210749718,0.2103724216198251,-3.978079354787922
1.038263951005382e-15,0.5087491204564873,0.2378404271146844,-4.559219428928984
3.17603086687411e-16,0.7808077290215572,0.188447110698313,-3.850505626334678
2.804502661847769e-15,0.6261768063148594,0.2143805821487524,-9.691947472634345
4.936130869128893e-15,0.7290636480696193,0.1965934325498261,-4.076120672325468
5.840566125974614e-16,0.6648754047579262,0.2074220001383368,-3.331901268992695
1.028145822447522e-15,0.560235610502092,0.227082663572137,-3.893936277572966
4.936130869128893e-15,0.6727523962187973,0.206046819627618,-4.230846853752907
4.730343101349462e-16,0.7290335452941274,0.1965983167952617,-3.564844619148295
3.17603086687411e-16,0.7808077290215572,0.188447110698313,-3.850505626334678
9.682324783204268e-17,0.6646079446833877,0.2074689317816009,-4.284824576473047
5.840566125974614e-16,0.6648754047579262,0.2074220001383368,-3.331901268992695
9.682324783204268e-17,0.7904649785733087,0.1869797816386246,-3.670729916459227
6.728744545674702e-16,0.7808047129529161,0.1884475714848083,-3.799352574446965
2.804502661847769e-15,0.6261783985343001,0.2143802886802545,-4.765100263970972
2.804502661847769e-15,0.4548945773477833,0.2500098578802139,-4.497213062048448
5.840566125974614e-16,0.6105466399834416,0.2172910323980889,-4.612351629754648
1.028145822447522e-15,0.5602356105348605,0.2270826635655377,-3.945089329460679
9.682324783204268e-17,0.7153309892995132,0.1988398565538376,-7.904331637251957
2.804502661847769e-15,0.7287747639146627,0.1966403118699178,-4.792824957065936
7.393986438095689,4.948736301386042,0.01305487333226668,-14.82699748684696
5.840566125974614e-16,0.6261783897160029,0.2143802903055894,-4.71394570941848
5.840566125974614e-16,0.6261783897160029,0.2143802903055894,-4.71394570941848
4.936130869128893e-15,0.6727523962187973,0.206046819627618,-4.230846853752907
4.936130869128893e-15,0.7287748174383033,0.1966403031827621,-8.855037536658132
2.804502661847769e-15,0.4041156565236665,0.2624856891582888,-5.100033834119049
4.936130869128893e-15,0.7290636480696193,0.1965934325498261,-4.076120672325468
1.038263951005382e-15,0.7157765478026761,0.1987663911023694,-14.59230965022229
4.936130869128893e-15,0.5087170767203713,0.2378473758893883,-4.047943375751815
1.028145822447522e-15,0.7342302041276234,0.1957577209002477,-4.282451331050483
9.682324783204268e-17,0.6646078443243315,0.2074689493947138,-4.048590772895312
2.287852447174094e-16,0.6482338210749718,0.2103724216198251,-3.978079354787922
6.728744545674702e-16,0.7808047129529161,0.1884475714848083,-3.799352574446965
2.804502661847769e-15,0.4041154024334936,0.262485754300515,-4.588742956865574
9.682324783204268e-17,0.6646079446833877,0.2074689317816009,-4.284824576473047
3.17603086687411e-16,0.7808077290215572,0.188447110698313,-3.850505626334678
4.936130869128893e-15,0.4946410234186835,0.2409321610531014,-4.376117826176914
4.730343101349462e-16,0.7290335452941274,0.1965983167952617,-3.564844619148295
1.028145822447522e-15,0.9955002352866025,0.1592008872348699,-4.079503143659447
2.804502661847769e-15,0.7166408444657266,0.1986239942459953,-3.61756227617908
5.840566125974614e-16,0.6648754047579262,0.2074220001383368,-3.331901268992695
2.804502661847769e-15,0.4041163054078929,0.2624855228010879,-10.50001899473607
1.738688558207614e-15,0.6568666218141779,0.2088341639763444,-4.274259344842291
4.730343101349462e-16,0.7290335452941274,0.1965983167952617,-3.564844619148295
6.728744545674702e-16,0.7554114893982096,0.192384155511917,-3.8187862906352
9.682324783204268e-17,0.6646078443243315,0.2074689493947138,-4.048590772895312
2.562773069754592,0.6576945793531195,0.2086875126169712,-8.650796477551818
9.682324783204268e-17,0.664905507446524,0.2074167189558001,-3.843177322169866
5.64667360488876e-15,0.5085511765323112,0.2378833570945361,-10.61279154530032
2.804502661847769e-15,0.4041156565236665,0.2624856891582888,-5.100033834119049
2.449231293967717e-15,0.8029402672239492,0.1851078647068505,-10.02926601567635
4.730343101349462e-16,0.7290335452941274,0.1965983167952617,-3.564844619148295
1.028145822447522e-15,0.7166378283983192,0.1986244909006814,-3.566409224291365
1.340273035413137e-15,0.7287748174459736,0.1966403031815172,-4.517767926628648
4.936130869128893e-15,0.7290636480696193,0.1965934325498261,-4.076120672325468
3.17603086687411e-16,0.7808077290215572,0.188447110698313,-3.850505626334678
1.028145822447522e-15,0.9955002352866025,0.1592008872348699,-4.079503143659447
2.804502661847769e-15,0.8017561690855164,0.1852844110279459,-4.372184277821906
1.028145822447522e-15,0.7166378283983192,0.1986244909006814,-3.566409224291365
9.682324783204268e-17,0.8017561679087688,0.185284411203513,-4.321029718860305
1.028145822447522e-15,0.7226679077353531,0.1976350895343442,-8.702364622910284
1.028145822447522e-15,0.6568696398857607,0.2088336291246103,-4.325412396730005
5.840566125974614e-16,0.6648754047579262,0.2074220001383368,-3.331901268992695
9.682324783204268e-17,0.7904649785733087,0.1869797816386246,-3.670729916459227
1.028145822447522e-15,0.5602356105348605,0.2270826635655377,-3.945089329460679
2.804502661847769e-15,0.7342332270922487,0.1957572334164634,-4.333604382938198
5.840566125974614e-16,0.6648754047579262,0.2074220001383368,-3.331901268992695
9.682324783204268e-17,0.7231764292308949,0.1975519776610484,-4.364442209949692
3.17603086687411e-16,0.7808077290215572,0.188447110698313,-3.850505626334678
1.028145822447522e-15,0.7166378283983192,0.1986244909006814,-3.566409224291365
2.773258163701846,0.7561512431403692,0.1922678357955921,-11.28748339072701
2.804502661847769e-15,0.7231776010129494,0.1975517862051671,-4.415595261837407
9.682324783204268e-17,0.7904649785733087,0.1869797816386246,-3.670729916459227
2.449231293967717e-15,0.8017549480871047,0.1852845931972385,-4.596086749297593
4.936130869128893e-15,0.4946410234186835,0.2409321610531014,-4.376117826176914
1.028145822447522e-15,0.6482349897460011,0.2103722122355818,-4.029233329414012
6.728744545674702e-16,0.7554114893982096,0.192384155511917,-3.8187862906352
1.028145822447522e-15,0.7166378283983192,0.1986244909006814,-3.566409224291365
2.804502661847769e-15,0.7534370810180722,0.192695103843605,-4.08479591528257
4.936130869128893e-15,0.6646079446833788,0.2074689317816024,-10.651467605076
1.028145822447522e-15,0.560235610502092,0.227082663572137,-3.893936277572966
2.604510794897275,0.6771595749822765,0.2052832667695755,-8.322347686364926
1.028145822447522e-15,0.7342302041276234,0.1957577209002477,-4.282451331050483
6.728744545674702e-16,0.7808047129529161,0.1884475714848083,-3.799352574446965
9.682324783204268e-17,0.6727522975710309,0.206046836765352,-3.994613050175169
1.028145822447522e-15,0.5602356105348605,0.2270826635655377,-3.945089329460679
6.728744545674702e-16,0.7554114893982096,0.192384155511917,-3.8187862906352
3.17603086687411e-16,0.7808077290215572,0.188447110698313,-3.850505626334678
4.730343101349462e-16,0.7290335452941274,0.1965983167952617,-3.564844619148295
9.682324783204268e-17,0.728774730450203,0.1966403173013681,-4.281534123050911
1.028145822447522e-15,0.3870939027465923,0.2669154694952037,-4.11496824587049
2.804502661847769e-15,0.7166408444657266,0.1986239942459953,-3.61756227617908
2.804502661847769e-15,0.7166408444657266,0.1986239942459953,-3.61756227617908
5.840566125974614e-16,0.6881109835148234,0.2034038247016179,-5.112717139515026
1.028145822447522e-15,0.6568696398857607,0.2088336291246103,-4.325412396730005
1.038263951005382e-15,0.508666120911375,0.2378584264805483,-11.35871982277461
1.028145822447522e-15,0.6482349897460011,0.2103722122355818,-4.029233329414012
5.840566125974614e-16,0.6648754047579262,0.2074220001383368,-3.331901268992695
9.682324783204268e-17,0.8017561679087688,0.185284411203513,-4.321029718860305
4.936130869128893e-15,0.6727523962187973,0.206046819627618,-4.230846853752907
4.936130869128893e-15,0.7290636480696193,0.1965934325498261,-4.076120672325468
2.804502661847769e-15,0.4041156565236665,0.2624856891582888,-5.100033834119049
9.682324783204268e-17,0.664905507446524,0.2074167189558001,-3.843177322169866
4.11114868911942,1.304078955698486,0.1267347487829629,-12.22948842449117
1.038263951005382e-15,0.7568160935615751,0.192163379188196,-16.87063562552763
1.028145822447522e-15,0.5602356105348605,0.2270826635655377,-3.945089329460679
5.840566125974614e-16,0.6648754047579262,0.2074220001383368,-3.331901268992695
6.728744545674702e-16,0.7808047129529161,0.1884475714848083,-3.799352574446965
2.804502661847769e-15,0.4548945773477833,0.2500098578802139,-4.497213062048448
1.028145822447522e-15,0.6482349897460011,0.2103722122355818,-4.029233329414012
2.093959926088373e-15,0.4041154976282222,0.2624857298950162,-11.1532020721776
2.804502661847769e-15,0.4548945773477833,0.2500098578802139,-4.497213062048448
2.287852447174094e-16,0.6482338210749718,0.2103724216198251,-3.978079354787922
2.804502661847769e-15,0.6105466439094478,0.2172910316595165,-4.663506188716249
1.738688558207614e-15,0.6568666218141779,0.2088341639763444,-4.274259344842291
2.804502661847769e-15,0.7287748174459736,0.1966403031815172,-4.568922485590248
9.682324783204268e-17,0.7904649785733087,0.1869797816386246,-3.670729916459227
4.936130869128893e-15,0.4946410234186835,0.2409321610531014,-4.376117826176914
2.804502661847769e-15,0.7231776010129494,0.1975517862051671,-4.415595261837407
1.738688558207614e-15,0.6568666218141779,0.2088341639763444,-4.274259344842291
2.804502661847769e-15,0.431681035137105,0.2555826203757625,-4.62624429912279
5.840566125974614e-16,0.6261783897160029,0.2143802903055894,-4.71394570941848
9.682324783204268e-17,0.7231764292308949,0.1975519776610484,-4.364442209949692
3.026904747807883,0.8690760368927002,0.1756056138832693,-20.11072685451315
4.936130869128893e-15,0.6727523962187973,0.206046819627618,-4.230846853752907
2.804502661847769e-15,0.431681035137105,0.2555826203757625,-4.62624429912279
1.038263951005382e-15,0.5047166171340223,0.2387174902261847,-10.83862567358737
2.449231293967717e-15,0.8017549480871047,0.1852845931972385,-4.596086749297593
1.028145822447522e-15,0.6568696398857607,0.2088336291246103,-4.325412396730005
1.028145822447522e-15,0.6482349897460011,0.2103722122355818,-4.029233329414012
1.028145822447522e-15,0.9955002352866025,0.1592008872348699,-4.079503143659447
2.804502661847769e-15,0.4548945773477833,0.2500098578802139,-4.497213062048448
2.804502661847769e-15,0.7287748174459736,0.1966403031815172,-4.568922485590248
2.804502661847769e-15,0.7231776010129494,0.1975517862051671,-4.415595261837407
4.936130869128893e-15,0.5087170767203713,0.2378473758893883,-4.047943375751815
5.840566125974614e-16,0.6648754047579262,0.2074220001383368,-3.331901268992695
2.804502661847769e-15,0.8017561690855164,0.1852844110279459,-4.372184277821906
2.804502661847769e-15,0.7166408444657266,0.1986239942459953,-3.61756227617908
2.287852447174094e-16,0.6482338210749718,0.2103724216198251,-3.978079354787922
6.728744545674702e-16,0.8037501149699242,0.1849872533561362,-4.330062343817254
2.804502661847769e-15,0.7231776010129494,0.1975517862051671,-4.415595261837407
2.804502661847769e-15,0.7166408444657266,0.1986239942459953,-3.61756227617908
2.287852447174094e-16,0.6482338210749718,0.2103724216198251,-3.978079354787922
2.804502661847769e-15,0.7231776010129494,0.1975517862051671,-4.415595261837407
2.287852447174094e-16,0.6482338210749718,0.2103724216198251,-3.978079354787922