dN/dS,LRT,p-value,Log(L)
2.804502661847769e-15,1.083367699162586,0.1489726992709615,-4.043460340634452
9.682324783204268e-17,0.6964030323163266,0.2019974867502423,-3.846173610639922
2.800856997476165,0.7712411528524576,0.1899166827412658,-11.20861860177463
2.804502661847769e-15,0.6653227282931553,0.2073435426805205,-4.061244855957947
2.804502661847769e-15,0.6653225579032886,0.2073435725573636,-3.983762631174655
4.936130869128893e-15,0.816764702854595,0.1830638959967869,-4.559650145030383
8.48884454792928e-15,0.3656454900829047,0.2726937349907042,-16.80021489112724
1.028145822447522e-15,0.8979658600130573,0.1716638625183274,-4.149181955357588
2.804502661847769e-15,0.5751408224806456,0.2241116457301564,-3.990396645837452
2.804502661847769e-15,0.6653225579032886,0.2073435725573636,-3.983762631174655
2.804502661847769e-15,0.3417638935416232,0.2794064172197834,-4.13810657829324
2.093959926088373e-15,0.7679401733394897,0.1904275157376162,-16.43631232913872
4.936130869128893e-15,0.3523577588604994,0.2763907424767399,-10.77860266817539
6.728744545674702e-16,0.7433631861814565,0.1942928275374571,-4.273382141090556
3.313738197955693,0.9968338936906065,0.1590389138322518,-10.09702106005064
4.936130869128893e-15,0.816764702854595,0.1830638959967869,-4.559650145030383
1,0,1,0
2.286488367625661,0.5261300198007461,0.2341192196380124,-10.47482267873643
2.456526316937659,0.6099656418713977,0.2174003734615718,-11.20565828747436
1,0,1,0
1.741158363279027,0.2569022425991463,0.3061281939642825,-11.22234128189725
2.449231293967717e-15,0.9193170104183643,0.1688271834993574,-10.66484157003232
1,0,1,0
1,0,1,0
1,0,1,0
2.187387819480109,0.4779504014833122,0.2446760851070359,-18.45159818086065
1.038263951005382e-15,1.032199691698814,0.1548212914086768,-17.34943652170371
4.936130869128893e-15,0.9052697412927522,0.1706863093529954,-10.24836252923589
1.038263951005382e-15,0.4562128141486212,0.2496996294163294,-13.63043812115291
1,0,1,0
4.427672736594149,1.421924744582395,0.1165434296400678,-11.73240001686569
1,0,1,0
2.804502661847769e-15,0.9242293926507017,0.1681834584531635,-22.90012036423279
1,0,1,0
1,0,1,0
1,0,1,0
1,0,1,0
1,0,1,0
1,0,1,0
1,0,1,0
1,0,1,0
1,0,1,0
1,0,1,0
1,0,1,0
1,0,1,0
1,0,1,0
1,0,1,0
1,0,1,0
2.804502661847769e-15,0.5469030330451616,0.2297929407639483,-10.19118733012129
1,0,1,0
1,0,1,0
4.936130869128893e-15,0.9394209762858097,0.166213398143593,-10.60258074904018
1.038263951005382e-15,0.9052697435468744,0.1706863090524627,-11.377726803197
1,0,1,0
1,0,1,0
1,0,1,0
2.804502661847769e-15,1.006894524609827,0.1578239830164373,-9.677000818076454
1,0,1,0
1,0,1,0
1,0,1,0
5.438887475122768,5.234766716541017,0.01106988869483339,-21.0020517669822
1.028145822447522e-15,0.785956672048858,0.1876627730969092,-10.62820890972165
1,0,1,0
4.453228906623565,2.858539697496717,0.04544498872301206,-14.27561162837644
5.200849221142939,5.019450864100307,0.01253205826234516,-19.91720709449993
1,0,1,0
1,0,1,0
1,0,1,0
1.921344681460336,0.3456815041788843,0.2782839826486644,-9.896935931032338
1.771901890106911,0.2719028593364889,0.3010290826009104,-9.773363579840625
1,0,1,0
1.028145822447522e-15,0.9243434747694934,0.1681685480938002,-11.42010768410512
1,0,1,0
1,0,1,0
1,0,1,0
1,0,1,0
1,0,1,0
1,0,1,0
4.936130869128893e-15,0.9192850883637895,0.1688313774019707,-9.577338325143845
1,0,1,0
1,0,1,0
1,0,1,0
1,0,1,0
1,0,1,0
1,0,1,0
1,0,1,0
8.48884454792928e-15,0.4623065069451542,0.2482739962287061,-17.51992435376613
1,0,1,0
1,0,1,0
1,0,1,0
1,0,1,0
1,0,1,0
1,0,1,0
1,0,1,0
1,0,1,0
1.038263951005382e-15,0.5468963326344145,0.2297943156601232,-10.05297318075044
1,0,1,0
1,0,1,0
1,0,1,0
1,0,1,0
1.918373286710449,0.3442031946726267,0.2787065240013132,-10.74760067442304
1,0,1,0
1,0,1,0
1,0,1,0
1,0,1,0
1,0,1,0
1,0,1,0
2.286392260045264,0.5261059525605134,0.2341243073172139,-10.0956249213588
1,0,1,0
4.936130869128893e-15,0.7268093727950813,0.1969596770215831,-10.32125890372705
1,0,1,0
1,0,1,0
1,0,1,0
1,0,1,0
1,0,1,0
1,0,1,0
1,0,1,0
4.936130869128893e-15,0.9394209765166686,0.1662133981138897,-10.24012283445467
1,0,1,0
1,0,1,0
1,0,1,0
1.038263951005382e-15,0.9394209786756775,0.1662133978361028,-11.38279868493324
1,0,1,0
1,0,1,0
1,0,1,0
1,0,1,0
1,0,1,0
1,0,1,0
1,0,1,0
1.028145822447522e-15,0.7047861882968469,0.2005900619380985,-10.49711463314872
1,0,1,0
1,0,1,0
1.028145822447522e-15,0.9052697409661299,0.1706863093965426,-8.848964410300193
1,0,1,0
1.028145822447522e-15,1.006916463427441,0.157821346975305,-10.22197010157306
1,0,1,0
1,0,1,0
2.184994570823225,0.4763774064786368,0.2450339004857288,-9.714800976381035
1,0,1,0
1,0,1,0
1,0,1,0
1,0,1,0
1,0,1,0
1,0,1,0
1,0,1,0
1,0,1,0
1,0,1,0
1,0,1,0
1,0,1,0
1.028145822447522e-15,1.155019563740947,0.1412504195362326,-9.747048490982577
1,0,1,0
1,0,1,0
2.555707905639922,0.6573356506853614,0.2087510687931063,-10.64071306388659
1,0,1,0
1,0,1,0
1,0,1,0
1,0,1,0
1,0,1,0
1,0,1,0
1.973730261184113,0.3718436051187837,0.2710005282502518,-10.19450277328999
1,0,1,0
1,0,1,0
1,0,1,0
1,0,1,0
1,0,1,0
1,0,1,0
1,0,1,0
1,0,1,0
1,0,1,0
1,0,1,0
1,0,1,0
1,0,1,0
1,0,1,0
1,0,1,0
1,0,1,0
1,0,1,0
1,0,1,0
1,0,1,0
1.028145822447522e-15,1.032199691706701,0.1548212914077525,-21.83470311087402
1.038263951005382e-15,0.4455176162121433,0.2522356445702868,-11.97345431451308
1,0,1,0
1,0,1,0
1,0,1,0
1,0,1,0
1,0,1,0
1,0,1,0
1,0,1,0
1,0,1,0
1,0,1,0
1,0,1,0
1,0,1,0
1,0,1,0
1,0,1,0
1,0,1,0
1,0,1,0
1,0,1,0
1,0,1,0
1,0,1,0
6.776700954085082,6.334768635466681,0.005919677976721605,-26.33090586861687
1,0,1,0
1,0,1,0
5.127208572345595,4.954146967298591,0.01301408149472399,-23.59025924652652
2.093959926088373e-15,0.9052697403271921,0.1706863094817295,-16.55187747155187
1.91981614666171,0.3449171234687718,0.2785023115464602,-13.44792217226259
1.776005172016172,0.2739151408701161,0.300358736115417,-9.548059065655044
1.926013600318766,0.3480113652941661,0.2776205061896482,-15.34764385015627
1,0,1,0
1,0,1,0
2.804502661847769e-15,1.134773383607225,0.1433797265538985,-11.17206069622754
1.038263951005382e-15,0.4449500774257444,0.2523714447234838,-11.70919522147906
1,0,1,0
1,0,1,0
4.936130869128893e-15,0.5469030394554224,0.2297929394485959,-10.19087598573317
1.959449640496105,0.3649049153096797,0.2728973550026385,-12.96270163847545
1,0,1,0
1,0,1,0
1,0,1,0
2.139284998646078,0.4542212744661924,0.2501685626455621,-16.36627630805067
2.21466626557314,0.4914465169012736,0.2416413775345869,-9.885822811325736
1,0,1,0
1,0,1,0
1,0,1,0
4.936130869128893e-15,0.8799838168543204,0.174103055968366,-9.859497520602535
1.028145822447522e-15,1.072725880817526,0.1501652723605307,-11.05515600000082
1.028145822447522e-15,1.134724553246006,0.1433849111210172,-9.785308487850264
1,0,1,0
1,0,1,0
1,0,1,0
1,0,1,0
1,0,1,0
4.936130869128893e-15,0.9102956072286261,0.1700179988231098,-10.00455760224815
1,0,1,0
4.936130869128893e-15,0.8407469631909557,0.1795916132003398,-9.47889562790005
4.936130869128893e-15,1.154688388585988,0.1412849260376797,-17.17232357595323
8.48884454792928e-15,0.7859566764226713,0.1876627724325962,-18.22283912746603
23.48362024413346,52.02965780520853,2.733369086627135e-13,-55.73479615918846
1,0,1,0
1,0,1,0
4.376230068152418,2.805932134763232,0.04695812264646548,-19.61788716763657
1,0,1,0
1,0,1,0
1,0,1,0
1,0,1,0
1,0,1,0
22.51498313548336,46.80931712657896,3.912037360720433e-12,-62.56384771112635
1,0,1,0
1,0,1,0
1,0,1,0
1,0,1,0
1,0,1,0
1,0,1,0
1,0,1,0
2.449231293967717e-15,0.9394209752119913,0.1662133982817549,-10.54714111031422
1,0,1,0
1,0,1,0
1,0,1,0
1,0,1,0
1,0,1,0
2.456531654455097,0.6099674274861187,0.2174000372890024,-11.20572620340753
1.038263951005382e-15,0.4596728455506245,0.248888454482339,-9.402380005614974
1,0,1,0
1,0,1,0
1,0,1,0
1,0,1,0
2.449231293967717e-15,1.188342199472554,0.1378321047810307,-10.7527720606186
1,0,1,0
1.038263951005382e-15,0.4451935161814262,0.2523131796035162,-10.80274433614721
1,0,1,0
1,0,1,0
1,0,1,0
1,0,1,0
1,0,1,0
8.054333073515119e-16,0.7268093703888532,0.1969596774130382,-14.80788439060625
1,0,1,0
1,0,1,0
1.789506307566176,0.2803687193231816,0.2982298234400781,-9.851625654574105
3.18007047659228,0.9393114864763881,0.166227486343741,-10.41588179411559
1,0,1,0
1,0,1,0
1,0,1,0
1,0,1,0
1,0,1,0
1,0,1,0
1,0,1,0
1,0,1,0
1.028145822447522e-15,0.7100746159940527,0.1997095211784908,-13.13869989204193
1,0,1,0
1,0,1,0
1,0,1,0
1,0,1,0
1.693871657446295,0.2340237922247894,0.3142780829382469,-10.50068961343375
1,0,1,0
1,0,1,0
1,0,1,0
4.936130869128893e-15,0.7857598718538021,0.187692667268715,-13.79025404030773
1.997180047641832,0.3833562252767813,0.2679062460793532,-9.508636365526442
1,0,1,0
1,0,1,0
1,0,1,0
1,0,1,0
2.18680598526494,0.4772480798678913,0.2448357373317762,-10.95253498878589
1,0,1,0
1,0,1,0
2.804502661847769e-15,0.8407656047030017,0.1795889496663847,-10.38404003732888
1,0,1,0
1,0,1,0
1.912695484617343,0.3413850682424311,0.2795154116741385,-10.34547484075726
1,0,1,0
1,0,1,0
1,0,1,0
1,0,1,0
1,0,1,0
1,0,1,0
1,0,1,0
1.028145822447522e-15,1.10669860368932,0.1464003632061784,-10.45181333069665
1,0,1,0
1,0,1,0
2.768898498192509,0.7557928290047187,0.1923241807585359,-11.35455293482585
1,0,1,0
6.294678645132382,5.96359273708687,0.007302125953854599,-32.4915591942939
1,0,1,0
4.936130869128893e-15,0.9102957016392494,0.1700179863020378,-11.44032895046929
1,0,1,0
1,0,1,0
1,0,1,0
1,0,1,0
1,0,1,0
2.195324137546022,0.481456418591435,0.2438816792478066,-13.05177427703672
1,0,1,0
1,0,1,0
1,0,1,0
1,0,1,0
1,0,1,0
1,0,1,0
2.449231293967717e-15,1.188342148687966,0.1378321099107788,-10.75246515896599
1,0,1,0
2.804502661847769e-15,1.007602856176266,0.1577389031008811,-10.95045873249151
1,0,1,0
1.028145822447522e-15,0.9394209763362582,0.1662133981371021,-10.61591805174595
1,0,1,0
1,0,1,0
1,0,1,0
1,0,1,0
2.215884761368186,0.4920423229884676,0.2415088413787529,-11.48708740661271
1,0,1,0
5.840566125974614e-16,0.940463856532352,0.1660792891148741,-4.456572781225831
1.738688558207614e-15,0.886179316978561,0.1732573906121729,-3.60784637702481
2.449231293967717e-15,0.6064198374088061,0.2180694989393898,-4.380945705276768
2.135884111899673,0.4527983029069667,0.2505045359270539,-9.782744143892804
9.682324783204268e-17,0.8167647014409916,0.1830638962041831,-4.294162271353633
2.804502661847769e-15,0.6653227282931553,0.2073435426805205,-4.061244855957947
4.936130869128893e-15,0.8167647019614286,0.1830638961278274,-10.05360923215327
5.840566125974614e-16,0.940463856532352,0.1660792891148741,-4.456572781225831
2.449231293967717e-15,0.6064198374088061,0.2180694989393898,-4.380945705276768
1.738688558207614e-15,0.886179316978561,0.1732573906121729,-3.60784637702481
2.804502661847769e-15,0.7968193769341578,0.1860230140794744,-3.590396560129883
2.287852447174094e-16,0.7275080390988258,0.1968460622556336,-3.575442476248528
6.728744545674702e-16,0.9404638565035768,0.1660792891185724,-4.379090471247603
8.48884454792928e-15,0.3642542876324573,0.2730764770407594,-4.486640750867726
5.840566125974614e-16,0.7968223946610671,0.1860225613360053,-4.124603231147845
1.028145822447522e-15,0.9141239611278635,0.169511286579936,-11.31521333717603
2.804502661847769e-15,1.083367699162586,0.1489726992709615,-4.043460340634452
2.804502661847769e-15,1.083367699162586,0.1489726992709615,-4.043460340634452
1.028145822447522e-15,0.8279288874085493,0.1814360486571146,-3.931354186269148
1.028145822447522e-15,0.9404638508194765,0.1660792898491251,-9.916562829624379
8.48884454792928e-15,0.3642542876324573,0.2730764770407594,-4.486640750867726
2.804502661847769e-15,0.5751408224806456,0.2241116457301564,-3.990396645837452
6.728744545674702e-16,0.9404638565035768,0.1660792891185724,-4.379090471247603
2.449231293967717e-15,0.6064198374088061,0.2180694989393898,-4.380945705276768
2.804502661847769e-15,0.8758958876152434,0.1746641160667698,-4.351454859029404
4.936130869128893e-15,0.7314329207166388,0.1962095585696511,-4.318815246315398
8.48884454792928e-15,0.4327432100210515,0.2553229789011741,-17.077359819963
2.287852447174094e-16,0.7275080390988258,0.1968460622556336,-3.575442476248528
4.936130869128893e-15,0.6218989436187616,0.2151712504353392,-4.618692604598686
1.038263951005382e-15,0.7745866285134859,0.1894009357470023,-8.772454233425568
1.028145822447522e-15,0.9143602513714342,0.169480078280717,-4.451564631186819
2.874542613720152,0.8047300710554453,0.1848414540884973,-10.27597478351664
1.028145822447522e-15,0.9143601537286905,0.1694800911753975,-4.64169777487255
4.936130869128893e-15,0.4207911661370201,0.2582712657932162,-4.051965156953577
9.682324783204268e-17,0.7940932179595368,0.186432644520538,-4.290039284089212
9.682324783204268e-17,0.7940932179595368,0.186432644520538,-4.290039284089212
6.728744545674702e-16,0.8049506908893891,0.1848086520466626,-3.849943504985341
6.728744545674702e-16,0.628909993127543,0.2138777088402217,-4.733592363990158
2.804502661847769e-15,0.6770754549293923,0.2052978017142637,-3.308592386886709
1.028145822447522e-15,0.8730427748830412,0.1750571575350299,-4.144978153866488
1.028145822447522e-15,0.6964620293176829,0.201987531731513,-12.70836180284652
4.936130869128893e-15,0.4207911661370201,0.2582712657932162,-4.051965156953577
9.682324783204268e-17,0.7940932179595368,0.186432644520538,-4.290039284089212
4.936130869128893e-15,0.7940932179607643,0.1864326445203534,-10.80078430305855
1.028145822447522e-15,0.6468576667067563,0.2106191955746331,-4.0565474885532
4.936130869128893e-15,0.7073036614437846,0.2001701934085908,-10.63269048261487
4.936130869128893e-15,0.4207911661370201,0.2582712657932162,-4.051965156953577
1.028145822447522e-15,0.6468576667067563,0.2106191955746331,-4.0565474885532
6.728744545674702e-16,0.7073199217562012,0.2001674856327905,-3.648720764270125
2.197597162254999,0.4833692740014648,0.2434500623275416,-10.78553276394833
2.093959926088373e-15,0.6770149580286997,0.205308255795338,-9.125546501626895
8.48884454792928e-15,0.3424840817177497,0.2791994302099763,-9.797300049421265
2.287852447174094e-16,0.7073195006893132,0.2001675557509902,-3.571513884477418
2.093959926088373e-15,0.8513898501124899,0.1780797265578115,-10.39223421507452
5.64667360488876e-15,0.3323950147819446,0.2821261041425047,-10.64201654995722
1.038263951005382e-15,0.6468261934659445,0.2106248444567559,-9.429277623410416
2.600641143331853,0.6778909002140949,0.2051569662380123,-21.83231551948183
2.804502661847769e-15,0.6770754549293923,0.2052978017142637,-3.308592386886709
9.682324783204268e-17,0.69646202833502,0.2019875318973192,-4.543827828147404
6.728744545674702e-16,0.7073199217562012,0.2001674856327905,-3.648720764270125
4.936130869128893e-15,0.7746782237489533,0.1893868429945449,-10.1647134781718
2.804502661847769e-15,0.6770754549293923,0.2052978017142637,-3.308592386886709
2.804502661847769e-15,0.5895857136201936,0.2212896827298799,-4.376741903785669
1.827506400178574e-15,0.7111301604558502,0.199534440600632,-4.314886654544286
4.936130869128893e-15,0.4207911661370201,0.2582712657932162,-4.051965156953577
5.840566125974614e-16,0.6468575040103932,0.2106192247751296,-3.97934047959741
2.804502661847769e-15,0.7747056473246881,0.1893826239178741,-3.587022007394633
4.936130869128893e-15,0.6770454641030526,0.2053029841385472,-17.72428707253903
2.804502661847769e-15,0.7747056473246881,0.1893826239178741,-3.587022007394633
2.804502661847769e-15,0.5895857136201936,0.2212896827298799,-4.376741903785669
3.741313565508658,1.169755675090279,0.1397257242197921,-11.98591409932797
2.804502661847769e-15,0.7747056473246881,0.1893826239178741,-3.587022007394633
4.936130869128893e-15,0.7227304712247147,0.197624861548598,-4.003771280149389
2.804502661847769e-15,0.7747056473246881,0.1893826239178741,-3.587022007394633
2.449231293967717e-15,0.9141117501237304,0.1695128995718194,-10.28239045237335
1.028145822447522e-15,0.8252518586381417,0.181824553441649,-3.813623020556004
5.840566125974614e-16,0.6468575040103932,0.2106192247751296,-3.97934047959741
4.936130869128893e-15,0.4207945238469524,0.2582704291985972,-4.58418190516352
3.17603086687411e-16,0.8049511119562887,0.1848085894496498,-3.927150384778048
1.028145822447522e-15,0.6289099936097102,0.2138777087516658,-4.810799454053047
9.682324783204268e-17,0.7747085283490023,0.1893821806842261,-4.119238755604574
2.804502661847769e-15,0.6770754549293923,0.2052978017142637,-3.308592386886709
1.028145822447522e-15,0.5591790251855038,0.2272956075292308,-3.908985964553645
4.936130869128893e-15,0.7227304727447326,0.1976248613001123,-10.22150931106574
9.682324783204268e-17,0.7747085283490023,0.1893821806842261,-4.119238755604574
3.17603086687411e-16,0.8049511119562887,0.1848085894496498,-3.927150384778048
6.728744545674702e-16,0.6964620293215678,0.2019875317308574,-4.2764875941577
4.936130869128893e-15,0.6770452010278305,0.2053030295988805,-9.818600071229609
2.337630400336515,0.5517604459137964,0.2287996339199945,-9.328176065957933
6.728744545674702e-16,0.8049506908893891,0.1848086520466626,-3.849943504985341
1.028145822447522e-15,0.6289099936097102,0.2138777087516658,-4.810799454053047
8.48884454792928e-15,0.3541415350192061,0.2758890093077757,-4.486640750867726
2.804502661847769e-15,0.565719376696741,0.2259824768960855,-4.881299908223632
1.028145822447522e-15,0.5591790251861699,0.2272956075290965,-3.986192844346352
2.287852447174094e-16,0.7073195006893132,0.2001675557509902,-3.571513884477418
1.340273035413137e-15,0.7940932184656457,0.1864326444443735,-4.822257448655328
9.682324783204268e-17,0.7747085283490023,0.1893821806842261,-4.119238755604574
3.196052637873493,0.9471597139509953,0.1652216614932029,-10.48711852609583
6.728744545674702e-16,0.628909993127543,0.2138777088402217,-4.733592363990158
1.028145822447522e-15,0.7227304727447326,0.1976248613001123,-4.268649210725799
6.728744545674702e-16,0.7940932192968528,0.1864326443192847,-4.632124304969596
1.038263951005382e-15,0.3424837920928656,0.2791995133914092,-5.144145677974132
9.682324783204268e-17,0.7747085283490023,0.1893821806842261,-4.119238755604574
4.936130869128893e-15,0.707238467142286,0.2001810505326753,-9.021475884190627
4.936130869128893e-15,0.4207911661370201,0.2582712657932162,-4.051965156953577
4.0479524494288e-15,0.7110966877641829,0.1995399892202186,-10.6650415949441
1.028145822447522e-15,0.6964620277343041,0.2019875319986791,-4.011609663581289
5.840566125974614e-16,0.6468575040103932,0.2106192247751296,-3.97934047959741
6.728744545674702e-16,0.8049506908893891,0.1848086520466626,-3.849943504985341
1.028145822447522e-15,0.3424837703426977,0.2791995196381469,-4.611927511786035
6.728744545674702e-16,0.6964620293215678,0.2019875317308574,-4.2764875941577
3.17603086687411e-16,0.8049511119562887,0.1848085894496498,-3.927150384778048
2.804502661847769e-15,0.5420276046211967,0.2307968170455392,-4.349081743657517
2.804502661847769e-15,0.7747056473246881,0.1893826239178741,-3.587022007394633
2.804502661847769e-15,1.053298248815612,0.1523743458209182,-4.043460340634452
6.728744545674702e-16,0.7073199217562012,0.2001674856327905,-3.648720764270125
2.804502661847769e-15,0.6770754549293923,0.2052978017142637,-3.308592386886709
1.038263951005382e-15,0.3424837920928656,0.2791995133914092,-5.144145677974132
2.271595610028619e-15,0.5895852925075964,0.2212897641961888,-4.299535023992962
2.804502661847769e-15,0.7747056473246881,0.1893826239178741,-3.587022007394633
1.028145822447522e-15,0.8252518586381417,0.181824553441649,-3.813623020556004
1.028145822447522e-15,0.6964620277343041,0.2019875319986791,-4.011609663581289
1.738688558207614e-15,0.6770783359520092,0.2052973038827773,-3.840809135096651
1.738688558207614e-15,0.6770783359520092,0.2052973038827773,-3.840809135096651
4.936130869128893e-15,0.4207911661370201,0.2582712657932162,-4.051965156953577
8.48884454792928e-15,0.3424838825491534,0.2791994874119941,-16.54295368835498
1.028145822447522e-15,0.8515857317601867,0.1780520643790955,-4.345839768765963
2.804502661847769e-15,0.7747056473246881,0.1893826239178741,-3.587022007394633
2.287852447174094e-16,0.7073195006893132,0.2001675557509902,-3.571513884477418
4.0479524494288e-15,0.7940932192968493,0.1864326443192852,-4.554917214665624
9.682324783204268e-17,0.7747085283490023,0.1893821806842261,-4.119238755604574
6.728744545674702e-16,0.8049506908893891,0.1848086520466626,-3.849943504985341
2.804502661847769e-15,1.053298248815612,0.1523743458209182,-4.043460340634452
1.028145822447522e-15,0.9143602513714342,0.169480078280717,-4.451564631186819
1.028145822447522e-15,0.7072380707710906,0.2001811165449111,-9.012145825586583
5.840566125974614e-16,0.9143602513442151,0.1694800782843114,-4.374357540882845
1.028145822447522e-15,0.7466599931430125,0.1937678807164615,-4.405243354150008
2.804502661847769e-15,0.5895857136201936,0.2212896827298799,-4.376741903785669
2.804502661847769e-15,0.6770754549293923,0.2052978017142637,-3.308592386886709
6.728744545674702e-16,0.861586716493596,0.1766475204872227,-3.607097941894429
1.028145822447522e-15,0.5591790251861699,0.2272956075290965,-3.986192844346352
1.028145822447522e-15,0.7111305819605338,0.1995343707310954,-4.392093534336992
2.804502661847769e-15,0.6770754549293923,0.2052978017142637,-3.308592386886709
1.028145822447522e-15,0.7466599931430125,0.1937678807164615,-4.405243354150008
3.17603086687411e-16,0.8049511119562887,0.1848085894496498,-3.927150384778048
2.287852447174094e-16,0.7073195006893132,0.2001675557509902,-3.571513884477418
2.530322534838583,0.6452611403410096,0.2109060291935029,-11.02546645132937
2.804502661847769e-15,0.7466601560697264,0.1937678548238576,-4.482450233942716
6.728744545674702e-16,0.861586716493596,0.1766475204872227,-3.607097941894429
1.028145822447522e-15,0.9143601537286905,0.1694800911753975,-4.64169777487255
2.804502661847769e-15,0.5420276046211967,0.2307968170455392,-4.349081743657517
1.028145822447522e-15,0.6468576667067563,0.2106191955746331,-4.0565474885532
1.028145822447522e-15,0.8252518586381417,0.181824553441649,-3.813623020556004
4.0479524494288e-15,0.7072544217804051,0.2001783934502452,-9.236262784802669
1.028145822447522e-15,0.8880281125498009,0.1730061153420743,-4.109479610306435
1.028145822447522e-15,0.6964620293215695,0.2019875317308571,-9.94120395861955
1.028145822447522e-15,0.5591790251855038,0.2272956075292308,-3.908985964553645
3.17603086687411e-16,0.8049511119562887,0.1848085894496498,-3.927150384778048
1.827506400178574e-15,0.7111301604558502,0.199534440600632,-4.314886654544286
6.728744545674702e-16,0.8049506908893891,0.1848086520466626,-3.849943504985341
4.936130869128893e-15,0.7227304712294611,0.1976248615478221,-10.1085051892514
1.028145822447522e-15,0.5591790251861699,0.2272956075290965,-3.986192844346352
1.028145822447522e-15,0.8252518586381417,0.181824553441649,-3.813623020556004
2.499060368547078,0.629710260331386,0.2137308061309224,-16.28603460581462
2.804502661847769e-15,0.7747056473246881,0.1893826239178741,-3.587022007394633
9.682324783204268e-17,0.7940932179595368,0.186432644520538,-4.290039284089212
1.038263951005382e-15,0.3559702878281445,0.2753763985085135,-4.664225613828218
6.728744545674702e-16,0.7073199217562012,0.2001674856327905,-3.648720764270125
6.728744545674702e-16,0.7073199217562012,0.2001674856327905,-3.648720764270125
2.093959926088373e-15,0.774628090550479,0.1893945562557746,-16.99327232487803
2.804502661847769e-15,0.5895857136201936,0.2212896827298799,-4.376741903785669
4.936130869128893e-15,0.4207945238469524,0.2582704291985972,-4.58418190516352
1.028145822447522e-15,0.6468576667067563,0.2106191955746331,-4.0565474885532
4.936130869128893e-15,0.6770603339974883,0.2053004145920226,-10.51218461697058
5.840566125974614e-16,0.9143602513442151,0.1694800782843114,-4.374357540882845
1.028145822447522e-15,0.7227304727447326,0.1976248613001123,-4.268649210725799
9.682324783204268e-17,0.7747085283490023,0.1893821806842261,-4.119238755604574
1.038263951005382e-15,0.3424837920928656,0.2791995133914092,-5.144145677974132
1.738688558207614e-15,0.6770783359520092,0.2052973038827773,-3.840809135096651
2.804502661847769e-15,0.5420276046211967,0.2307968170455392,-4.349081743657517
2.449231293967717e-15,0.8881108496889425,0.1729948818376714,-11.31285180616675
1.028145822447522e-15,0.5591790251861699,0.2272956075290965,-3.986192844346352
2.804502661847769e-15,0.6770754549293923,0.2052978017142637,-3.308592386886709
6.728744545674702e-16,0.8049506908893891,0.1848086520466626,-3.849943504985341
8.48884454792928e-15,0.3541415350192061,0.2758890093077757,-4.486640750867726
1.028145822447522e-15,0.6468576667067563,0.2106191955746331,-4.0565474885532
1.028145822447522e-15,0.3424837703426977,0.2791995196381469,-4.611927511786035
8.48884454792928e-15,0.3541415350192061,0.2758890093077757,-4.486640750867726
5.840566125974614e-16,0.6468575040103932,0.2106192247751296,-3.97934047959741
1.028145822447522e-15,0.6046347468811284,0.2184075521411797,-4.6911667645379
2.271595610028619e-15,0.5895852925075964,0.2212897641961888,-4.299535023992962
6.728744545674702e-16,0.7940932192968528,0.1864326443192847,-4.632124304969596
6.728744545674702e-16,0.861586716493596,0.1766475204872227,-3.607097941894429
2.804502661847769e-15,0.5420276046211967,0.2307968170455392,-4.349081743657517
1.028145822447522e-15,0.7466599931430125,0.1937678807164615,-4.405243354150008
2.271595610028619e-15,0.5895852925075964,0.2212897641961888,-4.299535023992962
5.665101035753191,1.815752430221398,0.0889098548381671,-13.27431497762887
6.728744545674702e-16,0.628909993127543,0.2138777088402217,-4.733592363990158
4.0479524494288e-15,0.7466537144614271,0.1937688785394962,-11.45743187395903
5.840566125974614e-16,0.6468575040103932,0.2106192247751296,-3.97934047959741
2.786614948680188,0.7648509804722927,0.1909073356753501,-13.7523821706143
1.038263951005382e-15,0.3551057651875524,0.2756185066611059,-10.30325714054844
1.038263951005382e-15,0.3424837920928656,0.2791995133914092,-5.144145677974132
1.028145822447522e-15,0.9143601537286905,0.1694800911753975,-4.64169777487255
2.804502661847769e-15,0.5895857136201936,0.2212896827298799,-4.376741903785669
1.028145822447522e-15,0.6468576667067563,0.2106191955746331,-4.0565474885532
2.804502661847769e-15,1.053298248815612,0.1523743458209182,-4.043460340634452
8.48884454792928e-15,0.3541415350192061,0.2758890093077757,-4.486640750867726
6.728744545674702e-16,0.7940932192968528,0.1864326443192847,-4.632124304969596
2.804502661847769e-15,0.7466601560697264,0.1937678548238576,-4.482450233942716
4.936130869128893e-15,0.4207911661370201,0.2582712657932162,-4.051965156953577
2.804502661847769e-15,0.6770754549293923,0.2052978017142637,-3.308592386886709
1.028145822447522e-15,0.9143602513714342,0.169480078280717,-4.451564631186819
6.728744545674702e-16,0.7073199217562012,0.2001674856327905,-3.648720764270125
5.840566125974614e-16,0.6468575040103932,0.2106192247751296,-3.97934047959741
1.028145822447522e-15,0.8515857317601867,0.1780520643790955,-4.345839768765963
2.804502661847769e-15,0.7466601560697264,0.1937678548238576,-4.482450233942716
6.728744545674702e-16,0.7073199217562012,0.2001674856327905,-3.648720764270125
5.840566125974614e-16,0.6468575040103932,0.2106192247751296,-3.97934047959741
2.804502661847769e-15,0.7466601560697264,0.1937678548238576,-4.482450233942716
3.107100647849949,0.9075596035898421,0.1703813789761608,-9.415060557500826