dN/dS,LRT,p-value,Log(L)
6.728744545674702e-16,0.9183449995418389,0.1689549484657484,-4.14641622388038
4.936130869128893e-15,0.5983691053009599,0.2196004818760419,-3.938579303253939
2.271595610028619e-15,0.5758784374130759,0.2239661959136443,-4.163873755793052
4.936130869128893e-15,0.5944224338735289,0.2203570342002058,-4.141888885941339
4.936130869128893e-15,0.6159635599546007,0.2162756096771636,-10.72097157999232
5.840566125974614e-16,0.6464416082883542,0.2106938888817897,-4.449193741152929
2.271595610028619e-15,0.3947336920627063,0.2649108040756105,-4.606990979597142
1.340273035413137e-15,0.7247861867646144,0.1972892133204914,-4.092947696129529
2.804502661847769e-15,0.5349117090693696,0.232274581673286,-4.007242285970091
4.936130869128893e-15,0.5944200229574186,0.220357497581058,-4.074334674413052
4.0479524494288e-15,0.3585110989997045,0.2746671489945207,-7.798562981876795
1.038263951005382e-15,0.6474500572457913,0.2105129143003995,-10.79910899883239
6.728744545674702e-16,0.3692057028801479,0.2717187733874528,-4.966186274343012
2.093959926088373e-15,0.632089333409743,0.2132949834695371,-4.376101589984434
4.0479524494288e-15,0.6192948986819342,0.2156547133828801,-4.354464544300818
5.840566125974614e-16,0.6464416082883542,0.2106938888817897,-4.449193741152929
1,0,1,0
2.804502661847769e-15,2.179205382630411,0.06994333488942889,-10.69208800789596
1,0,1,0
1,0,1,0
1.028145822447522e-15,2.443811674854253,0.05899460409209845,-20.06476703361619
1,0,1,0
1,0,1,0
0.8538540686717748,0.02615931403346039,0.4357559270449818,-13.31764247519009
1,0,1,0
3.88766636962783,4.862396702830068,0.01372409031936395,-34.92352761927238
5.840566125974614e-16,2.352795365450859,0.06252928736592944,-15.01196354389257
1,0,1,0
1,0,1,0
1,0,1,0
9.682324783204268e-17,1.711109316543318,0.09542075282906776,-11.4639765329516
9.682324783204268e-17,2.582589763513557,0.05402238055016073,-13.79982799212946
9.682324783204268e-17,2.458606811963122,0.05844120576753209,-10.78493110604695
1,0,1,0
1,0,1,0
2.449231293967717e-15,2.300685701910421,0.06465844945794391,-9.037022691745392
0.9125732985933884,0.008590383588710893,0.4630771762201208,-11.38579781337353
1,0,1,0
1,0,1,0
6.728744545674702e-16,2.096574546881957,0.07381477635657713,-11.1151959670325
2.073777311494611,0.8406236823364992,0.1796092291668286,-16.79255793183917
1,0,1,0
1,0,1,0
1,0,1,0
1,0,1,0
1.028145822447522e-15,2.096574545988823,0.07381477639970679,-14.65817305914154
1.028145822447522e-15,2.348981144839236,0.06268245998728544,-9.977694528373299
1,0,1,0
1.268729876010602,0.05213321098541002,0.4096960247207945,-19.50612032249343
1,0,1,0
1,0,1,0
1.028145822447522e-15,2.300685758442008,0.06465844710476432,-28.47088147048867
1,0,1,0
1,0,1,0
1,0,1,0
1,0,1,0
1.028145822447522e-15,2.435468816872632,0.05930921343071383,-10.98838739831873
1,0,1,0
1,0,1,0
1,0,1,0
1,0,1,0
1,0,1,0
1,0,1,0
0.9532623483520959,0.002313832113987502,0.4808173530834722,-11.16558349517453
3.142959381280226,3.670891975392287,0.02768527215290734,-26.26709663710703
3.492499505152096,4.248579938052266,0.01964158275392408,-25.27571238233842
0.7422928285914255,0.09769669536101944,0.3773056980446939,-10.59657730478651
1,0,1,0
1.553395120136527,0.3343137289800637,0.281564990451006,-19.91321759652942
1,0,1,0
1,0,1,0
2.804502661847769e-15,2.458245337614386,0.05845465781959369,-16.38714093288416
2.502796687297148,1.258202271870566,0.1309958252702721,-19.15722688850819
9.682324783204268e-17,2.163551463589958,0.07065886744111954,-8.628493822077818
1,0,1,0
1,0,1,0
1.028145822447522e-15,2.444142887961213,0.05898215217903058,-11.52608966193881
1.664176319085542,0.4377416261448204,0.2541072475851907,-13.43888406062925
1,0,1,0
1,0,1,0
5.840566125974614e-16,2.096574331383323,0.07381478676306275,-9.986257719989124
2.804502661847769e-15,1.342999555333723,0.1232528412996625,-8.755888526859783
1,0,1,0
1,0,1,0
6.728744545674702e-16,2.352795796754368,0.06252927006904452,-10.43165603881651
1,0,1,0
1.028145822447522e-15,1.435189607578142,0.1154596777781005,-11.261832102826
1,0,1,0
1,0,1,0
1.028145822447522e-15,2.206153143214227,0.06873053464713386,-11.08124752709697
0.9649970948053536,0.001277652645612193,0.4857431364399655,-11.77619152829826
1,0,1,0
1.545570924117682,0.3272154142565569,0.2836516859105753,-21.59328749720963
1.554613547298329,0.335507923684105,0.2812168408729009,-25.93979342823563
1,0,1,0
1,0,1,0
1.028145822447522e-15,2.348980490655148,0.06268248629393908,-9.973783387838788
1,0,1,0
1.759406680056386,0.5276970408481532,0.2337883418768767,-19.48134252000908
1,0,1,0
1,0,1,0
1,0,1,0
1,0,1,0
1,0,1,0
1,0,1,0
1,0,1,0
0.7723382697406197,0.07247173768464421,0.3938856765352483,-13.74311521984492
0.9222454608012135,0.006683854280602475,0.4674208331178252,-18.27429933574836
1.713398289682686,0.4851685915802761,0.2430452188110335,-20.77455967281889
1,0,1,0
1,0,1,0
2.804502661847769e-15,2.348663646371705,0.06269522897039115,-16.25786444341695
1,0,1,0
1,0,1,0
1,0,1,0
1,0,1,0
1,0,1,0
1,0,1,0
1,0,1,0
1,0,1,0
1,0,1,0
0.8598214515677929,0.0238745895089103,0.4386022197097998,-14.5519362518781
1,0,1,0
1,0,1,0
1.028145822447522e-15,2.501666866602779,0.05686293614828408,-14.4154401543661
1,0,1,0
1,0,1,0
2.660664236946823,2.108617061990799,0.07323581680825764,-23.53702580650623
9.682324783204268e-17,2.352795796748016,0.0625292700692992,-9.046449168859509
1,0,1,0
1.028145822447522e-15,1.877878184093298,0.08528775105104658,-17.19874699789621
1.028145822447522e-15,2.588686486038252,0.0538147798483693,-11.52379714566593
4.936130869128893e-15,2.096574523472782,0.07381477748701215,-30.58299337696534
1,0,1,0
1,0,1,0
2.804502661847769e-15,2.252776165716867,0.06668746726003061,-16.15027937892604
2.677163743768488,2.130871311942663,0.07217933857474257,-24.13585497620725
0.853896273309258,0.02614194266586622,0.4357770762713466,-10.43827490492485
1,0,1,0
0.7600686879724878,0.08221850308541789,0.3871565880357429,-14.38105478392573
1,0,1,0
2.804502661847769e-15,2.348981384481391,0.06268245035057729,-9.978856467479744
1,0,1,0
3.933352377063996,4.935491540649487,0.01315528926372878,-27.73670431628046
1,0,1,0
1,0,1,0
1.822246460062018,0.5910892905688812,0.2209991028663261,-23.05929653462862
1.028145822447522e-15,1.62589803525297,0.1011356740152897,-10.13234906164358
1.707319046047233,0.4789403749593468,0.2444513378356744,-13.9526638271715
1,0,1,0
1,0,1,0
1,0,1,0
1.033690788516864,0.001081337245004477,0.4868836685563919,-10.62161931441471
2.625455117561327,2.059864904813367,0.0756117884812133,-32.65248005349853
1,0,1,0
0.9198764597506731,0.007122378410048924,0.4663715153705354,-10.05152395793197
0.8005770209608523,0.0530271346709057,0.4089385712942939,-16.18504008913311
0.8484269835208998,0.02840209812693217,0.4330834789366444,-8.705544019211505
1.028145822447522e-15,1.997849601988694,0.0787612743894,-11.28299943535665
4.455997409511503,7.065379070976732,0.003929384196340591,-34.46256428876114
1,0,1,0
1,0,1,0
1.028145822447522e-15,2.252128890726095,0.06671536231533493,-8.774151059083735
1,0,1,0
1,0,1,0
1,0,1,0
1.028145822447522e-15,1.435232948174399,0.1154561567875169,-11.03532335864123
1,0,1,0
1,0,1,0
1.028145822447522e-15,1.433793452239144,0.1155731707513115,-10.89178686101046
3.690425665289884,4.56285312433441,0.01633630033613659,-33.34361245012437
4.355047937641333,5.557706549884188,0.009199751583556959,-43.17103763063951
2.675506827599643,1.011472606171431,0.1572751532646074,-27.28544333206397
1.834729335141535,0.6026582437545756,0.2187827896852049,-19.63254038909194
1.021753899940063,0.0004560415755463509,0.4914811832507858,-18.41447403136004
1,0,1,0
1.028145822447522e-15,1.947726868914792,0.08141600652023739,-16.5378759980852
1,0,1,0
0.8544664361319433,0.02594918364812315,0.4360122414053177,-19.9885866556662
1.038263951005382e-15,1.389903297653767,0.1192107155387609,-18.11782384125854
1,0,1,0
0.8734843114389863,0.0190477704636578,0.445114810708512,-19.55019891276638
1.931623184559707,0.6986179351799251,0.2016242390585339,-18.97628564102028
1,0,1,0
1,0,1,0
0.85370748099345,0.02621779890425202,0.4356847760265583,-12.61958801839109
1.74810436119667,0.5178978036999027,0.2358698996358216,-18.77907229885788
1.649550044896654,0.4237104091065831,0.2575457024132611,-16.15533217325673
1,0,1,0
1,0,1,0
1,0,1,0
1,0,1,0
1.028145822447522e-15,1.434769937741422,0.1154937784582311,-10.7200987204233
1,0,1,0
1,0,1,0
1,0,1,0
1,0,1,0
2.804502661847769e-15,2.300685995196879,0.06465843724962572,-18.16281987871594
4.218854751786602,6.696478880878686,0.004830175199950271,-41.07262932193087
1,0,1,0
1,0,1,0
5.790912305919077,12.86431437318848,0.000167453788155858,-43.60411813053872
1.028145822447522e-15,2.096574534896419,0.07381477693536198,-25.59971245138089
1.028145822447522e-15,2.605305614708477,0.05325331196874422,-10.98103750750345
0.7603893510333086,0.08192599583001225,0.3873520656204265,-11.45756368354212
0.7897588182478651,0.06005546036397647,0.4032041523190878,-16.75133080976138
1,0,1,0
2.834812709326068,2.34821082910323,0.06271344513353494,-19.21064197189861
1.527507323539743,0.3109343752055196,0.2885536903351029,-19.42721030557493
2.96320235409679,1.684273468284111,0.09717878779970696,-18.37802441220052
1,0,1,0
2.599615439746543,2.02511352150993,0.07735868076152613,-23.85489693590216
1.240331058051547,0.04297779795905399,0.4178835416927201,-9.495900799913358
1.729745525910001,0.5008841077007489,0.2395559551891711,-20.29532113887184
1,0,1,0
4.936130869128893e-15,2.535907189074294,0.05564145558142847,-16.91998595721473
1,0,1,0
2.816836326419147,2.327012346869829,0.06357284967324311,-22.33310980084286
1.028145822447522e-15,2.096574331346215,0.07381478676485492,-11.88781157028718
0.871222575954084,0.019801826503965,0.4440459819937845,-17.99112135317606
1,0,1,0
2.804502661847769e-15,2.096574844648774,0.07381476197734183,-10.16982589814214
9.682324783204268e-17,2.179188377795093,0.06994410774381543,-10.5199581339903
2.804502661847769e-15,2.358561512585901,0.06229851751337467,-16.35271470408088
1,0,1,0
1,0,1,0
1,0,1,0
1,0,1,0
1,0,1,0
9.682324783204268e-17,2.163946668138468,0.07064070198028521,-10.9778037210272
1,0,1,0
0.8522960094735421,0.02678217794651871,0.4350023116716544,-15.47832623480899
0.9265058425511506,0.005942631459593173,0.4692765845868662,-11.69191392912292
1.028145822447522e-15,2.454785231095059,0.05858359685364933,-12.55695225466022
2.024259824796191,0.7915220935569494,0.1868201371942901,-20.82948977212314
4.366997876692952,6.938455532015212,0.004218096227537438,-40.42527093084944
1,0,1,0
2.12610019510841,0.8938776792516023,0.1722143262401029,-18.57356328289066
2.670131088819202,2.121982345464652,0.07259925158323666,-29.92827429085013
1,0,1,0
1.611380130111634,0.3884169862425821,0.2665663383830595,-15.76760334228091
8.803721814652858,22.4741135999912,1.064973607356468e-06,-64.28438948571632
1.001931015248161,3.700390283967181e-06,0.499232579203737,-11.39393590956164
1.028145822447522e-15,2.637584568856845,0.05218105237442,-8.647893916705922
1.718609775859036,0.4894509744879159,0.2420861572196291,-20.03329883092192
1.502227001617371,0.288148780281098,0.295704642436206,-16.59799027041151
1,0,1,0
1,0,1,0
1.01117235820977,0.0001218277321974881,0.4955967400245081,-10.8153141943299
1,0,1,0
1,0,1,0
1,0,1,0
1,0,1,0
0.9211402706183044,0.006886802499870726,0.4669310332522056,-10.36359392199048
1.028145822447522e-15,2.206149393207006,0.06873070176961293,-12.11551566074896
5.840566125974614e-16,2.452919972865789,0.05865323504980713,-9.98336593439106
1,0,1,0
1,0,1,0
2.804502661847769e-15,2.132691922529965,0.07209367122725457,-18.77041292140271
1.028145822447522e-15,1.434268855680777,0.1155345102755883,-16.94119281009937
1,0,1,0
0.8549901322663468,0.02569149136245841,0.4363280290184602,-18.14067048463009
1,0,1,0
0.9549931529663007,0.00214052551353916,0.4815491934341102,-23.64516208017067
2.804502661847769e-15,2.586006416521862,0.05390593133690913,-17.14420693522064
5.840566125974614e-16,2.348335962637435,0.06270841061014215,-8.465699781890878
1,0,1,0
1,0,1,0
1,0,1,0
1,0,1,0
5.840566125974614e-16,2.237395245428491,0.06735386639268742,-10.38189927186229
1,0,1,0
1.030026252617866,0.0008609102824976844,0.4882962051116591,-12.18538935843254
1,0,1,0
0.9200497163881387,0.007089766981167145,0.4664484093430686,-10.3396166946152
0.7438479219830232,0.09625417962442384,0.3781859662462933,-13.4689450487725
2.804502661847769e-15,1.458656557862724,0.1135719987514694,-10.95789808941197
0.7604242305466764,0.08189288647893278,0.3873742158050696,-10.55358680755347
1,0,1,0
1.852818765292894,0.6199353869983284,0.2155356488056768,-16.72780312112367
1,0,1,0
1,0,1,0
0.7441992241094135,0.09593131896399143,0.3783839747215266,-11.11952359695739
1,0,1,0
1.028145822447522e-15,2.442171974576773,0.05905629123092948,-17.22423443868314
1,0,1,0
1,0,1,0
0.8546590896075871,0.02587275794451216,0.4361057284213062,-12.07566258357139
0.9122316872282901,0.008664947664126288,0.4629177386744707,-10.37377833440467
6.728744545674702e-16,2.172529417270628,0.07024748980811324,-12.35605309880022
0.7745774181874192,0.07078473904253713,0.395098804725293,-11.75034189692705
3.592911195941452,3.825879580813577,0.02523342653217064,-26.18300447480305
9.682324783204268e-17,2.356445371402195,0.06238309859257718,-9.644067994898753
1.723481245031355,0.4940929783159476,0.2410535897201852,-16.7775259664773
1,0,1,0
0.8266715842137619,0.03841088389837921,0.4223101908325097,-9.043889145259433
1,0,1,0
3.17603086687411e-16,2.16366493049243,0.07065365143118413,-8.929901175211166
1,0,1,0
1,0,1,0
1,0,1,0
1,0,1,0
1,0,1,0
1,0,1,0
9.682324783204268e-17,2.206153143216174,0.06873053464704704,-10.36177411160129
1,0,1,0
0.7749367201524376,0.07050333536243514,0.3953026647890078,-12.48751864146591
1,0,1,0
1.028145822447522e-15,2.206149181173593,0.06873071121908814,-15.91681101258603
1,0,1,0
1,0,1,0
1,0,1,0
1,0,1,0
1,0,1,0
1.608687076376143,0.3852454395971137,0.2674046245139796,-17.23633309185219
1,0,1,0
1,0,1,0
1,0,1,0
1,0,1,0
0.8552910160310019,0.0256234471931549,0.4364116841769376,-14.53980603465646
1,0,1,0
1,0,1,0
1.028145822447522e-15,2.361324090236575,0.06218829029704243,-13.0316183754305
1,0,1,0
1.028145822447522e-15,2.300685995196833,0.06465843724962761,-10.0674524375317
1,0,1,0
1,0,1,0
0.8638894800138015,0.02234140083476532,0.4405912317036028,-13.3763497015078
5.840566125974614e-16,2.096574844558358,0.07381476198170805,-11.94779939171422
1,0,1,0
1,0,1,0
1,0,1,0
1,0,1,0
1.028145822447522e-15,2.09657433139801,0.07381478676235353,-11.79778652086889
1,0,1,0
1,0,1,0
1.028145822447522e-15,1.984144437095047,0.07947723951275854,-22.62579792866653
1,0,1,0
1.028145822447522e-15,2.300685556856568,0.06465845549594468,-14.49692248172283
1.028145822447522e-15,2.206146662605413,0.06873082346164061,-10.21029753500798
6.728744545674702e-16,2.435384148570243,0.05931241576945218,-10.29577037731629
1,0,1,0
1,0,1,0
1,0,1,0
1,0,1,0
4.936130869128893e-15,0.7113717499522263,0.1994944000070286,-4.420256502464197
8.005405863007662e-18,0.7405089490622423,0.194748946202961,-3.745363600867202
4.936130869128893e-15,0.6169220705915635,0.2160966843569109,-7.733495760260936
4.936130869128893e-15,0.7113687469311785,0.1994948976507288,-7.796103330400562
5.840566125974614e-16,0.6464412470785046,0.2106939537455456,-4.193267347821683
4.936130869128893e-15,0.5944224338735289,0.2203570342002058,-4.141888885941339
6.728744545674702e-16,0.6464413987945861,0.2106939265013379,-4.683237904853249
4.936130869128893e-15,0.711368747202231,0.1994948976058113,-7.798105881962338
4.0479524494288e-15,0.6192948986819342,0.2156547133828801,-4.354464544300818
8.005405863007662e-18,0.7405089490622423,0.194748946202961,-3.745363600867202
8.005405863007662e-18,0.6688695355717105,0.2067230081169054,-3.733950520167356
2.271595610028619e-15,0.6450837149667912,0.2109379416686478,-3.701573596087444
3.397720200437721e-16,0.7113717435980629,0.1994944010600027,-4.352701085478017
1.038263951005382e-15,0.4064992677232357,0.261875854065046,-4.361132063038838
8.005405863007662e-18,0.6689161585522783,0.2067148694440411,-4.223899288613814
1.038263951005382e-15,0.6705634324915195,0.2064276189214216,-4.096774692146772
6.728744545674702e-16,0.9183449995418389,0.1689549484657484,-4.14641622388038
5.267869920309547,3.344352680468198,0.03371799907571527,-11.60509471000233
1.340273035413137e-15,0.7156530941797197,0.1987867426952518,-4.054445927665097
3.397720200437721e-16,0.7113717435980629,0.1994944010600027,-4.352701085478017
1.038263951005382e-15,0.4064992677232357,0.261875854065046,-4.361132063038838
2.093959926088373e-15,0.5349117089722455,0.2322745816935587,-10.08872139097125
3.397720200437721e-16,0.7113717435980629,0.1994944010600027,-4.352701085478017
4.0479524494288e-15,0.6192948986819342,0.2156547133828801,-4.354464544300818
2.744589317728e-16,0.6883784359057028,0.2033582415155387,-4.277636729334037
4.936130869128893e-15,0.675585162025568,0.2055555579162671,-4.231522383459072
4.936130869128893e-15,0.4463062631008405,0.2520471453212432,-9.049293915770962
2.271595610028619e-15,0.6450837149667912,0.2109379416686478,-3.701573596087444
3.801435571181346,1.176914834975918,0.1389924849930573,-11.31237662192723
8.005405863007662e-18,0.6689161585522783,0.2067148694440411,-4.223899288613814
4.936130869128893e-15,0.7113717499522263,0.1994944000070286,-4.420256502464197
6.417811044515268e-16,0.575878015431539,0.2239662790819439,-3.907947362461804
1.038263951005382e-15,0.6834780456119169,0.2041958191891427,-10.71513033648975
4.936130869128893e-15,0.446800098472016,0.2519292333496359,-3.978579322179106
5.840566125974614e-16,0.6464412470785046,0.2106939537455456,-4.193267347821683
5.840566125974614e-16,0.6464412470785046,0.2106939537455456,-4.193267347821683
5.840566125974614e-16,0.7156469421999949,0.198787756940999,-3.986893581447323
1.028145822447522e-15,0.5920045387545301,0.2208225106250197,-8.06414649223855
8.005405863007662e-18,0.5983224837913363,0.2196093956402643,-3.448630534807477
1.340273035413137e-15,0.7247861867646144,0.1972892133204914,-4.092947696129529
2.271595610028619e-15,0.5758784374130759,0.2239661959136443,-4.163873755793052
4.936130869128893e-15,0.446800098472016,0.2519292333496359,-3.978579322179106
5.840566125974614e-16,0.6464412470785046,0.2106939537455456,-4.193267347821683
5.840566125974614e-16,0.6464412470785046,0.2106939537455456,-4.193267347821683
4.936130869128893e-15,0.5944224338735289,0.2203570342002058,-4.141888885941339
8.005405863007662e-18,0.6450898669264085,0.2109368350304549,-3.769125942305217
4.936130869128893e-15,0.4464072429023638,0.2520230269269078,-9.279251461071684
4.936130869128893e-15,0.5944224338735289,0.2203570342002058,-4.141888885941339
1.340273035413137e-15,0.6427212690291579,0.2113635504038413,-7.148157158265337
1.038263951005382e-15,0.7113649166405196,0.1994955323874888,-4.586745249178338
8.005405863007662e-18,0.5983224837913363,0.2196093956402643,-3.448630534807477
6.728744545674702e-16,0.3692057028801479,0.2717187733874528,-4.966186274343012
4.936130869128893e-15,0.6446595815892984,0.2110142573505733,-8.861729163170526
3.071557617363305,0.877987821613754,0.174376695866908,-9.68302550239911
1.985752832009056e-14,0.3576418756236563,0.2749094015384787,-9.094503264062157
4.936130869128893e-15,0.5941927218036476,0.2204011918553652,-8.916742537986286
2.998847847045655,0.8513603397001681,0.178083894494602,-7.591301229516318
8.005405863007662e-18,0.5983224837913363,0.2196093956402643,-3.448630534807477
1.340273035413137e-15,0.575878107802648,0.223966260876527,-7.521477202579709
4.936130869128893e-15,0.6445034835587684,0.2110423549660199,-8.54415777775813
8.005405863007662e-18,0.6689161585522783,0.2067148694440411,-4.223899288613814
8.005405863007662e-18,0.5983224837913363,0.2196093956402643,-3.448630534807477
4.0479524494288e-15,0.6192948986819342,0.2156547133828801,-4.354464544300818
4.936130869128893e-15,0.675183322204532,0.2056251403737666,-9.488740951958318
2.271595610028619e-15,0.4446582523444995,0.2524413210834601,-7.577897433542505
4.936130869128893e-15,0.5944200229574186,0.220357497581058,-4.074334674413052
8.005405863007662e-18,0.6688695355717105,0.2067230081169054,-3.733950520167356
8.005405863007662e-18,0.5983224837913363,0.2196093956402643,-3.448630534807477
8.005405863007662e-18,0.6688695355717105,0.2067230081169054,-3.733950520167356
4.0479524494288e-15,0.6192948986819342,0.2156547133828801,-4.354464544300818
1.028145822447522e-15,0.4592164292375287,0.2489952019345225,-4.146063706126676
8.005405863007662e-18,0.6688695355717105,0.2067230081169054,-3.733950520167356
2.093959926088373e-15,0.6320889598331618,0.2132950517999637,-4.120175196653188
8.005405863007662e-18,0.6688695355717105,0.2067230081169054,-3.733950520167356
1.038263951005382e-15,0.7113649166405196,0.1994955323874888,-4.586745249178338
4.0479524494288e-15,0.6475498713735934,0.210495014450812,-3.787687960834604
4.936130869128893e-15,0.5942537930186553,0.2203894507802382,-9.234106492887454
4.936130869128893e-15,0.4468601798243625,0.2519148942920624,-4.468528090625565
2.271595610028619e-15,0.7155471743503057,0.198804206205436,-10.54111919471826
3.49434984633127,1.058850297404156,0.1517387760093395,-11.98136012066831
8.005405863007662e-18,0.6689161585522783,0.2067148694440411,-4.223899288613814
8.005405863007662e-18,0.5983224837913363,0.2196093956402643,-3.448630534807477
2.449231293967717e-15,0.534911708418381,0.2322745818091668,-3.939689939752316
5.64667360488876e-15,0.6320893334096986,0.2132949834695451,-10.90284142373835
8.005405863007662e-18,0.6689161585522783,0.2067148694440411,-4.223899288613814
1.340273035413137e-15,0.7156530941797197,0.1987867426952518,-4.054445927665097
2.271595610028619e-15,0.5758784374130759,0.2239661959136443,-4.163873755793052
8.005405863007662e-18,0.5983224837913363,0.2196093956402643,-3.448630534807477
8.005405863007662e-18,0.7405089490622423,0.194748946202961,-3.745363600867202
5.840566125974614e-16,0.7156469421999949,0.198787756940999,-3.986893581447323
9.682324783204268e-17,0.5920313202604159,0.2208173465496348,-4.688286274553533
1.038263951005382e-15,0.4064992677232357,0.261875854065046,-4.361132063038838
4.936130869128893e-15,0.4839877218367548,0.2433107866329512,-7.759593546244581
2.804502661847769e-15,0.5349117090693696,0.232274581673286,-4.007242285970091
2.271595610028619e-15,0.6427202380762917,0.2113637364165771,-7.146155121957254
6.728744545674702e-16,0.6464413987945861,0.2106939265013379,-4.683237904853249
8.005405863007662e-18,0.6689161585522783,0.2067148694440411,-4.223899288613814
1.340273035413137e-15,0.592031263570421,0.2208173574805418,-4.620730885910329
1.340273035413137e-15,0.592031263570421,0.2208173574805418,-4.620730885910329
2.093959926088373e-15,0.632089333409743,0.2132949834695371,-4.376101589984434
5.840566125974614e-16,0.6464416082886277,0.2106938888817406,-4.516749158139106
2.804502661847769e-15,0.3692059068650302,0.2717187177109728,-10.51692378637272
8.005405863007662e-18,0.6689161585522783,0.2067148694440411,-4.223899288613814
8.005405863007662e-18,0.6450898669264085,0.2109368350304549,-3.769125942305217
4.936130869128893e-15,0.446800098472016,0.2519292333496359,-3.978579322179106
4.936130869128893e-15,0.675585162025568,0.2055555579162671,-4.231522383459072
6.417811044515268e-16,0.575878015431539,0.2239662790819439,-3.907947362461804
4.936130869128893e-15,0.5944200229574186,0.220357497581058,-4.074334674413052
5.840566125974614e-16,0.7156469421999949,0.198787756940999,-3.986893581447323
4.0479524494288e-15,0.3692038485609785,0.2717192795139851,-4.476215516822231
2.271595610028619e-15,0.5758784374130759,0.2239661959136443,-4.163873755793052
1.340273035413137e-15,0.7156530941797197,0.1987867426952518,-4.054445927665097
1.028145822447522e-15,0.4592164292375287,0.2489952019345225,-4.146063706126676
8.005405863007662e-18,0.6688695355717105,0.2067230081169054,-3.733950520167356
6.728744545674702e-16,0.9183449995418389,0.1689549484657484,-4.14641622388038
8.005405863007662e-18,0.6450898669264085,0.2109368350304549,-3.769125942305217
8.005405863007662e-18,0.5983224837913363,0.2196093956402643,-3.448630534807477
6.728744545674702e-16,0.3692057028801479,0.2717187733874528,-4.966186274343012
2.804502661847769e-15,0.6192887377727665,0.2156558591588118,-4.286912198083042
8.005405863007662e-18,0.6688695355717105,0.2067230081169054,-3.733950520167356
3.209867570582329,0.9354957374406325,0.1667194606083819,-15.16046720203266
6.417811044515268e-16,0.575878015431539,0.2239662790819439,-3.907947362461804
4.936130869128893e-15,0.5983691053009599,0.2196004818760419,-3.938579303253939
4.936130869128893e-15,0.5983691053009599,0.2196004818760419,-3.938579303253939
4.936130869128893e-15,0.446800098472016,0.2519292333496359,-3.978579322179106
2.449231293967717e-15,0.3695898547598553,0.2716139586855951,-12.13057797503306
2.744589317728e-16,0.6883784359057028,0.2033582415155387,-4.277636729334037
8.005405863007662e-18,0.6688695355717105,0.2067230081169054,-3.733950520167356
2.271595610028619e-15,0.6450837149667912,0.2109379416686478,-3.701573596087444
5.840566125974614e-16,0.6464416082883542,0.2106938888817897,-4.449193741152929
8.005405863007662e-18,0.6689161585522783,0.2067148694440411,-4.223899288613814
5.840566125974614e-16,0.7156469421999949,0.198787756940999,-3.986893581447323
6.728744545674702e-16,0.9183449995418389,0.1689549484657484,-4.14641622388038
4.936130869128893e-15,0.7113717499522263,0.1994944000070286,-4.420256502464197
2.271595610028619e-15,0.6450837149667912,0.2109379416686478,-3.701573596087444
3.397720200437721e-16,0.7113717435980629,0.1994944010600027,-4.352701085478017
5.840566125974614e-16,0.6474943857980282,0.2105049644997023,-4.263511693576628
4.0479524494288e-15,0.6192948986819342,0.2156547133828801,-4.354464544300818
8.005405863007662e-18,0.5983224837913363,0.2196093956402643,-3.448630534807477
8.005405863007662e-18,0.7405089490622423,0.194748946202961,-3.745363600867202
2.804502661847769e-15,0.5349117090693696,0.232274581673286,-4.007242285970091
8.005405863007662e-18,0.6755913600861305,0.205554484933588,-4.299074729676843
8.005405863007662e-18,0.5983224837913363,0.2196093956402643,-3.448630534807477
5.840566125974614e-16,0.6474943857980282,0.2105049644997023,-4.263511693576628
1.340273035413137e-15,0.7156530941797197,0.1987867426952518,-4.054445927665097
2.271595610028619e-15,0.6450837149667912,0.2109379416686478,-3.701573596087444
3.185024673858525,0.9290665395908171,0.1675528008775033,-10.20324095186684
4.0479524494288e-15,0.6474968150114151,0.210504528862017,-4.331064039794402
8.005405863007662e-18,0.7405089490622423,0.194748946202961,-3.745363600867202
2.920460923021045,0.8132286574814493,0.1835837078156285,-10.34136716796494
1.028145822447522e-15,0.4592164292375287,0.2489952019345225,-4.146063706126676
4.936130869128893e-15,0.5944224338735289,0.2203570342002058,-4.141888885941339
4.0479524494288e-15,0.6475498713735934,0.210495014450812,-3.787687960834604
2.271595610028619e-15,0.6450837149667912,0.2109379416686478,-3.701573596087444
1.038263951005382e-15,0.6719891477733988,0.2061794790662719,-9.167241679308209
2.271595610028619e-15,0.5758784374130759,0.2239661959136443,-4.163873755793052
2.449231293967717e-15,0.534911708418381,0.2322745818091668,-3.939689939752316
1.340273035413137e-15,0.7156530941797197,0.1987867426952518,-4.054445927665097
4.936130869128893e-15,0.675585162025568,0.2055555579162671,-4.231522383459072
5.840566125974614e-16,0.7156469421999949,0.198787756940999,-3.986893581447323
2.093959926088373e-15,0.6320889598331618,0.2132950517999637,-4.120175196653188
2.804502661847769e-15,0.5349117090693696,0.232274581673286,-4.007242285970091
4.0479524494288e-15,0.6475498713735934,0.210495014450812,-3.787687960834604
5.840566125974614e-16,0.7132844863883481,0.199177796856323,-7.433477143625216
4.936130869128893e-15,0.6683263661696337,0.2068178605904141,-8.711411575577268
5.840566125974614e-16,0.6464412470785046,0.2106939537455456,-4.193267347821683
1.985752832009056e-14,0.3683067436311092,0.2719643438361089,-10.7356172550089
8.005405863007662e-18,0.6450898669264085,0.2109368350304549,-3.769125942305217
8.005405863007662e-18,0.6450898669264085,0.2109368350304549,-3.769125942305217
2.271595610028619e-15,0.6194560904853859,0.2156247389940461,-4.857273699345971
4.0479524494288e-15,0.6188704764371771,0.2157336669562879,-9.453261090504592
4.936130869128893e-15,0.4468601798243625,0.2519148942920624,-4.468528090625565
4.936130869128893e-15,0.5944224338735289,0.2203570342002058,-4.141888885941339
8.005405863007662e-18,0.5983224837913363,0.2196093956402643,-3.448630534807477
2.90012360808089,0.8050861564685441,0.1847885148695715,-8.920098228240825
2.093959926088373e-15,0.632089333409743,0.2132949834695371,-4.376101589984434
8.005405863007662e-18,0.6689161585522783,0.2067148694440411,-4.223899288613814
6.728744545674702e-16,0.3692057028801479,0.2717187733874528,-4.966186274343012
4.936130869128893e-15,0.5980225729602644,0.2196667501378193,-8.924411834545097
1.028145822447522e-15,0.4592164292375287,0.2489952019345225,-4.146063706126676
1.038263951005382e-15,0.6705634324915195,0.2064276189214216,-4.096774692146772
2.804502661847769e-15,0.5349117090693696,0.232274581673286,-4.007242285970091
8.005405863007662e-18,0.5983224837913363,0.2196093956402643,-3.448630534807477
5.840566125974614e-16,0.7156469421999949,0.198787756940999,-3.986893581447323
1.038263951005382e-15,0.4064992677232357,0.261875854065046,-4.361132063038838
4.936130869128893e-15,0.5943601935820588,0.2203689973358559,-10.22305595584363
4.0479524494288e-15,0.3690036474362124,0.2717739335829257,-10.94789789608572
1.038263951005382e-15,0.4064992677232357,0.261875854065046,-4.361132063038838
4.936130869128893e-15,0.5944200229574186,0.220357497581058,-4.074334674413052
2.804502661847769e-15,0.5496695529023619,0.2292263730555532,-4.4695455164441
2.804502661847769e-15,0.6192887377727665,0.2156558591588118,-4.286912198083042
5.840566125974614e-16,0.6464416082886277,0.2106938888817406,-4.516749158139106
8.005405863007662e-18,0.7405089490622423,0.194748946202961,-3.745363600867202
1.028145822447522e-15,0.4592164292375287,0.2489952019345225,-4.146063706126676
5.840566125974614e-16,0.6474943857980282,0.2105049644997023,-4.263511693576628
2.804502661847769e-15,0.6192887377727665,0.2156558591588118,-4.286912198083042
2.271595610028619e-15,0.3947336920627063,0.2649108040756105,-4.606990979597142
1.340273035413137e-15,0.592031263570421,0.2208173574805418,-4.620730885910329
5.840566125974614e-16,0.6474943857980282,0.2105049644997023,-4.263511693576628
3.37650924836374,1.012784636594802,0.1571183246770959,-7.290020818858862
4.568402294185073,1.558565671684946,0.1059376786008601,-11.18950820014657
2.804502661847769e-15,0.3889325488584596,0.2664305168297895,-10.81254647174608
8.054333073515119e-16,0.3755323564137392,0.2700019978769069,-8.309116002306741
1.038263951005382e-15,0.7113649166405196,0.1994955323874888,-4.586745249178338
4.0479524494288e-15,0.6192948986819342,0.2156547133828801,-4.354464544300818
4.936130869128893e-15,0.5944224338735289,0.2203570342002058,-4.141888885941339
6.728744545674702e-16,0.9183449995418389,0.1689549484657484,-4.14641622388038
1.038263951005382e-15,0.4064992677232357,0.261875854065046,-4.361132063038838
5.840566125974614e-16,0.6464416082886277,0.2106938888817406,-4.516749158139106
4.0479524494288e-15,0.6474968150114151,0.210504528862017,-4.331064039794402
4.936130869128893e-15,0.446800098472016,0.2519292333496359,-3.978579322179106
8.005405863007662e-18,0.5983224837913363,0.2196093956402643,-3.448630534807477
4.936130869128893e-15,0.7113717499522263,0.1994944000070286,-4.420256502464197
8.005405863007662e-18,0.6450898669264085,0.2109368350304549,-3.769125942305217
4.936130869128893e-15,0.5943369233249918,0.2203734703419994,-9.927057193571862
4.936130869128893e-15,0.6868534747152282,0.2036183485448289,-9.135696387302916
4.0479524494288e-15,0.6474968150114151,0.210504528862017,-4.331064039794402
8.005405863007662e-18,0.6450898669264085,0.2109368350304549,-3.769125942305217
4.936130869128893e-15,0.5944200229574186,0.220357497581058,-4.074334674413052
4.0479524494288e-15,0.6474968150114151,0.210504528862017,-4.331064039794402
4.936130869128893e-15,0.5944200229574186,0.220357497581058,-4.074334674413052