dN/dS,LRT,p-value,Log(L)
1,0,1,0
1,0,1,0
1,0,1,0
1,0,1,0
1,0,1,0
1,0,1,0
1,0,1,0
1,0,1,0
4.187999280676666,1.323449662329406,0.1249869407078702,-8.565203613462492
1,0,1,0
7.035533347992012,2.160521173813823,0.07079832839241945,-10.56445878275638
1,0,1,0
8.48884454792928e-15,0.3027912678581153,0.2910689075163724,-10.15582321938275
1,0,1,0
1,0,1,0
2.931643144124243,0.8250149576293921,0.1818589891842958,-13.53669102455721
1,0,1,0
1,0,1,0
1,0,1,0
1,0,1,0
1,0,1,0
1,0,1,0
1,0,1,0
1,0,1,0
1,0,1,0
1,0,1,0
1,0,1,0
1,0,1,0
8.48884454792928e-15,0.3024909193381653,0.2911625178850092,-9.481395868992633
1,0,1,0
8.48884454792928e-15,0.3024901665401742,0.2911627525874651,-11.97505631081932
2.804502661847769e-15,0.7758789123189125,0.1892022428608789,-8.00154947578838
4.936130869128893e-15,0.6270005757867274,0.2142288308145118,-10.32402017107339
1,0,1,0
1,0,1,0
1,0,1,0
1,0,1,0
1,0,1,0
1,0,1,0
4.936130869128893e-15,0.6261491283001419,0.2143856836941524,-21.62278551700345
8.48884454792928e-15,0.3023772505646747,0.2911979611034637,-18.29859531334901
1,0,1,0
1,0,1,0
1,0,1,0
1.038263951005382e-15,0.5718463935157772,0.2247630701583021,-11.01932955601631
1,0,1,0
1,0,1,0
1,0,1,0
1,0,1,0
1,0,1,0
1,0,1,0
1,0,1,0
2.804502661847769e-15,0.6261491392720018,0.214385681671809,-9.429741729450068
1,0,1,0
1,0,1,0
2.804502661847769e-15,0.6261491392720124,0.2143856816718071,-11.37877451091512
1,0,1,0
5.64667360488876e-15,0.3036700077850227,0.2907953753946346,-12.25457980533205
1,0,1,0
1,0,1,0
1,0,1,0
4.936130869128893e-15,0.5316931335216886,0.2329479498184183,-9.247972800411121
1,0,1,0
3.254379725160477,0.9634533536029366,0.1631591694160209,-10.14347194615899
1,0,1,0
2.851329422277626,0.7872968647427179,0.187459373919894,-8.328375997729919
1,0,1,0
1,0,1,0
1,0,1,0
1,0,1,0
1,0,1,0
1,0,1,0
1.038263951005382e-15,0.4421531230302271,0.2530425306149768,-12.85498864261762
1,0,1,0
1.038263951005382e-15,0.5442115812613153,0.2303462662890277,-8.475265671765271
1,0,1,0
2.804502661847769e-15,0.7730213813573137,0.1896419918867405,-10.65208707821307
1,0,1,0
1,0,1,0
1,0,1,0
1,0,1,0
1.985752832009056e-14,0.3024904197582536,0.2911626736407387,-10.02423984900454
1,0,1,0
1,0,1,0
1,0,1,0
8.48884454792928e-15,0.3024898489952896,0.2911628515896556,-11.91205604267549
1,0,1,0
1,0,1,0
1,0,1,0
1,0,1,0
1,0,1,0
1,0,1,0
1,0,1,0
2.611325070816597,0.6783931210042056,0.2050702984369709,-8.968748233949551
1,0,1,0
1,0,1,0
1,0,1,0
1,0,1,0
1,0,1,0
1,0,1,0
1,0,1,0
1,0,1,0
1,0,1,0
1,0,1,0
1,0,1,0
1,0,1,0
2.61184208376171,0.6784801806672753,0.2050552801030993,-10.11099072830356
1,0,1,0
1,0,1,0
1,0,1,0
1,0,1,0
2.804502661847769e-15,0.633629809880242,0.2130134967705682,-7.268893063830504
1,0,1,0
1,0,1,0
1,0,1,0
1,0,1,0
1,0,1,0
1,0,1,0
1.028145822447522e-15,0.6190166636036025,0.2157064673947528,-8.842323266743785
1,0,1,0
1,0,1,0
2.927682869430076,0.8228173126816323,0.1821788677581286,-10.86998194735707
1,0,1,0
1,0,1,0
1,0,1,0
1,0,1,0
1,0,1,0
1,0,1,0
1,0,1,0
5.64667360488876e-15,0.4701794378897795,0.246452315177526,-10.31140225831911
1,0,1,0
1,0,1,0
1,0,1,0
2.269969926313108e-14,0.3024901810580722,0.2911627480611657,-11.27279188877633
3.017116449295972,0.8591458017639937,0.1769889216787631,-13.9267945743618
1,0,1,0
3.581889815242879,1.095373751484459,0.1476418094542722,-10.68275990047963
1,0,1,0
1,0,1,0
1,0,1,0
1,0,1,0
1,0,1,0
1,0,1,0
1,0,1,0
1,0,1,0
5.64667360488876e-15,0.6236200137152679,0.2148526193717277,-18.49361025311294
1,0,1,0
1,0,1,0
6.139214456057207,3.865036525359901,0.0246510603178644,-10.63488883833218
1,0,1,0
15.82215334597047,16.54494905924449,2.375518293401546e-05,-22.62381014427852
1,0,1,0
1,0,1,0
20.28113801741388,23.8803439457277,5.125657613347379e-07,-34.79616404938213
1,0,1,0
1,0,1,0
1,0,1,0
1,0,1,0
1,0,1,0
1,0,1,0
6.725239324679019,4.129025089537905,0.02107681440120479,-16.5628890163826
1,0,1,0
1,0,1,0
1,0,1,0
1,0,1,0
1,0,1,0
1,0,1,0
1,0,1,0
1,0,1,0
1,0,1,0
1,0,1,0
3.297195519239285,0.9811705255117307,0.160954996547523,-6.711937868847711
5.843354016641555,1.843091542721368,0.08729451573222818,-10.04272481584032
1.038263951005382e-15,0.6790753428903429,0.2049526542162211,-10.8179737552967
1,0,1,0
1,0,1,0
1.038263951005382e-15,0.485428386227305,0.2429868575621987,-9.36372768566012
1,0,1,0
4.936130869128893e-15,0.6984212750286432,0.2016573388712044,-12.17536972958103
1,0,1,0
1,0,1,0
1,0,1,0
3.306507887230071,0.9850255846158724,0.1604806059474778,-11.85057589827739
1,0,1,0
1,0,1,0
1,0,1,0
3.232650920058642,0.9514053502083435,0.1646809176902995,-9.457841251402044
5.299437800366638,3.38294779400206,0.03293706901323507,-11.92662430397202
1,0,1,0
1,0,1,0
2.892318047435441,0.8053629977237655,0.1847473714791965,-8.886399978689683
2.449231293967717e-15,0.606287739171087,0.21809448777357,-7.240703602548159
1,0,1,0
1,0,1,0
1,0,1,0
1,0,1,0
1,0,1,0
1,0,1,0
1,0,1,0
1,0,1,0
4.936130869128893e-15,0.6190168498222341,0.2157064327502592,-12.19660199386327
1,0,1,0
1,0,1,0
1,0,1,0
2.631772699209192,0.688571196016909,0.2033253977605285,-9.76479541879517
2.902510432774195,0.8109468531223349,0.1839202306729323,-9.438090012960767
1,0,1,0
1,0,1,0
1,0,1,0
1,0,1,0
1,0,1,0
3.314305300034107,0.9913861805003066,0.1597019078898253,-7.371913845540757
4.674095164909749,1.494151497148259,0.1107867236195291,-10.07888361851408
1,0,1,0
1,0,1,0
1,0,1,0
1,0,1,0
1,0,1,0
1,0,1,0
1,0,1,0
1,0,1,0
1,0,1,0
1,0,1,0
2.819600707612942,0.7732854746325657,0.1896012898221729,-11.11830414389273
1.038263951005382e-15,0.7784953907600567,0.1888008490761453,-14.95883184796517
1,0,1,0
1,0,1,0
1,0,1,0
1,0,1,0
7.090561916973159,4.328592314471642,0.01873861400742638,-12.52162406205138
4.936130869128893e-15,0.6190168254041239,0.2157064372930538,-16.20915268145611
1,0,1,0
1,0,1,0
1,0,1,0
1.038263951005382e-15,0.5316923273040679,0.2329481188805674,-8.382006670839607
1,0,1,0
1,0,1,0
1,0,1,0
1,0,1,0
1,0,1,0
1,0,1,0
7.096502095048157,2.180280113858728,0.06989450877020842,-10.65691942728237
3.816144253798661,1.192135957923107,0.137449565688123,-10.51569742199573
1,0,1,0
1,0,1,0
1,0,1,0
1,0,1,0
1,0,1,0
1,0,1,0
1,0,1,0
1,0,1,0
1,0,1,0
1,0,1,0
1,0,1,0
1,0,1,0
1,0,1,0
1,0,1,0
1,0,1,0
1,0,1,0
1,0,1,0
1,0,1,0
3.20198461541528,0.9384057405216844,0.1663440909863885,-13.20111915509411
1,0,1,0
2.804502661847769e-15,0.6261491218262805,0.2143856848874204,-9.999165530009554
1,0,1,0
1,0,1,0
1,0,1,0
1,0,1,0
1,0,1,0
5.64667360488876e-15,0.6190174179780392,0.215706327049448,-12.05904083655692
1,0,1,0
1,0,1,0
1,0,1,0
1,0,1,0
1,0,1,0
1,0,1,0
2.093959926088373e-15,0.439589995130742,0.2536602068426478,-12.22527063446493
7.114618522360344,4.33822360695083,0.01863289259636097,-14.0526726636777
1,0,1,0
1,0,1,0
1,0,1,0
1.038263951005382e-15,0.4740952077335585,0.2455545948881394,-8.35551360877705
3.456958661455871,1.072604733684749,0.1501789192847912,-9.232178237064094
1,0,1,0
1.038263951005382e-15,0.7593872794174494,0.1917601700331147,-9.763258266046744
1,0,1,0
1,0,1,0
2.921709831662902,0.8207658429196272,0.1824781732759289,-8.771555178720101
6.715679022113202,4.169075363462703,0.02058413044007268,-18.74238938870965
1,0,1,0
1,0,1,0
6.706330172902585,4.129703178866947,0.02106837045681847,-17.16222868560448
1,0,1,0
1,0,1,0
3.82864896088791,1.196770635424272,0.1369840404515903,-16.84125732074246
1,0,1,0
1,0,1,0
1,0,1,0
1,0,1,0
1,0,1,0
1,0,1,0
1,0,1,0
1,0,1,0
2.804502661847769e-15,0.5716410786049799,0.2248037657419126,-7.662252629393256
1,0,1,0
3.224199340949702,0.9479247798698012,0.1651240449403295,-9.173404581436841
1,0,1,0
3.38040578094663,1.011892700356626,0.1572249166348023,-9.55758788304562
1,0,1,0
1,0,1,0
1,0,1,0
1,0,1,0
1,0,1,0
1,0,1,0
1,0,1,0
1,0,1,0
1,0,1,0
1,0,1,0
1,0,1,0
2.093959926088373e-15,0.6984212795231457,0.2016573381146455,-10.25266785062816
2.804502661847769e-15,0.6502439844362762,0.2100127311560904,-8.125506716456167
1,0,1,0
1,0,1,0
1,0,1,0
3.272663104747572,0.9708497959297517,0.1622341668644736,-10.74267629697829
1,0,1,0
1,0,1,0
1,0,1,0
1,0,1,0
1,0,1,0
1,0,1,0
1,0,1,0
1,0,1,0
1,0,1,0
1,0,1,0
1,0,1,0
1,0,1,0
1,0,1,0
1,0,1,0
1,0,1,0
1,0,1,0
1,0,1,0
1,0,1,0
1,0,1,0
1,0,1,0
1,0,1,0
1,0,1,0
1,0,1,0
1,0,1,0
1,0,1,0
4.936130869128893e-15,0.571641153225924,0.224803750949167,-7.664913586899515
1,0,1,0
1,0,1,0
1,0,1,0
1,0,1,0
4.936130869128893e-15,0.6790373682099826,0.2049592000665961,-9.718653812659815
1,0,1,0
1,0,1,0
1,0,1,0
1,0,1,0
1,0,1,0
1,0,1,0
1,0,1,0
1,0,1,0
1,0,1,0
1,0,1,0
2.093959926088373e-15,0.4854283839642406,0.242986858070481,-8.488065087646602
1,0,1,0
1,0,1,0
1,0,1,0
1,0,1,0
1.038263951005382e-15,0.3833062060699994,0.26791955033133,-9.999724989112476
1,0,1,0
1,0,1,0
9.682324783204268e-17,0.6785598191884183,0.2050415433787154,-7.515029464647674
1,0,1,0
1,0,1,0
1,0,1,0
1,0,1,0
1,0,1,0
1,0,1,0
1,0,1,0
1,0,1,0
1,0,1,0
1,0,1,0
1,0,1,0
1,0,1,0
2.915664057599336,0.8179045191249159,0.1828967742108417,-13.13954836522943
1,0,1,0
7.378594919423636,4.447669616685246,0.01747445381851243,-14.32974062393889
1,0,1,0
1,0,1,0
1,0,1,0
1,0,1,0
1,0,1,0
1,0,1,0
1,0,1,0
4.133850859124373,1.365164896506975,0.1213221808739689,-9.188297937505297
2.753525166594099,0.7433205252568165,0.1942996336857541,-8.925871162337987
1,0,1,0
1,0,1,0
3.010676243750481,0.8572929499419004,0.1772486753813397,-9.619710743426282
3.378935767374146,1.011321860946278,0.1572931851291413,-8.864308032889232
1,0,1,0
1,0,1,0
1,0,1,0
1,0,1,0
1.038263951005382e-15,0.511162754496155,0.2373179706891699,-10.6619838830674
1,0,1,0
1,0,1,0
1,0,1,0
1,0,1,0
2.449231293967717e-15,0.606287739171087,0.21809448777357,-7.240703602548159
1,0,1,0
4.013893931249644,1.265450048119614,0.130310993220303,-12.46376290057158
1,0,1,0
1,0,1,0
2.804502661847769e-15,0.6236199817389689,0.2148526252850409,-8.733918907224719
1,0,1,0
4.936130869128893e-15,0.796327651761235,0.1860968071953997,-10.01857180950699
1,0,1,0
1,0,1,0
1,0,1,0
2.804502661847769e-15,0.7063863060822655,0.2003230436689974,-9.470423360519199
1,0,1,0
1,0,1,0
1,0,1,0
1,0,1,0
1,0,1,0
1,0,1,0
1,0,1,0
1,0,1,0
1,0,1,0
1,0,1,0
1,0,1,0
1,0,1,0
1,0,1,0
1,0,1,0
1,0,1,0
4.936130869128893e-15,0.6341338459369048,0.2129215171004109,-9.523564636767659
1,0,1,0
1,0,1,0
1,0,1,0
3.879558315969249,1.216608411790286,0.1350136405026445,-10.90135723428553
1,0,1,0
1,0,1,0
5.64667360488876e-15,0.3027839740027858,0.2910711800936541,-9.766338661213167
1,0,1,0
1,0,1,0
1,0,1,0
1,0,1,0
1,0,1,0
1,0,1,0
1.028145822447522e-15,0.7064248799580319,0.2003166130577241,-10.15850249889872
4.936130869128893e-15,0.3024942704639848,0.2911614730974371,-8.569630850272651
1,0,1,0
1,0,1,0
1,0,1,0
1,0,1,0
1,0,1,0
3.230090323974929,0.9503471902635887,0.1648154694113624,-10.39017240813533
1,0,1,0
1,0,1,0
1,0,1,0
1,0,1,0
6.3320396275088,3.936021651211661,0.02363121216146818,-14.79861787454354
1,0,1,0
1,0,1,0
1.028145822447522e-15,0.6067796594450954,0.2180014540895971,-9.545094752401626
1,0,1,0
8.48884454792928e-15,0.3024904455666864,0.2911626655943516,-10.85310514440754
1,0,1,0
1,0,1,0
1,0,1,0
1,0,1,0
1,0,1,0
1,0,1,0
1,0,1,0
1,0,1,0
1,0,1,0
1,0,1,0
1,0,1,0
2.804502661847769e-15,0.5111823093389383,0.2373137454534808,-11.35493257995047
1,0,1,0
2.740347819907901,0.7363390141418051,0.1954180761158449,-9.171461969064111
1,0,1,0
1,0,1,0
1,0,1,0
1,0,1,0
2.804502661847769e-15,0.7064253694903435,0.2003165314502196,-10.15874932459263
1,0,1,0
1,0,1,0
1,0,1,0
1,0,1,0
2.55265588283154,0.6509877108436903,0.2098798842191724,-9.960634396420822
1,0,1,0
1,0,1,0
1,0,1,0
1,0,1,0
1,0,1,0
1,0,1,0
1,0,1,0
1.028145822447522e-15,0.7064059444971456,0.2003197697315534,-9.75648604652257
1,0,1,0
1,0,1,0
1,0,1,0
1,0,1,0
8.054333073515119e-16,0.7355784400662095,0.1955404766958544,-9.14350684418724
2.804502661847769e-15,0.7063664760701798,0.2003263496265788,-9.246125117962615
1,0,1,0
2.449231293967717e-15,0.6984212643550691,0.2016573406678853,-10.88272056387161
1.038263951005382e-15,0.2930259183885653,0.2941439720041318,-10.93428359307756
1,0,1,0
1,0,1,0
1,0,1,0
1,0,1,0
1,0,1,0
1,0,1,0
1,0,1,0
2.557521459661313,0.6532914290055025,0.2094691800622172,-9.718894416968785
1,0,1,0
1.028145822447522e-15,0.6790488505740306,0.2049572207723088,-9.780042270573844
1,0,1,0
1,0,1,0
1,0,1,0
1,0,1,0
1,0,1,0
1,0,1,0
1,0,1,0
1,0,1,0
1,0,1,0
1,0,1,0
1,0,1,0
1,0,1,0
1,0,1,0
1,0,1,0
1,0,1,0
1,0,1,0
1,0,1,0
1,0,1,0
1.028145822447522e-15,0.511162148791577,0.2373181015663527,-10.66097485314058
1,0,1,0
1,0,1,0
1,0,1,0
1,0,1,0
1,0,1,0
1,0,1,0
1.985752832009056e-14,0.3024902087667023,0.2911627394223431,-10.87507829700217
1,0,1,0
1,0,1,0
1.038263951005382e-15,0.571846392039788,0.2247630704508175,-11.01913104310805
1,0,1,0
1,0,1,0
1,0,1,0
1,0,1,0
1,0,1,0
1,0,1,0
1,0,1,0
1,0,1,0
1,0,1,0
1,0,1,0
1,0,1,0
1,0,1,0
1,0,1,0
1,0,1,0
1,0,1,0