dN/dS,LRT,p-value,Log(L)
1.028145822447522e-15,0.9765061537827702,0.161531452730333,-4.071925822709912
4.936130869128893e-15,0.6593516427524797,0.2083944655737635,-9.401831761368156
2.804502661847769e-15,0.71362650663281,0.1991212610550623,-4.227025531006968
2.995035654680723,0.8560119275074811,0.1774285686112661,-9.768041148835826
5.840566125974614e-16,0.6816225608107995,0.2045142802853994,-3.935824412969153
2.432297316015751,0.5940222685831529,0.2204339669507113,-19.81274519317482
4.584206606649056,1.474452711017964,0.1123222341116372,-11.80159820293468
2.449231293967717e-15,0.9264055963258233,0.1678993368707748,-4.166518992362
3.279270122414129,0.9786557241783562,0.1612654558731067,-8.790518162073594
5.840566125974614e-16,0.7059620749427458,0.2003937865796003,-3.941243782023325
2.804502661847769e-15,0.4183203234219555,0.2588881811657973,-4.575308594296083
2.804502661847769e-15,0.7963404694581495,0.186094883126241,-4.35545041740618
8.48884454792928e-15,0.4183908929785396,0.2588705256709045,-11.00955623746033
2.609762527923351,0.6810666421616105,0.2046098358137358,-10.88685944349074
4.936130869128893e-15,0.6924932071301697,0.2026588205390248,-16.33655567124946
1.028145822447522e-15,0.8399208602451296,0.1797097029302101,-4.533005979623035
1,0,1,0
1,0,1,0
5.860416241851025,3.733231581131843,0.02667005086286889,-15.48405620877196
1,0,1,0
1,0,1,0
2.570637699703711,0.6617742506100335,0.2079671320585648,-8.934089694017574
1,0,1,0
2.804502661847769e-15,0.786142199612474,0.187634597370836,-10.55579826284789
1,0,1,0
1,0,1,0
1,0,1,0
1,0,1,0
1,0,1,0
1,0,1,0
1,0,1,0
1,0,1,0
1,0,1,0
1,0,1,0
1,0,1,0
1,0,1,0
1,0,1,0
8.48884454792928e-15,0.7855799954617027,0.1877199965439303,-21.14198641223697
1,0,1,0
1,0,1,0
1,0,1,0
1,0,1,0
1,0,1,0
1,0,1,0
1,0,1,0
4.936130869128893e-15,0.7481747238978507,0.1935273700176728,-11.19544857137352
1,0,1,0
1,0,1,0
1,0,1,0
1,0,1,0
1,0,1,0
1,0,1,0
1,0,1,0
1,0,1,0
1,0,1,0
1,0,1,0
1,0,1,0
8.48884454792928e-15,0.4274302965192085,0.2566262819853292,-12.53900337521792
1,0,1,0
1,0,1,0
1,0,1,0
2.804502661847769e-15,0.6757058933168416,0.2055346588972548,-10.01196040450424
1,0,1,0
1,0,1,0
1,0,1,0
1,0,1,0
1,0,1,0
1,0,1,0
4.609126291510431,2.957386397582031,0.04274300992872937,-12.09461117566781
1,0,1,0
1,0,1,0
1,0,1,0
1,0,1,0
1,0,1,0
1,0,1,0
1,0,1,0
1,0,1,0
2.601314424426191,0.6781908816327515,0.2051051922310971,-9.927854679525423
1,0,1,0
1,0,1,0
1,0,1,0
1,0,1,0
1,0,1,0
1,0,1,0
1,0,1,0
1,0,1,0
1,0,1,0
1,0,1,0
1,0,1,0
1,0,1,0
3.82856956854685,1.20029612963328,0.1366312498080143,-11.25680414514789
1,0,1,0
1,0,1,0
1,0,1,0
4.936130869128893e-15,0.7012513869851063,0.2011817646807176,-10.77532345946043
1,0,1,0
1,0,1,0
2.804502661847769e-15,0.734522470549841,0.1957105980160461,-8.725521463647574
2.754538830792787,0.7464280311251592,0.1938047495391441,-14.28105990009959
1,0,1,0
1,0,1,0
1,0,1,0
1,0,1,0
1,0,1,0
1,0,1,0
1.038263951005382e-15,0.5343815932270033,0.2323852747355302,-17.00469361066248
1,0,1,0
1.038263951005382e-15,0.7346964241808038,0.1956825587332786,-9.752275176194685
4.936130869128893e-15,0.8502081830653125,0.1782467252589796,-11.06185636159746
6.551225008806592,4.088929079095209,0.02158249168127263,-13.9858097483843
1,0,1,0
1,0,1,0
1,0,1,0
1,0,1,0
1,0,1,0
1,0,1,0
1,0,1,0
1,0,1,0
1,0,1,0
1,0,1,0
1,0,1,0
1,0,1,0
1,0,1,0
1,0,1,0
1,0,1,0
1,0,1,0
1,0,1,0
1,0,1,0
1,0,1,0
1,0,1,0
1,0,1,0
2.804502661847769e-15,0.9462341359707978,0.1653398608193696,-10.28798801475358
1,0,1,0
8.48884454792928e-15,0.4234415836703036,0.257612368721693,-10.72072470880302
1,0,1,0
1,0,1,0
1,0,1,0
2.54707636176294,0.650567443520977,0.2099549383943728,-9.526411138771982
1,0,1,0
2.157929052865926,0.4625659321042264,0.2482136083884593,-15.62734410284359
1,0,1,0
1,0,1,0
1,0,1,0
2.432652091506518,0.5971934136186405,0.2198254370034253,-9.281499879461926
1,0,1,0
1,0,1,0
1,0,1,0
1,0,1,0
1,0,1,0
1.028145822447522e-15,0.9023912907228642,0.1710706632609386,-10.55645995949128
1,0,1,0
2.449231293967717e-15,0.937648630914488,0.1664416440957135,-10.33381649609945
1,0,1,0
2.452279779132268,0.606657885801603,0.2180244787030327,-11.46396326448254
1,0,1,0
1,0,1,0
1,0,1,0
2.26055021661424,0.513191846365828,0.2368801925870395,-8.909451700808388
1,0,1,0
2.551409616213054,0.6528873575950271,0.2095411308124696,-8.701355511142763
1,0,1,0
1,0,1,0
1,0,1,0
1.038263951005382e-15,0.7010845396148255,0.2012097565380737,-9.664450354845817
1,0,1,0
1,0,1,0
1,0,1,0
1,0,1,0
1,0,1,0
4.936130869128893e-15,0.4462289877109775,0.2520656047306024,-10.20233417290051
1,0,1,0
1,0,1,0
9.627380929727567,5.427531726801561,0.009910838069735306,-12.99748910320261
1,0,1,0
5.96912797297886,3.792687808156806,0.0257384621933695,-14.53471454254185
2.802065996389334,0.7687718260405063,0.1902986330835621,-10.35394298192598
1,0,1,0
1,0,1,0
1,0,1,0
2.093959926088373e-15,0.4425131150889996,0.2529559846434167,-14.86636534799615
1,0,1,0
1,0,1,0
1,0,1,0
1,0,1,0
1,0,1,0
1,0,1,0
1,0,1,0
1,0,1,0
1,0,1,0
1,0,1,0
1,0,1,0
1,0,1,0
1,0,1,0
1,0,1,0
1,0,1,0
1,0,1,0
4.936130869128893e-15,0.9449875124800649,0.165499236635951,-9.253222168326348
1.028145822447522e-15,0.7822848744442368,0.1882216268555971,-9.176801565425345
1,0,1,0
1,0,1,0
1,0,1,0
1,0,1,0
4.936130869128893e-15,0.7481747236364171,0.1935273700591467,-16.0197695096209
1,0,1,0
1,0,1,0
1,0,1,0
1,0,1,0
1,0,1,0
1,0,1,0
1,0,1,0
1,0,1,0
2.804502661847769e-15,0.8502081834250603,0.1782467252081056,-11.05612405118659
3.850585194593781,1.205820938105376,0.1360806783030378,-15.97119953589632
4.936130869128893e-15,0.5762297717512617,0.2238969681218624,-11.04259276773852
1,0,1,0
1,0,1,0
1,0,1,0
1,0,1,0
1,0,1,0
1,0,1,0
2.804502661847769e-15,0.6757059642022334,0.2055346466276586,-10.46118758522851
2.804502661847769e-15,0.7481747383701318,0.1935273677217808,-9.860566054239619
1,0,1,0
1,0,1,0
1.028145822447522e-15,0.9375494873588686,0.1664544243333816,-9.655236110338315
1,0,1,0
1,0,1,0
1,0,1,0
1,0,1,0
1,0,1,0
4.936130869128893e-15,0.774132247922573,0.1894708681636845,-9.986735896942669
1,0,1,0
1,0,1,0
1,0,1,0
1,0,1,0
1,0,1,0
1,0,1,0
1,0,1,0
1,0,1,0
1,0,1,0
5.120504383606134,3.284745099214586,0.03496324282508217,-12.1774839529403
1,0,1,0
1,0,1,0
1,0,1,0
1,0,1,0
1,0,1,0
1,0,1,0
1,0,1,0
1,0,1,0
1,0,1,0
1,0,1,0
1,0,1,0
1,0,1,0
1,0,1,0
1,0,1,0
1,0,1,0
1,0,1,0
1,0,1,0
1,0,1,0
1,0,1,0
1.028145822447522e-15,0.714536761163334,0.1989709094158444,-9.553266440831448
1,0,1,0
1,0,1,0
1,0,1,0
1,0,1,0
4.936130869128893e-15,0.7857819058787499,0.1876893199431158,-8.474142611323426
2.093959926088373e-15,0.4228899149565315,0.2577492720247929,-9.921419806026874
1,0,1,0
1,0,1,0
1,0,1,0
1,0,1,0
1,0,1,0
1,0,1,0
1,0,1,0
1,0,1,0
1,0,1,0
3.854081125279138,1.210435308114757,0.1356229637149771,-8.998746029034455
1,0,1,0
1,0,1,0
1,0,1,0
1,0,1,0
1,0,1,0
1,0,1,0
1,0,1,0
2.804502661847769e-15,0.8584008862984582,0.1770932897216314,-8.849055576029341
1,0,1,0
1,0,1,0
2.804502661847769e-15,0.8502081653905691,0.1782467277584627,-11.31243873973008
1,0,1,0
1,0,1,0
1.028145822447522e-15,0.9462341361516451,0.1653398607962638,-10.2904338354578
1,0,1,0
1,0,1,0
1,0,1,0
1,0,1,0
1,0,1,0
1,0,1,0
1,0,1,0
1,0,1,0
2.804502661847769e-15,0.7741321407713109,0.1894708846593228,-11.333517351774
1,0,1,0
1,0,1,0
1,0,1,0
1,0,1,0
2.641044264685811,0.6970933023690016,0.2018810569200571,-11.80843324294947
1,0,1,0
1,0,1,0
1,0,1,0
1,0,1,0
1,0,1,0
1,0,1,0
1,0,1,0
1,0,1,0
1,0,1,0
4.936130869128893e-15,0.9007927488236511,0.1712846175144746,-9.908269752520594
1,0,1,0
1,0,1,0
2.804502661847769e-15,0.6201748252266235,0.2154911636449627,-10.20226136146313
1,0,1,0
2.388551897807037,0.5758542295232232,0.2239709671219152,-25.79834199340773
1,0,1,0
1,0,1,0
1,0,1,0
1,0,1,0
1,0,1,0
1,0,1,0
3.765564042250762,1.175938142921577,0.1390922314738686,-10.49365087853647
1,0,1,0
1,0,1,0
1,0,1,0
1,0,1,0
4.936130869128893e-15,0.4446063370797688,0.2524537554585969,-11.99848855582625
1,0,1,0
1,0,1,0
1,0,1,0
1,0,1,0
2.804502661847769e-15,0.5262736200043854,0.2340888670532153,-12.32732798968033
1,0,1,0
1,0,1,0
2.654873794834662,0.70355727234206,0.200795487308621,-22.91127163744341
2.804502661847769e-15,0.8368352487971098,0.1801517313621179,-4.20475668561176
2.71296414261726,0.7280341981963403,0.1967605622256546,-8.370965743962021
9.682324783204268e-17,0.5221415776463161,0.234964786483646,-4.037768098214636
2.804502661847769e-15,0.7481739564535541,0.1935274917655883,-4.235165550990996
6.728744545674702e-16,0.8575341230443829,0.1772148355031826,-3.766353306384492
1.028145822447522e-15,0.9462312175335246,0.1653402336912626,-4.515043957165816
5.840566125974614e-16,0.8890007613205206,0.1728741179229908,-3.570734190018652
2.804502661847769e-15,0.692848379747689,0.2025986138752759,-4.241429470403595
1.028145822447522e-15,0.9347798599843653,0.1668119769333269,-4.51270431581361
4.936130869128893e-15,0.8399185496715234,0.1797100333718331,-11.02188674024841
5.840566125974614e-16,0.8890007613205206,0.1728741179229908,-3.570734190018652
1.028145822447522e-15,0.8399185558876479,0.1797100324828464,-4.876486119073666
2.449231293967717e-15,0.9347798197960167,0.1668119821289867,-9.793538117957629
1.028145822447522e-15,0.6928523651158862,0.2025979384485413,-4.381921482929966
5.840566125974614e-16,0.8890007613205206,0.1728741179229908,-3.570734190018652
2.804502661847769e-15,0.8266852981334667,0.1816163820966691,-3.580003583589973
5.840566125974614e-16,0.7766709953306847,0.189080602684341,-3.555441313261114
2.804502661847769e-15,0.8066930351323496,0.1845498828195113,-4.348346210531123
2.804502661847769e-15,0.3880249974961192,0.2666696889974345,-4.515369727919814
2.804502661847769e-15,0.7134273123746215,0.1991541849577612,-4.176822858263161
1.028145822447522e-15,0.7690398755589598,0.1902571192597835,-4.072514540618522
1.028145822447522e-15,0.9765061537827702,0.161531452730333,-4.071925822709912
5.66513974283403,3.610238726991483,0.02871243795253575,-18.06888658455277
1.028145822447522e-15,0.7572396900158491,0.1920968687307174,-3.837883506531063
2.804502661847769e-15,0.8066930351323496,0.1845498828195113,-4.348346210531123
2.804502661847769e-15,0.3880249974961192,0.2666696889974345,-4.515369727919814
4.0479524494288e-15,0.5287171912142821,0.2335733393860569,-4.005512595770272
1.028145822447522e-15,0.8066929524621962,0.1845498950855269,-9.400129734540839
4.936130869128893e-15,0.5979118412148985,0.2196879321202351,-4.362077315232866
4.0479524494288e-15,0.7687363741059521,0.1903041246147541,-4.359716802041472
2.804502661847769e-15,0.6922805428466603,0.2026948825811623,-10.59836973638891
9.682324783204268e-17,0.4451418808527379,0.2523255361827016,-4.021572031809215
5.840566125974614e-16,0.6702525135531348,0.2064817916142309,-3.537909861103363
1.028145822447522e-15,0.5760604560004658,0.2239303263649541,-4.538591164095457
2.804502661847769e-15,0.7134273123746215,0.1991541849577612,-4.176822858263161
1.028145822447522e-15,0.7690398755589598,0.1902571192597835,-4.072514540618522
1.028145822447522e-15,0.7310738669761623,0.1962676638935848,-3.748032704743242
2.804502661847769e-15,0.7696633803212087,0.1901606042545842,-11.4135363352313
9.682324783204268e-17,0.4451418808527379,0.2523255361827016,-4.021572031809215
2.449231293967717e-15,0.7248283715464687,0.1972823341716882,-4.23330970193067
2.449231293967717e-15,0.7248283715464687,0.1972823341716882,-4.23330970193067
1.028145822447522e-15,0.7572396900158491,0.1920968687307174,-3.837883506531063
2.804502661847769e-15,0.5861336912700033,0.2219590514544644,-12.61478284762486
2.804502661847769e-15,0.6264301353356094,0.2143338976674353,-3.265165115537709
2.804502661847769e-15,0.7994642877952369,0.1856267934930113,-4.146674345082994
2.449231293967717e-15,0.6378412143101837,0.2122468037677945,-4.209167726415571
9.682324783204268e-17,0.4451418808527379,0.2523255361827016,-4.021572031809215
2.876485799355789,0.8043334157577142,0.1849004497254734,-10.86869425332033
2.449231293967717e-15,0.7248283715464687,0.1972823341716882,-4.23330970193067
2.449231293967717e-15,0.6092293059939013,0.2175390688666249,-4.057885525296306
1.028145822447522e-15,0.7572396900158491,0.1920968687307174,-3.837883506531063
9.682324783204268e-17,0.4451418808527379,0.2523255361827016,-4.021572031809215
4.936130869128893e-15,0.6090969343433983,0.2175640165465226,-8.984460570959792
5.840566125974614e-16,0.6702525135531348,0.2064817916142309,-3.537909861103363
2.449231293967717e-15,0.8066926030143318,0.1845499469341546,-4.684205932188733
5.840566125974614e-16,0.6264449228934854,0.2143311730316113,-3.87684921283546
1.038263951005382e-15,0.3609971872708559,0.2739764721048299,-5.147152791419705
5.840566125974614e-16,0.6702525135531348,0.2064817916142309,-3.537909861103363
2.804502661847769e-15,0.448418594278067,0.2515434484868864,-4.555123570597966
4.936130869128893e-15,0.3808995860528022,0.2685610929938236,-4.64142121504896
2.804502661847769e-15,0.6091156842436618,0.2175604825450305,-9.136725399858854
2.449231293967717e-15,0.8066926030143318,0.1845499469341546,-4.684205932188733
2.804502661847769e-15,0.6264301353356094,0.2143338976674353,-3.265165115537709
1.028145822447522e-15,0.6378412143101837,0.2122468037677945,-4.347348720097457
1.028145822447522e-15,0.6702559079374923,0.206481200083299,-3.676089158090385
2.804502661847769e-15,0.7134273123746215,0.1991541849577612,-4.176822858263161
2.804502661847769e-15,0.6264301353356094,0.2143338976674353,-3.265165115537709
4.936130869128893e-15,0.5979118412148985,0.2196879321202351,-4.362077315232866
1.038263951005382e-15,0.6923300797595218,0.2026864816391282,-11.28724663429897
4.0479524494288e-15,0.4451577423835928,0.2523217403328939,-4.633256129106968
8.005405863007662e-18,0.6092280591180046,0.2175393038411613,-3.91970515505237
2.287852447174094e-16,0.7134125247990832,0.1991566294421269,-3.565138760965407
2.804502661847769e-15,0.6264301353356094,0.2143338976674353,-3.265165115537709
2.287852447174094e-16,0.7134125247990832,0.1991566294421269,-3.565138760965407
4.936130869128893e-15,0.5979118412148985,0.2196879321202351,-4.362077315232866
2.804502661847769e-15,0.488839898324958,0.2422226280574905,-4.262759494182857
2.287852447174094e-16,0.7134125247990832,0.1991566294421269,-3.565138760965407
1.038263951005382e-15,0.6669213291796474,0.2070635176937952,-10.02349509976967
2.287852447174094e-16,0.7134125247990832,0.1991566294421269,-3.565138760965407
4.936130869128893e-15,0.8043525651309587,0.1848976009833826,-9.345544725472651
1.028145822447522e-15,0.7310738669761623,0.1962676638935848,-3.748032704743242
8.005405863007662e-18,0.6092280591180046,0.2175393038411613,-3.91970515505237
4.0479524494288e-15,0.4451577423835928,0.2523217403328939,-4.633256129106968
6.728744545674702e-16,0.7572430844005558,0.1920963358977557,-3.976062803518084
1.028145822447522e-15,0.6020654289334004,0.218895527394989,-4.69075904136719
2.804502661847769e-15,0.7134273123746215,0.1991541849577612,-4.176822858263161
2.804502661847769e-15,0.6264301353356094,0.2143338976674353,-3.265165115537709
1.028145822447522e-15,0.5287171912018174,0.2335733393886819,-3.86733329878325
3.028991070821978,0.8715342129897508,0.175265461801881,-10.71473636128432
2.804502661847769e-15,0.7134273123746215,0.1991541849577612,-4.176822858263161
6.728744545674702e-16,0.7572430844005558,0.1920963358977557,-3.976062803518084
2.804502661847769e-15,0.6378411986175614,0.2122468066169348,-10.71247756148635
2.804502661847769e-15,0.6264301353356094,0.2143338976674353,-3.265165115537709
2.287852447174094e-16,0.7671914159440547,0.1905436575546112,-3.564891795892899
1.028145822447522e-15,0.7572396900158491,0.1920968687307174,-3.837883506531063
1.028145822447522e-15,0.6020654352990995,0.2188955261839239,-4.828940031866233
2.804502661847769e-15,0.3880249974961192,0.2666696889974345,-4.515369727919814
2.804502661847769e-15,0.488839898324958,0.2422226280574905,-4.262759494182857
4.0479524494288e-15,0.5287171912142821,0.2335733393860569,-4.005512595770272
3.02291835421228,0.8676055433291161,0.1758095247456214,-11.2048548685205
2.826281810479657,0.7814740558287667,0.1883453499957651,-12.19183087516678
2.804502661847769e-15,0.7023469949323484,0.2009980959992253,-4.176822858263161
1.028145822447522e-15,0.6020654289334004,0.218895527394989,-4.69075904136719
1.028145822447522e-15,0.6020654289334004,0.218895527394989,-4.69075904136719
2.449231293967717e-15,0.6669213475674383,0.207063514476046,-4.234325743001108
1.028145822447522e-15,0.7248283878016935,0.1972823315209857,-4.647322365525156
1.038263951005382e-15,0.3609971872708559,0.2739764721048299,-5.147152791419705
2.804502661847769e-15,0.7134273123746215,0.1991541849577612,-4.176822858263161
1.028145822447522e-15,0.6702559079374923,0.206481200083299,-3.676089158090385
9.682324783204268e-17,0.4451418808527379,0.2523255361827016,-4.021572031809215
1.028145822447522e-15,0.6923835667640379,0.2026774113739473,-4.29431677737487
1.028145822447522e-15,0.6378411948048806,0.2122468073091622,-3.93333605650297
8.005405863007662e-18,0.6081151468144341,0.217749187295648,-3.91970515505237
2.663162144590667,0.7056950258153911,0.2004383371125176,-9.793924265808458
4.936130869128893e-15,0.360997099109488,0.2739764965400906,-4.535461386165846
2.449231293967717e-15,0.6378412143101837,0.2122468037677945,-4.209167726415571
6.728744545674702e-16,0.7572430844005558,0.1920963358977557,-3.976062803518084
2.804502661847769e-15,0.488839898324958,0.2422226280574905,-4.262759494182857
2.287852447174094e-16,0.7134125247990832,0.1991566294421269,-3.565138760965407
1.028145822447522e-15,0.9765061537827702,0.161531452730333,-4.071925822709912
2.804502661847769e-15,0.6701017739142507,0.2065080631594741,-9.452089530483294
2.804502661847769e-15,0.6261460701418606,0.2143862473778129,-8.636578561449094
1.038263951005382e-15,0.3609971872708559,0.2739764721048299,-5.147152791419705
2.804502661847769e-15,0.597908445845448,0.2196885816732581,-4.223898018245844
2.287852447174094e-16,0.7134125247990832,0.1991566294421269,-3.565138760965407
2.804502661847769e-15,0.6264301353356094,0.2143338976674353,-3.265165115537709
1.028145822447522e-15,0.6378411948048806,0.2122468073091622,-3.93333605650297
2.804502661847769e-15,0.6261593307269564,0.2143838031859344,-8.698599407660017
5.840566125974614e-16,0.6264449228934854,0.2143311730316113,-3.87684921283546
9.682324783204268e-17,0.4451418808527379,0.2523255361827016,-4.021572031809215
4.936130869128893e-15,0.3609973281636094,0.2739764330542744,-10.66704805425061
4.936130869128893e-15,0.7667055458543786,0.1906190757960642,-14.54831438638764
2.287852447174094e-16,0.7134125247990832,0.1991566294421269,-3.565138760965407
5.840566125974614e-16,0.6702525135531348,0.2064817916142309,-3.537909861103363
1.028145822447522e-15,0.7248283878016899,0.1972823315209863,-4.50914137184327
2.804502661847769e-15,0.7134273123746215,0.1991541849577612,-4.176822858263161
1.028145822447522e-15,0.7572396900158491,0.1920968687307174,-3.837883506531063
2.161907344964872,0.4647272477090709,0.2477114675381038,-13.52101852545362
1.038263951005382e-15,0.8062270176613424,0.1846190452559761,-11.8608490180791
5.840566125974614e-16,0.6702525135531348,0.2064817916142309,-3.537909861103363
2.804502661847769e-15,0.8066929744545241,0.18454989182246,-9.554030735728253
1.028145822447522e-15,0.6872190108419076,0.2035559560238758,-4.337918485775859
4.936130869128893e-15,0.5979118412148985,0.2196879321202351,-4.362077315232866
3.347097057354115,1.006085345778892,0.1579212495345831,-8.847848236994025
2.287852447174094e-16,0.7671914159440547,0.1905436575546112,-3.564891795892899
4.0479524494288e-15,0.5287171912142821,0.2335733393860569,-4.005512595770272
2.804502661847769e-15,0.6923869665197024,0.202676834867303,-4.432496074361892
3.223266034304237,0.9537332226098236,0.164385427329004,-8.337623042511773
1.028145822447522e-15,0.6872190108419076,0.2035559560238758,-4.337918485775859
6.728744545674702e-16,0.7572430844005558,0.1920963358977557,-3.976062803518084
5.840566125974614e-16,0.6702525135531348,0.2064817916142309,-3.537909861103363
1.028145822447522e-15,0.7248283878016935,0.1972823315209857,-4.647322365525156
2.804502661847769e-15,0.6872202600719692,0.2035557428436739,-4.476097782762881
2.287852447174094e-16,0.7671914159440547,0.1905436575546112,-3.564891795892899
1.028145822447522e-15,0.7690398755589598,0.1902571192597835,-4.072514540618522
2.804502661847769e-15,0.488839898324958,0.2422226280574905,-4.262759494182857
2.804502661847769e-15,0.6331754257896591,0.213096466875642,-10.55852155359209
1.028145822447522e-15,0.7310738669761623,0.1962676638935848,-3.748032704743242
5.840566125974614e-16,0.6702525135531348,0.2064817916142309,-3.537909861103363
1.028145822447522e-15,0.7690398755589598,0.1902571192597835,-4.072514540618522
2.449231293967717e-15,0.6378412143101837,0.2122468037677945,-4.209167726415571
1.028145822447522e-15,0.5287171912018174,0.2335733393886819,-3.86733329878325
6.728744545674702e-16,0.7572430844005558,0.1920963358977557,-3.976062803518084
2.804502661847769e-15,0.6923869665197024,0.202676834867303,-4.432496074361892
5.552583369844147,3.545943910167757,0.0298455978641271,-11.85317836169583
1.038263951005382e-15,0.6669213305324533,0.2070635174570626,-9.181825173930063
4.0479524494288e-15,0.5287171912142821,0.2335733393860569,-4.005512595770272
4.0479524494288e-15,0.7687363741059521,0.1903041246147541,-4.359716802041472
1.028145822447522e-15,0.7572396900158491,0.1920968687307174,-3.837883506531063
2.804502661847769e-15,0.7130811069806988,0.1992114263976587,-8.782022939775203
1.028145822447522e-15,0.7248283729972194,0.1972823339351175,-11.57667128571433
2.804502661847769e-15,0.3473537304618084,0.277807477593172,-4.029737117737106
1.028145822447522e-15,0.6702559079374923,0.206481200083299,-3.676089158090385
1.028145822447522e-15,0.6702559079374923,0.206481200083299,-3.676089158090385
1.028145822447522e-15,0.689481421416394,0.2031704122870574,-5.166814965142777
1.038263951005382e-15,0.5976547095825566,0.2197371311696426,-16.72452605709817
2.804502661847769e-15,0.444825578501046,0.2524012514474559,-9.302468253697823
2.449231293967717e-15,0.6092293059939013,0.2175390688666249,-4.057885525296306
3.22268163985142,0.9528588131726003,0.1644963385378738,-14.46899803752417
2.804502661847769e-15,0.7702851191022617,0.1900644314772388,-9.155027002728188
2.449231293967717e-15,0.6669213475674383,0.207063514476046,-4.234325743001108
2.804502661847769e-15,0.7134273123746215,0.1991541849577612,-4.176822858263161
8.48884454792928e-15,0.3621894290020009,0.2736463950031515,-11.35423534514967
3.230411694174826,0.9567116741978978,0.1640083810211206,-9.496370888997568
2.804502661847769e-15,0.488839898324958,0.2422226280574905,-4.262759494182857
2.449231293967717e-15,0.8066926030143318,0.1845499469341546,-4.684205932188733
4.0479524494288e-15,0.5287171912142821,0.2335733393860569,-4.005512595770272
2.804502661847769e-15,0.6264301353356094,0.2143338976674353,-3.265165115537709
1.028145822447522e-15,0.7572396900158491,0.1920968687307174,-3.837883506531063
2.804502661847769e-15,0.3880249974961192,0.2666696889974345,-4.515369727919814
2.449231293967717e-15,0.6092293059939013,0.2175390688666249,-4.057885525296306
4.936130869128893e-15,0.360997099109488,0.2739764965400906,-4.535461386165846
2.804502661847769e-15,0.3880249974961192,0.2666696889974345,-4.515369727919814
8.005405863007662e-18,0.6092280591180046,0.2175393038411613,-3.91970515505237
1.873180087232287e-15,0.5760604579806614,0.2239303259747749,-4.676772157777343
2.804502661847769e-15,0.597908445845448,0.2196885816732581,-4.223898018245844
1.028145822447522e-15,0.7248283878016935,0.1972823315209857,-4.647322365525156
2.287852447174094e-16,0.7671914159440547,0.1905436575546112,-3.564891795892899
2.804502661847769e-15,0.488839898324958,0.2422226280574905,-4.262759494182857
1.028145822447522e-15,0.6872190108419076,0.2035559560238758,-4.337918485775859
2.804502661847769e-15,0.597908445845448,0.2196885816732581,-4.223898018245844
4.936130869128893e-15,0.3808995860528022,0.2685610929938236,-4.64142121504896
1.028145822447522e-15,0.6020654289334004,0.218895527394989,-4.69075904136719
1.028145822447522e-15,0.6872190108419076,0.2035559560238758,-4.337918485775859
2.449231293967717e-15,0.6669213475674383,0.207063514476046,-4.234325743001108
2.808346033810284,0.7732901268187611,0.1896005729375474,-10.70172712788888
4.936130869128893e-15,0.3808995860528022,0.2685610929938236,-4.64142121504896
4.936130869128893e-15,0.3808995860528022,0.2685610929938236,-4.64142121504896
2.449231293967717e-15,0.8066926030143318,0.1845499469341546,-4.684205932188733
4.936130869128893e-15,0.5979118412148985,0.2196879321202351,-4.362077315232866
2.449231293967717e-15,0.6092293059939013,0.2175390688666249,-4.057885525296306
1.028145822447522e-15,0.9765061537827702,0.161531452730333,-4.071925822709912
2.804502661847769e-15,0.3880249974961192,0.2666696889974345,-4.515369727919814
1.028145822447522e-15,0.7248283878016935,0.1972823315209857,-4.647322365525156
2.804502661847769e-15,0.6872202600719692,0.2035557428436739,-4.476097782762881
9.682324783204268e-17,0.4451418808527379,0.2523255361827016,-4.021572031809215
5.840566125974614e-16,0.6264449228934854,0.2143311730316113,-3.87684921283546
2.804502661847769e-15,0.8066930357618833,0.1845498827261055,-4.486527204213009
1.028145822447522e-15,0.6702559079374923,0.206481200083299,-3.676089158090385
8.005405863007662e-18,0.6092280591180046,0.2175393038411613,-3.91970515505237
4.0479524494288e-15,0.7687363741059521,0.1903041246147541,-4.359716802041472
2.804502661847769e-15,0.6872202600719692,0.2035557428436739,-4.476097782762881
1.028145822447522e-15,0.6702559079374923,0.206481200083299,-3.676089158090385
8.005405863007662e-18,0.6092280591180046,0.2175393038411613,-3.91970515505237
2.804502661847769e-15,0.6872202600719692,0.2035557428436739,-4.476097782762881
8.005405863007662e-18,0.6092280591180046,0.2175393038411613,-3.91970515505237