dN/dS,LRT,p-value,Log(L)
3.17603086687411e-16,9.655034612273262,0.0009441666772774804,-4.058922434126995
0.3225058486211989,1.900801288712447,0.083994328413455,-13.45503101226193
0.3144708554971642,2.014297697862688,0.07791167877794303,-37.89109327649324
1.011686611303146,0.0003932186491510947,0.4920895961179687,-28.2669286270037
0.3322138037581931,1.784406719719463,0.0908045682194854,-27.22494461988262
9.682324783204268e-17,7.255534236521264,0.003534142043814692,-16.29570615407329
1.052149453965303,0.005013727692627867,0.4717754092997694,-18.38827047856262
9.555848176237971e-17,7.943940786172744,0.0024124325028827,-5.262403031233574
0.7574514381340514,0.1674803895293024,0.3411804211211349,-30.45394274504097
5.840566125974614e-16,5.996036737039653,0.007169026252761279,-11.03077953767603
1.738688558207614e-15,3.487624035219884,0.03091463241391412,-13.73534354906939
0.5880294295434931,0.6679466514670693,0.2068842075291606,-31.66329519412302
9.682324783204268e-17,3.489038271580831,0.03088823193854556,-24.11090952704347
1.531834214415489,0.780639986212563,0.1884727403807727,-45.33614796446315
0.3452082745722838,1.646935947576097,0.09968823931971837,-25.97689174085924
0.5547322604954833,0.8396069467925571,0.1797546042374295,-37.07127199097719
0.4396583760189774,0.8925364973612382,0.1723954328380209,-14.1919211287361
0.6095347412186727,0.5695588237322724,0.2252171406926019,-28.05818773170632
3.690955015465192,12.39569142297864,0.0002151628116639492,-114.6825398856531
9.555848176237971e-17,6.920822956379546,0.004259887959540132,-11.07451606338801
0.4842389569295306,1.336822600226583,0.123797543652587,-39.16268539172667
0.2806264825782905,2.552194885296593,0.0550705742286357,-8.842846981306119
0.7588948113802638,0.2458699902556276,0.3099991379421114,-27.63655655835749
0.5752082609226604,0.7267791853893186,0.1969645881211607,-36.64227363622041
0.2352838460845658,3.555580147561706,0.02967277971244592,-19.43327142145837
1.744591645650631,1.518346798438259,0.1089349217520185,-63.37747048051909
1,0,1,0
1.509335710014904,0.7260129070855896,0.1970893106739434,-50.87086336475326
1.028145822447522e-15,3.712874465305262,0.02699716499174537,-19.86485018629429
1,0,1,0
9.682324783204268e-17,6.086913771191163,0.006809338350083405,-17.68190642263192
9.682324783204268e-17,8.638370798983999,0.001645778254809827,-28.44262106409015
0.8420607740301932,0.09243193004973449,0.3805539654788905,-25.83988003524111
1,0,1,0
1,0,1,0
9.682324783204268e-17,7.078632198516829,0.003900426653742739,-20.68258627308047
1,0,1,0
2.731941657024047e-16,6.978306612587829,0.004125181937939759,-11.73421953968341
9.682324783204268e-17,8.307522452638089,0.001974060534600863,-23.11429290081769
5.840566125974614e-16,6.740682434552141,0.004711928428183965,-31.95759994752434
1.050040863305808,0.00926622078613093,0.461656558472436,-30.45180335204167
5.840566125974614e-16,7.078636246171101,0.003900417843196113,-20.48749829523961
1,0,1,0
1,0,1,0
5.840566125974614e-16,6.382411733029119,0.005762835537522271,-13.71265798016008
0.5943165332146267,0.6380954087287449,0.2122006599555641,-36.6831282789908
2.943781468582876,8.186723050997742,0.002109903954286507,-62.55446681831111
9.555848176237971e-17,7.959954811395786,0.002391180405348137,-10.94224579469537
0.8803172923301905,0.03333687853729828,0.4275622611160155,-36.85344533772577
1,0,1,0
9.555848176237971e-17,7.550157503726638,0.003000241474421961,-10.5430848996979
3.17603086687411e-16,7.078642618978304,0.00390040397152025,-15.52899814289732
1,0,1,0
1,0,1,0
9.682324783204268e-17,7.722427423579646,0.002726950858368049,-18.02394855604238
1,0,1,0
1.028145822447522e-15,7.550423181162145,0.002999799162955064,-54.01682997992086
4.936130869128893e-15,3.716249806336549,0.0269426347922469,-35.7436490418045
0.2816019666021785,2.531275982934421,0.05580496533905654,-13.63678642503625
9.555848176237971e-17,4.5468344860526,0.01648983236660762,-11.22509510227118
2.122845556042105,3.495127046779118,0.03077484267283498,-49.87630861166461
0.6654999320711197,0.3767096534148209,0.2696847279941711,-34.15755310074491
0.7774662467777111,0.1359367004334402,0.3561771855057306,-23.17635455584179
0.8633057660877258,0.0668501994032269,0.3979896683581604,-24.63554387855933
0.229605236467725,3.716438400882758,0.02693959140391083,-19.04189777279838
1.059319307284949,0.01289758858771961,0.4547903058126687,-22.87952571261255
1,0,1,0
6.728744545674702e-16,7.253898545990907,0.003537362588710458,-19.46520351136241
3.278220498351335,11.5480139462403,0.0003391083298188713,-66.89322150289448
0.4736388591525367,1.43174399522114,0.1157400141916103,-29.8082584632109
1,0,1,0
0.2786534043502361,2.586251050280033,0.05389760410482336,-17.43918645582062
0.8879469676939149,0.02885446572349792,0.4325577512878091,-26.24185925237117
0.3120874238042649,2.046963762422315,0.07625503687299373,-20.69797038777007
0.3180138776472305,1.977199268480966,0.07984288462847072,-16.16014599876978
9.555848176237971e-17,7.959754342745658,0.002391445263600966,-10.30249272801589
3.17603086687411e-16,8.330309234328791,0.001949451017680237,-13.92858345088129
1.354925348146728,0.41062646936156,0.2608258527332514,-48.53587713191948
0.2852995717658419,2.455168637683265,0.05856929394163818,-29.11777672059689
9.682324783204268e-17,7.253893015654945,0.003537373482587647,-19.12309596760096
1,0,1,0
9.682324783204268e-17,3.71287158068823,0.02699721164404451,-22.3297332661558
0.2448765612048722,3.296860937259098,0.03470620618136511,-12.07675089397603
1,0,1,0
0.5188751945077992,1.068048166062802,0.1506933677085748,-22.92675611862595
2.287852447174094e-16,3.712514935405107,0.02700298025065773,-12.52469290192746
1.028145822447522e-15,3.90473022656623,0.02407517874640169,-18.86390574125349
9.555848176237971e-17,8.332078761257023,0.001947553054206685,-28.95674934005758
9.555848176237971e-17,7.960036319151371,0.002391072726223353,-12.04105387392121
1,0,1,0
0.8491935723459325,0.05567182487874334,0.4067362094138042,-32.26927802321069
1,0,1,0
2.731941657024047e-16,7.959875634804668,0.002391285009523403,-11.21254995091578
0.6988140870943755,0.429897101193518,0.2560197217365923,-31.16721923665219
0.3241330010214584,1.896264733560962,0.0842485054149909,-20.54722356960476
1,0,1,0
0.5749976097645535,0.7267411035756197,0.1969707837898038,-34.91362251414682
5.840566125974614e-16,6.569441917606348,0.00518722386942172,-10.60354673355527
0.2992230250046879,2.241382445856672,0.06718040355290722,-30.6131601319404
1,0,1,0
5.114956077737342e-17,7.959995508390254,0.002391126640316321,-11.3470404687975
9.682324783204268e-17,6.276980423310281,0.006115817198988405,-13.14993135702729
1,0,1,0
0.5660776120676935,0.7768436317416203,0.1890541055390682,-25.20732315388038
1,0,1,0
2.804502661847769e-15,4.806769355364523,0.01417407127188303,-32.33451402125765
0.4729385642295859,1.438208313832121,0.115214747216125,-32.41253834937928
0.6353282487788148,0.4754366453994194,0.2452483161598457,-17.12160773036684
0.5196889897414705,1.061780955034827,0.15140467085327,-30.59881820992435
1.045804699098359,0.005815467070817704,0.4696064386089968,-27.09822382499042
1,0,1,0
1.165613248911283,0.08712512241197601,0.3839321426407029,-33.80253094525233
3.17603086687411e-16,7.253819450966468,0.003537518396516504,-11.01593248716082
0.3633641254577325,1.456187346449767,0.1137688647169165,-21.20612894095345
3.17603086687411e-16,6.92082301681851,0.004259887815567298,-31.89562716821056
5.840566125974614e-16,5.491522507109831,0.009554447759967277,-11.42914931110143
0.266380853568164,2.838268613314881,0.04602167151190778,-28.70679995603029
3.17603086687411e-16,7.078636246072257,0.003900417843411275,-12.7418601346846
0.2882245417629828,2.427675735428473,0.05960476762218209,-23.13512630328453
3.17603086687411e-16,7.959900830047442,0.002391251722315746,-11.5670317116835
1,0,1,0
5.840566125974614e-16,7.722427423746133,0.002726950858116584,-25.8333523110374
0.3429677049684006,1.679334740776568,0.09750643666507341,-36.50037433134171
9.682324783204268e-17,6.276980382994253,0.006115817338128882,-12.45424031077358
9.682324783204268e-17,8.15725201635891,0.002144465417965091,-41.84168638906004
1,0,1,0
2.804502661847769e-15,3.708514573430215,0.02706777418700806,-24.6508921471852
0.2813403992687467,2.536136047455258,0.05563338917094113,-21.86523713560152
3.17603086687411e-16,7.722427423907256,0.002726950857873223,-14.79364518526504
0.3844836199121539,1.273771563205457,0.1295301639658146,-37.48738514261058
2.804502661847769e-15,6.024953839466804,0.007052500316768184,-38.32254203729487
3.17603086687411e-16,8.664632103748847,0.001622227494990469,-13.59517831458529
0.3977138779174497,1.31498667809598,0.125746885560265,-14.88691211295643
2.804502661847769e-15,3.712706097668899,0.02699988810880083,-41.20628980241392
3.17603086687411e-16,7.54454232936774,0.003009605445219887,-12.75333410464378
1,0,1,0
1.522858914437554,0.7594900111029546,0.191744084771415,-36.719750125381
1.835406867451319,1.801138216363853,0.0897874755129599,-56.0638295576435
1,0,1,0
1.450446563579899,0.7181035274651464,0.1983833459898678,-47.75483196128152
1,0,1,0
1,0,1,0
1,0,1,0
1.857625923326075,1.840216724431002,0.08746277400658736,-54.64402946544769
9.555848176237971e-17,8.305905617857579,0.001975818664923024,-11.80410701640645
9.555848176237971e-17,7.078649450641626,0.003900389101109292,-7.691680278209762
0.2920460867584582,2.364272795095697,0.0620708754629925,-9.672798255350001
1,0,1,0
0.2819673799470874,2.52968204894907,0.05586136318540164,-44.78329626204048
9.555848176237971e-17,8.305910279564976,0.001975813593538656,-16.95081606656726
0.3123336437123083,2.062621615582763,0.07547513727994837,-24.61659726667308
9.555848176237971e-17,8.454783657928168,0.001820422772504826,-28.07204622094789
0.3505087547292227,1.60058847052828,0.1029099179422088,-26.88780982168246
0.2580545650062483,3.002110938624348,0.04157805227476585,-18.42741475358147
1,0,1,0
1.796169790862858,1.953095592888019,0.08112683068356108,-51.24362841985269
0.2438176063255577,3.330692442047102,0.03399912053986998,-26.42128982201264
1.8140401123561,2.014824133872096,0.07788465916550902,-59.36326320969886
1,0,1,0
2.697724249823648,6.456346253676202,0.005527837292093274,-57.36447709858987
1.887195450018004,2.249832267224505,0.0668144431913798,-59.40059726125993
1,0,1,0
9.555848176237971e-17,6.154068413040296,0.006555507782848136,-10.85016498684362
9.682324783204268e-17,6.153949961797153,0.006555946833379567,-17.52669648403216
0.2352741809307052,3.55584712076919,0.02966800693750093,-13.77129402654173
1.58360040733479,1.065552203745767,0.1509761316272955,-64.24377115699988
6.728744545674702e-16,3.854272154382095,0.02480972568140566,-20.05223933598718
9.555848176237971e-17,6.978187787552759,0.00412545584783397,-11.60397262535956
1,0,1,0
4.936130869128893e-15,3.902487690795994,0.02410733225868833,-35.91665878076009
0.6511867647815988,0.4256477268006051,0.2570661534252506,-17.72241693912762
0.8834178463041336,0.04745167304413656,0.4137792070172809,-58.06808888871082
0.555915487768313,0.4172643277523207,0.2591526287740098,-27.46059917773048
0.2955303302925587,2.290213699221265,0.06509599832781526,-14.94655234159602
0.6837949745401221,0.3267440880191188,0.2837913029876251,-19.59019843212092
5.840566125974614e-16,6.562911660407273,0.005206292836226423,-19.58517900015107
9.682324783204268e-17,5.491505702492425,0.009554539592277755,-18.62132972628139
0.2887166223634604,2.41921210585614,0.05992759980775852,-19.52534487855597
0.5426935609047494,0.914697951753169,0.169435489521318,-25.06935251929414
0.5615174790701404,0.3786186889060801,0.2691717096463164,-30.23985344041942
5.840566125974614e-16,6.977958222495317,0.004125985083128947,-22.34624237051348
0.2810273797129196,2.53843929289944,0.05555227990453721,-41.94245793689634
0.295459607523506,2.29653077173333,0.06483166030059179,-14.76129308758844
1,0,1,0
3.17603086687411e-16,6.92046619365389,0.004260737897832989,-12.02074598290654
1,0,1,0
0.2850595667510413,2.462826585091474,0.05828442214013257,-12.15053851473729
0.2626358418602107,2.900170326003533,0.04428509671163189,-32.43672631909155
1.309053596801194,0.191468747905148,0.3308484962750405,-43.91744946990694
9.682324783204268e-17,6.153915740394005,0.006556073683816221,-17.17612362538378
5.840566125974614e-16,7.959994630124392,0.002391127800585369,-11.33925172040072
3.17603086687411e-16,6.568483663248536,0.005190017573051153,-9.373758315615257
1.028145822447522e-15,3.902757493441605,0.02410346142716596,-19.23532954042675
1,0,1,0
0.3120770243348653,2.047095231591321,0.07624845066972152,-13.58889626413218
1,0,1,0
9.555848176237971e-17,8.663009036045764,0.001623673058789354,-24.04823741360718
2.287852447174094e-16,7.078649474003804,0.003900389050257191,-18.83215238411229
9.555848176237971e-17,7.157952943831408,0.003731616139597937,-10.91098785394601
2.287852447174094e-16,7.157779906489914,0.003731976151753136,-23.04635305518885
2.287852447174094e-16,6.920601122558026,0.004260416427810221,-30.4235140222056
1.417300456119647,0.6368088950094659,0.2124343551632028,-66.55140964271595
3.17603086687411e-16,6.740686659139762,0.004711917270055987,-15.93251760008101
0.5203015107217783,1.057494612530576,0.151893651042202,-20.10097832543782
5.840566125974614e-16,6.568982300069116,0.005188563650178502,-9.261496815120243
1,0,1,0
2.731941657024047e-16,4.544857570725441,0.01650888446795057,-4.954050849462851
1.591915938511981,0.9112939002554299,0.1698856709566628,-65.02811146474018
1.32392853317812,0.2796806227520676,0.2984553121649182,-35.48806848771508
2.759231551898467,3.712882764154017,0.02699703077670162,-72.09785665501607
1,0,1,0
0.5399130129179943,0.9338768920932452,0.1669287696615247,-23.33825877057067
1,0,1,0
1.983686782107421,2.192167414519758,0.06935700046524773,-50.61801920442771
0.7137712296014012,0.2517056660806318,0.3079383090517656,-22.29707526050689
9.555848176237971e-17,8.330037181482854,0.001949742983625991,-7.453813402324512
0.5126527036258739,1.10960018113235,0.1460844384224192,-18.58113726586507
0.9361768092310544,0.01314902007983676,0.4543536730935567,-44.0683957947283
0.2916574248868062,2.360499338093916,0.06222117532319499,-23.66764079907031
3.17603086687411e-16,7.078639132144787,0.003900411561297112,-29.81564930645574
3.17603086687411e-16,6.025694691672207,0.007049540676692168,-11.96528928097982
1,0,1,0
1,0,1,0
1.028145822447522e-15,7.813808296568681,0.002592426326638031,-34.13900589010485
1,0,1,0
2.731941657024047e-16,4.544724306806469,0.01651016959742041,-10.87016245799464
0.4397053935879018,0.8922682298627151,0.1724316892702024,-13.70778445209756
0.8317626782689452,0.1056678227813563,0.3725656078969001,-37.01267131048163
1.028145822447522e-15,7.078628237992433,0.003900435274653113,-36.61239319168847
0.3120016679873299,2.048123881202955,0.07619694071005045,-18.57509222867164
1.028145822447522e-15,6.920601098407147,0.004260416485347807,-41.49481566005566
2.731941657024047e-16,6.978113351652979,0.004125627443455238,-10.56550751088643
0.6292752856791213,0.4943797937829757,0.2409900283546326,-26.95838915533108
9.555848176237971e-17,8.32976489274315,0.00195003524727605,-13.39400221976018
1.004467595641318,5.821900535352142e-05,0.4969560448970468,-47.68575597342404
9.682324783204268e-17,7.811015145784999,0.002596436270431934,-10.90146344335673
3.024092751514891,8.557075826440325,0.001720909086452282,-73.68138750886824
0.2686805654441011,2.779279264844646,0.04774556608486902,-34.46118709235161
1.085199978147369,0.02591454538992366,0.4360545948009545,-35.82016792632746
2.731941657024047e-16,8.156756554311823,0.00214505135931059,-12.63652948762755
6.034449381576072,37.63056801584469,4.274706699725073e-10,-115.6187353428534
0.6190621981923017,0.536434328673522,0.2319571122943163,-36.28315677415792
0.2910127926007812,2.386775771603993,0.06118288726598942,-15.14596680434719
1,0,1,0
0.2654868381227953,2.846784993093152,0.04577843059373787,-18.02938827512811
0.5091165934037916,1.132859393543946,0.1435831230034802,-18.84544515586419
1,0,1,0
2.804502661847769e-15,6.381465304395675,0.005765909307026473,-35.48143402126119
4.730343101349462e-16,5.491522507098068,0.009554447760031559,-11.2761221248962
1,0,1,0
3.17603086687411e-16,6.740682401393663,0.004711928515763408,-14.79992897643141
1,0,1,0
0.281799919793139,2.528188639238238,0.05591426113863684,-42.53343359360573
1,0,1,0
0.288305673184427,2.426343809828055,0.05965544402934214,-47.06444272470394
3.17603086687411e-16,8.305497812419144,0.001976262360099679,-11.39791354147871
1,0,1,0
0.4928736087077124,1.26017761415013,0.1308087366968713,-21.4240482169469
5.840566125974614e-16,6.276980409896527,0.00611581724528254,-12.80199442188709
1.028145822447522e-15,3.901239284028897,0.02412525156816347,-25.86336466200052
5.840566125974614e-16,6.382430500614937,0.005762774601988985,-17.00164356273886
1.169289544169353,0.09061692879123484,0.3816971593467777,-38.20153232723641
9.555848176237971e-17,8.455524920289889,0.001819680987878769,-18.41448010290588
3.17603086687411e-16,6.740678245871589,0.004711939491499673,-11.24592899014923
9.682324783204268e-17,8.66186233412332,0.001624695142808164,-23.64319770403654
3.17603086687411e-16,6.978106380674543,0.004125643513889166,-10.50685453125689
2.287852447174094e-16,3.712104486289949,0.02700962073081409,-12.4511622498749
0.3120878682065431,2.046950960330335,0.07625567825308038,-14.28353397581822
5.840566125974614e-16,7.722427402469698,0.002726950890253044,-21.03650839007932
4.730343101349462e-16,6.920823016818648,0.004259887815566965,-12.33077437035788
5.840566125974614e-16,7.795438770020695,0.002618914473739686,-26.89505753695881
9.555848176237971e-17,8.665016227631263,0.001621885571575221,-19.43207855072061
5.840566125974614e-16,5.491522771317378,0.009554446316157705,-18.28667061779609
5.840566125974614e-16,6.154215602710011,0.006554962252787289,-12.1189550084075
1,0,1,0
0.2446743382431363,3.301736278101849,0.03460334752327227,-10.67670743308828
3.000747067434049,5.969344721756727,0.007278344571513773,-46.47844310295242
1.200732528905228,0.1540496900675379,0.3473474923718773,-38.7013004333763
0.2297579422095596,3.71167371557349,0.02701659184619515,-25.47924489866916
0.610419571242213,0.565938141436348,0.2259387602601899,-34.0908377975635
0.2352491240663378,3.556534193175331,0.02965572765267649,-20.10950283905362
5.840566125974614e-16,5.174550312826732,0.01146005166794972,-11.09699081435929
1,0,1,0
0.1934261168983857,4.98652128350593,0.01277275735578842,-13.33796370895681
2.287852447174094e-16,7.811736108058746,0.00259540062716429,-31.30688840197459
3.17603086687411e-16,5.173325964314948,0.01146813086369353,-12.70806585750763
1,0,1,0
1,0,1,0
0.3001119627554669,2.243656612896906,0.06708168984988594,-25.03118538758919
1,0,1,0
0.231295389600868,3.67962070587788,0.02754068950602884,-26.82704472950858
0.6016119881302389,0.6068527929081355,0.2179876280069917,-23.54331837116985
9.555848176237971e-17,7.253883936520406,0.003537391367104625,-11.48268691095899
0.8818267296490101,0.04837223383549372,0.4129601543475939,-47.44265032156772
1,0,1,0
1.070848954204456,0.01789792615299746,0.4467870333775033,-35.54354477808587
2.731941657024047e-16,7.253838631823395,0.003537480611861987,-10.79493696239664
0.6298710724010589,0.4918710051953852,0.2415469384936205,-21.82632465002277
3.17603086687411e-16,6.740700534445359,0.004711880622305875,-18.92725144052151
1,0,1,0
1,0,1,0
9.555848176237971e-17,8.306184598071816,0.001975515190878407,-11.79760290925081
1,0,1,0
0.3122005029168311,2.045361567656798,0.07633535373915307,-23.36673622452463
0.8773485706093209,0.05296139583899162,0.4089940440931651,-29.67991134116428
1,0,1,0
0.2498995334668583,3.181001365380432,0.03724953059183661,-21.92970849577574
2.287852447174094e-16,6.568506992264275,0.005189949541104022,-16.15497639081787
5.840566125974614e-16,6.9206475751661,0.004260305759557992,-24.58565268159531
5.840566125974614e-16,6.147487176064885,0.006579947626746019,-21.10380908536946
2.731941657024047e-16,4.544781365213723,0.01650961934236561,-11.42947391210324
5.840566125974614e-16,6.978022018529927,0.004125838001890481,-16.77288974696378
0.2814430612990897,2.534564044907924,0.05568882239122519,-18.42555381706376
0.2850990500770895,2.462187468585011,0.0583081383214869,-13.29494481264268
0.4957211638146555,1.24616694964093,0.1321429169609165,-28.39669458077155
0.3120766432210526,2.047106474693649,0.07624788745459321,-19.59926290535862
0.2954407706518096,2.29698774296827,0.06481258478601959,-13.62343902033673
5.840566125974614e-16,5.491505702734095,0.00955453959095709,-24.24253050089028
5.840566125974614e-16,8.638852517043276,0.001645343143535316,-16.91831289649419
0.2579273377136688,3.004937935877749,0.04150557816334338,-17.87728533571148
5.840566125974614e-16,7.253765252694777,0.003537625164724278,-16.79284693196654
3.17603086687411e-16,6.920823022990003,0.004259887800866058,-13.55602277651812
9.682324783204268e-17,7.814569297617524,0.002591334901778986,-11.9398898574002
9.682324783204268e-17,5.491522507118699,0.009554447759918816,-11.62178213561966
1.146518491235937,0.0699701672852342,0.395690110719838,-54.70785317743982
0.3028985975620223,2.174108268453544,0.07017542397981119,-27.63639760115285
1,0,1,0
1.334811102222552,0.3700250087435393,0.2714953182924137,-37.67900091718072
9.555848176237971e-17,6.740700509881449,0.004711880687184311,-12.92559323637282
2.804502661847769e-15,3.712859714388784,0.02699740355608593,-51.34675320230313
2.731941657024047e-16,6.56875446831395,0.005189227909106642,-4.166247529497539
2.657134453691421,3.475201279891763,0.03114757150075792,-64.64841754282314
2.731941657024047e-16,7.548381454329585,0.003003200029282505,-5.454104965807288
3.17603086687411e-16,6.591221116838824,0.005124142631982243,-21.02990775974448
0.2448572837331148,3.305073012346725,0.03453313805380609,-40.29129472788012
3.17603086687411e-16,9.995953132919293,0.0007844230372307526,-4.058922434126995
5.840566125974614e-16,5.689587439767109,0.008532933130506293,-24.45653752121008
3.17603086687411e-16,6.77822374049498,0.004613833679290469,-4.589767014670983
0.2896236916928081,2.392235888590413,0.06096955640257151,-27.99263328379886
2.731941657024047e-16,6.722972556237409,0.004758943090935719,-5.926481815908632
0.2712112702985977,2.719668845421204,0.04955928874053284,-14.3343265247117
0.3118770093049422,2.043316317435018,0.07643801995573052,-12.09765803808213
0.4526214244618444,0.82100804162895,0.1824428014981199,-26.36911839379229
4.004733053112191e-17,6.547790263821547,0.005250725162053216,-5.614411348208201
4.004733053112191e-17,7.587082373723437,0.002939400819580329,-4.745384411504315
3.17603086687411e-16,8.417070774970952,0.001858570906747015,-10.77023863814594
0.2525719575804775,3.111260843455376,0.0388763742764992,-13.74314401192382
2.287852447174094e-16,5.971694373287004,0.00726865296764484,-13.16212398632403
0.477601056794337,1.395719265309474,0.1187208110741587,-23.60880876918512
9.555848176237971e-17,7.501587044931341,0.003082232350666236,-5.445264982936221
5.840566125974614e-16,7.629507789781464,0.002871048552148592,-13.79442011816794
9.682324783204268e-17,7.501590642330164,0.003082226194041138,-29.50333150016375
6.728744545674702e-16,8.417070318812385,0.001858571373053841,-21.88234379959073
9.555848176237971e-17,5.978527282556211,0.007240544691563877,-5.54297267010886
6.740639792367023e-18,7.881056878807919,0.00249776387664058,-3.877265193682016
3.17603086687411e-16,7.333886718830669,0.003383328793805152,-10.5141211864452
9.555848176237971e-17,6.778142207024999,0.004614044442896537,-10.87770694728446
9.555848176237971e-17,8.417070379868848,0.001858571310639046,-5.765903943074837
0.5230848060183699,0.5232293615946624,0.2347336849223559,-12.96180927759621
2.287852447174094e-16,7.334303493643219,0.003382544407956045,-16.34816040576126
3.17603086687411e-16,8.0683569993259,0.002252247125076101,-26.39401941758346
3.17603086687411e-16,9.982733728140236,0.0007900745681330146,-4.058922434126995
1.483952309616009,0.663239136844183,0.2077093649871417,-48.8698922771094
9.555848176237971e-17,7.725492914442183,0.002722324668010867,-6.796764519727026
5.840566125974614e-16,8.417070364715755,0.001858571326129266,-17.93662134939938
2.804502661847769e-15,3.826575946545063,0.02522294373329248,-4.547588191798568
9.682324783204268e-17,5.334315601710259,0.01045477427219765,-29.40015031831616
5.840566125974614e-16,8.417070375215499,0.001858571315395907,-12.05486874631324
9.555848176237971e-17,5.978527282556211,0.007240544691563877,-5.54297267010886
9.682324783204268e-17,7.933652512157217,0.002426187423468673,-28.28394774343121
0.2867236207054177,2.445852912357402,0.05891791024401405,-21.79335313563724
0.4533096383315118,0.816248583248715,0.1831396400272067,-24.21134594111422
3.17603086687411e-16,6.77822374049498,0.004613833679290469,-4.589767014670983
9.555848176237971e-17,5.853622834399342,0.007772508694780522,-5.977564363010046
5.840566125974614e-16,7.328060003157432,0.003394314364948803,-24.2327438835348
9.555848176237971e-17,8.096603967972339,0.00221741372104689,-15.5084345252197
0.5549645843947253,0.8416333254077841,0.1794650282354722,-36.8215243685608
9.555848176237971e-17,8.067121547280022,0.002253783307248458,-5.289463261139566
6.728744545674702e-16,4.414753653558826,0.01781471144872521,-17.34191588352232
9.555848176237971e-17,7.501587044931341,0.003082232350666236,-5.445264982936221
9.555848176237971e-17,7.501587044974684,0.003082232350592073,-20.7712942300661
9.555848176237971e-17,7.732042481856281,0.002712467384852535,-4.897061331334274
3.17603086687411e-16,6.097449722911286,0.006768855818226338,-8.123595869216798
4.730343101349462e-16,6.380393255308407,0.005769393094034625,-4.137283816244842
9.555848176237971e-17,8.213650997667774,0.002078820614996646,-5.305332398176741
5.840566125974614e-16,6.547790263821334,0.005250725162053826,-10.39373244787842
3.17603086687411e-16,4.414906459043911,0.01781311595958351,-4.925794965880542
0.2656563034717243,2.839419411881714,0.0459887210516548,-23.14940011165502
9.555848176237971e-17,7.501587044931341,0.003082232350666236,-5.445264982936221
1.028145822447522e-15,6.233286074716013,0.006268543625565171,-19.07047624213513
0.5214811157548973,1.051038816754705,0.1526339796857717,-25.13559280392985
9.555848176237971e-17,4.414792050767279,0.01781431051757887,-10.99413494040041
5.840566125974614e-16,6.199603693539597,0.006388946024396269,-13.32241138434814
0.3075294261522751,2.120222409312561,0.07268271663649317,-12.76622396602905
9.682324783204268e-17,8.414207355319178,0.001861500374788494,-26.83276705986023
5.840566125974614e-16,6.374659052813044,0.00578806398184073,-19.43380305910714
9.682324783204268e-17,3.609986091188063,0.02871679998263116,-22.49081192684009
5.840566125974614e-16,6.777975611516787,0.004614475122096173,-16.32671348676665
0.6668170798907929,0.3651791859879836,0.2728219117961145,-62.46261937080135
0.5292806471082885,0.4881336275826484,0.2423805168753265,-26.67300695467978
9.555848176237971e-17,5.436353278872112,0.009860901733000749,-11.00989895796573
0.5499523089563947,0.8742880947344673,0.1748854559057074,-20.11343325630258
0.3560416379580951,1.518071379188026,0.1089557922905126,-12.40469410459597
2.287852447174094e-16,5.741970817342651,0.008282098163603924,-15.29549008444099
5.840566125974614e-16,5.942291936454737,0.007390892244452996,-15.77315771015316
0.3094755105423374,2.077009243939671,0.07476645551441102,-20.15943861081917
3.17603086687411e-16,5.593179252391618,0.009015270899077887,-10.08526589397773
9.555848176237971e-17,5.244688557239604,0.01100693427471677,-5.382078796771983
2.731941657024047e-16,6.099049440432941,0.006762730865805033,-5.232463381725496
1.028145822447522e-15,3.867293852253184,0.02461792377026495,-19.32347465842951
0.366811327101358,1.418568193073938,0.1168196076675758,-16.12487503570865
9.555848176237971e-17,6.430478009344226,0.00560891922404777,-4.323511920856692
5.840566125974614e-16,5.592949650374237,0.009016452612978121,-8.985264893584455
5.840566125974614e-16,6.4304396920149,0.005609040227545048,-11.4913173897088
5.840566125974614e-16,5.244647783708498,0.01100719222390389,-12.26513057538164
0.4535058930159225,0.8159855614448404,0.1831782569818913,-15.66975201684389
5.840566125974614e-16,6.430401779655636,0.005609159954811094,-10.79882024324965
0.330570707692137,1.805615963492158,0.08951751622399295,-41.90261702550577
3.17603086687411e-16,6.430325179325489,0.00560940186672787,-10.10288009147517
3.17603086687411e-16,7.379244733791971,0.003299043665277668,-22.83289786165669
4.004733053112191e-17,6.652776768603809,0.00495007094354577,-4.610343362139551
0.3666480793783728,1.421046145263496,0.1166156447530374,-19.09416469805154
9.555848176237971e-17,3.874309671180056,0.02451523464929423,-5.951568460145258
0.2934779148406769,2.320429246098588,0.06384239357761673,-13.75826248370374
0.7791594956165367,0.1336590823873394,0.3573339705686018,-32.35917636824058
4.730343101349462e-16,6.431317059756894,0.005606270231854282,-5.470351627172849
0.3560466678495738,1.517721754211905,0.1089822928096066,-41.43634175281195
2.509897052099161e-16,4.677568067679712,0.01527949045895272,-6.706808435286392
3.17603086687411e-16,6.03015556457424,0.00703174687229613,-13.48048257717979
3.17603086687411e-16,6.42485153427929,0.005626715961216888,-6.962351934201325
9.555848176237971e-17,6.779930417451283,0.004609424190500699,-10.74250982407042
0.7003303724441211,0.2807812041939712,0.2980948222506958,-41.08633738022398
9.555848176237971e-17,5.59329368012764,0.009014682022991105,-4.0162176041934
0.2877725439626155,2.409261347588544,0.06030963425617486,-12.26993517689572
9.555848176237971e-17,6.779936244584976,0.004609409142509679,-4.751246548753085
0.373379205748453,1.369155041702058,0.120978556168705,-20.65004522517016
2.804502661847769e-15,3.357952955123851,0.0334405785412985,-4.547588191798568
3.17603086687411e-16,4.469637635271422,0.01725115406246081,-8.980304419111238
9.555848176237971e-17,4.677585134739148,0.01527933864717579,-5.013889315257503
5.840566125974614e-16,5.942250986205725,0.007391063961147692,-15.36588010429109
6.728744545674702e-16,6.579361727425834,0.005158393999106448,-26.55655306079804
4.730343101349462e-16,6.431317059756894,0.005606270231854282,-5.470351627172849
9.555848176237971e-17,5.349523415552341,0.01036396783148341,-5.930012260646729
0.7513181304329919,0.1775862744802978,0.3367279083426566,-25.59096597734771
9.555848176237971e-17,6.030155564609124,0.00703174687215713,-5.448763135388281
9.682324783204268e-17,6.579367962999058,0.005158375928466019,-37.89743835399843
4.936130869128893e-15,3.164346788602884,0.0376312690706832,-39.40941336651962
5.840566125974614e-16,6.430989661328347,0.005607303718858592,-22.00676192221837
9.555848176237971e-17,5.942551119146348,0.007389805508840386,-10.55188977015153
9.682324783204268e-17,3.872115910806787,0.0245472955814422,-11.9802240990617
3.17603086687411e-16,6.098515792497317,0.006764773447852257,-15.51205896596539
2.731941657024047e-16,5.741955729152041,0.008282169307155918,-4.973998108343374
4.730343101349462e-16,5.436355387227698,0.009860889829335473,-5.01967392976576
9.555848176237971e-17,6.779936244584976,0.004609409142509679,-4.751246548753085
9.682324783204268e-17,3.146117731405194,0.03805391971977717,-13.67633374335345
1.028145822447522e-15,5.741977982195706,0.008282064380244536,-32.40713380790809
0.2934734565569984,2.32046420786785,0.06384095871914341,-26.88670977445012
3.17603086687411e-16,4.408056834824299,0.01788478207273192,-5.337151123145221
0.3096687002260831,2.071168835248681,0.07505322128342007,-15.19969733454976
3.17603086687411e-16,8.754563654351628,0.001544141277472655,-4.058922434126995
0.3287009635924162,1.831159820172815,0.08799530739542116,-8.711649276795196
9.682324783204268e-17,5.593217345032699,0.009015074859631378,-10.49014395608584
0.6318618844888488,0.2439065436676273,0.3106993658142704,-28.7811375601939
5.840566125974614e-16,5.237972356589742,0.01104950811416866,-7.074997916800874
9.555848176237971e-17,6.430478009344226,0.00560891922404777,-4.323511920856692
0.3499496848193804,1.589486259780244,0.1036997741901198,-8.023347083147726
3.17603086687411e-16,5.741955729211551,0.008282169306875309,-12.72320789578864
0.707112388714112,0.2647835945987325,0.303426321930635,-18.36392975145965
0.3483708346432752,1.606190162108398,0.1025140879576042,-21.34344410180281
5.840566125974614e-16,3.872153480289455,0.02454674614597424,-4.804728753829103
3.17603086687411e-16,3.164243860290668,0.03763364130955266,-7.720896916256113
6.728744545674702e-16,6.584975296573809,0.005142152163427172,-21.67709702839862
9.555848176237971e-17,6.430478009344226,0.00560891922404777,-4.323511920856692
2.731941657024047e-16,5.942543460826746,0.007389837617301054,-4.443952232089794
9.555848176237971e-17,6.579367962925721,0.005158375928678516,-5.730077600054664
5.840566125974614e-16,6.43112555654298,0.00560687471952459,-10.4914187879219
9.555848176237971e-17,6.773386677170874,0.004626354538281308,-6.650949737147838
3.17603086687411e-16,8.754563654351628,0.001544141277472655,-4.058922434126995
5.840566125974614e-16,7.381435496583055,0.003295027451945098,-11.27554156566243
2.731941657024047e-16,5.942543460826746,0.007389837617301054,-4.443952232089794
9.682324783204268e-17,7.381434995957946,0.00329502836914497,-29.57351816429849
2.731941657024047e-16,6.1782353697115,0.006466559870099309,-7.200510659670599
2.287852447174094e-16,5.244442332736639,0.01100849208178134,-17.5301438574064
9.555848176237971e-17,5.59329368012764,0.009014682022991105,-4.0162176041934
9.555848176237971e-17,6.909390873895862,0.004287209827089522,-3.834358830855226
9.555848176237971e-17,4.677585134739148,0.01527933864717579,-5.013889315257503
9.555848176237971e-17,6.099170205410447,0.006762268715783115,-5.439247450091359
0.3560263463320349,1.518160470938497,0.1089490406329114,-19.68360765962667
9.555848176237971e-17,6.180791479428246,0.006457224787345894,-5.300807471275847
0.2936162621366913,2.318165186926031,0.06393538881439947,-19.0292894924948
2.731941657024047e-16,5.942543460826746,0.007389837617301054,-4.443952232089794
5.840566125974614e-16,6.579367963141635,0.005158375928052794,-18.93010019630261
5.114956077737342e-17,6.180836628174069,0.006457060025669148,-5.50759153964171
0.2874110764153647,2.415447632523499,0.06007181133441553,-12.55659955519068
9.555848176237971e-17,7.074528221896212,0.00390937027636179,-11.59829017127823
2.287852447174094e-16,4.410032059988232,0.01786408482333646,-15.99579431757385
9.682324783204268e-17,5.436353296363318,0.009860901634246244,-11.01028533323395
5.840566125974614e-16,6.65419623144254,0.004946129155812495,-15.05938345370437
0.3350103555975088,1.746331086407462,0.09316931577747617,-13.58646750052257
3.17603086687411e-16,7.074663448680678,0.003909075248516192,-11.19510970589131
3.17603086687411e-16,5.741978007763457,0.00828206425968897,-12.40441669592683
5.840566125974614e-16,4.677584870516839,0.01527934099742567,-11.78955525782821
0.6224584034569285,0.51764730793019,0.2359235012755221,-43.07739586358367
5.840566125974614e-16,6.091832382171255,0.006790408557941441,-17.94081353383881
0.8949512977729329,0.03742363787037561,0.4233025360851517,-27.6117440592292
0.9907922819171586,0.0002540596415485652,0.4936414291148591,-33.11092449124029
9.555848176237971e-17,4.677585134739148,0.01527933864717579,-5.013889315257503
3.17603086687411e-16,6.657605875925356,0.004936673856919538,-11.09016648559508
0.2963715911213379,2.283630465382657,0.06537275323317882,-23.58485549567149
9.555848176237971e-17,6.424782323855501,0.005626935236626107,-6.451541549872283
0.3032915184900202,2.174472671831488,0.07015880277473346,-23.81363811418342
1.028145822447522e-15,3.053807361733519,0.04027405520277599,-10.68175275292612
9.555848176237971e-17,5.942578394035458,0.00738969115663074,-10.84070132733383
9.555848176237971e-17,5.935925471044516,0.007417638131662907,-12.62214627609335
3.17603086687411e-16,5.768400783335572,0.008158438281867797,-27.68649914355071
5.840566125974614e-16,5.244236581305532,0.01100979399996821,-15.95839465596967
0.514537857371991,0.5492690672553735,0.2293082533831944,-25.5870476898464
5.840566125974614e-16,5.436182892503485,0.009861863774638047,-13.13333535705604
0.3563641976653336,1.512288070294446,0.1093951394633699,-33.3307619720831
9.555848176237971e-17,7.102238614063676,0.003849386900937779,-15.93937498579473
3.17603086687411e-16,6.030155564609114,0.007031746872157185,-11.04117063224047
0.3314166185551496,1.806520468596013,0.08946309838414973,-28.93114342895779
1.028145822447522e-15,3.164565320188601,0.03762623299959528,-32.03402441120161
0.3560005731460171,1.518861452566888,0.1088959354043015,-18.51416716526933
2.804502661847769e-15,4.414506019992892,0.01781729738457005,-23.55359965340879
1.028145822447522e-15,7.350759871355031,0.003351720866666408,-29.92229137587383
9.555848176237971e-17,4.677585134739148,0.01527933864717579,-5.013889315257503
9.555848176237971e-17,5.59329368012764,0.009014682022991105,-4.0162176041934
3.17603086687411e-16,6.779569120611871,0.004610357301790824,-15.71707494950468
2.804502661847769e-15,3.357952955123851,0.0334405785412985,-4.547588191798568
2.731941657024047e-16,5.436201641973216,0.009861757905956781,-15.29351603490121
2.287852447174094e-16,3.164130418296654,0.03763625604849008,-13.74222658123054
2.804502661847769e-15,3.357952955123851,0.0334405785412985,-4.547588191798568
4.730343101349462e-16,5.436355387227698,0.009860889829335473,-5.01967392976576
5.840566125974614e-16,5.130299979542585,0.01175583191243296,-20.88143006647859
1.177629422548942e-16,5.244571316039828,0.01100767600494584,-5.175294728406119
0.3031003569814262,2.177356048998476,0.07002744163071534,-16.34049817420474
0.2878670829671777,2.407645344381788,0.06037193083515902,-12.58821336423387
3.17603086687411e-16,4.408056834824299,0.01788478207273192,-5.337151123145221
0.3226934146940548,1.906604403249382,0.08367046771300424,-21.95910741091904
1.158793814366703,0.06093595042929678,0.402511350887087,-27.23141189191132
0.6011188236860709,0.3053040685344541,0.290288097630989,-20.69948848414996
6.771941737530898e-17,5.349523296400637,0.01036396853973659,-11.81184065551279
9.555848176237971e-17,6.180791479428246,0.006457224787345894,-5.300807471275847
0.3305524431014739,1.805540653118292,0.08952204885495951,-16.46073092206531
1.241201435523024,0.1706988707771586,0.3397457223120797,-31.48318857911688
6.728744545674702e-16,3.307846200554888,0.03447490235532613,-8.929291165807946
6.728744545674702e-16,3.307846200554888,0.03447490235532613,-8.929291165807946
9.682324783204268e-17,7.364401558457089,0.003326386887938404,-20.1002494829119
9.555848176237971e-17,5.244688557239604,0.01100693427471677,-5.382078796771983
5.840566125974614e-16,5.433934345792272,0.009874568694146824,-7.007598453711357
0.4566808519283992,1.592923381326962,0.1034544805066259,-20.21276631904986
2.804502661847769e-15,3.357952955123851,0.0334405785412985,-4.547588191798568
2.449231293967717e-15,6.579367962980967,0.005158375928518422,-45.33630903487379
5.114956077737342e-17,6.180836628174069,0.006457060025669148,-5.50759153964171
5.840566125974614e-16,3.872153480289455,0.02454674614597424,-4.804728753829103
2.449231293967717e-15,5.591096440389052,0.009025996556756954,-62.06722913901704
9.682324783204268e-17,7.366514377927267,0.003322480694614938,-20.64029338192964
5.114956077737342e-17,5.93184678588571,0.007434825277215784,-4.648654473082826
4.004733053112191e-17,5.426477376759005,0.009916823918492634,-5.017413672114515
0.2863834262451292,2.439331698168019,0.05916331405875513,-23.90235371855009
4.004733053112191e-17,6.169634485465405,0.006498072865285032,-5.505509712268879
5.114956077737342e-17,5.93184678588571,0.007434825277215784,-4.648654473082826
9.555848176237971e-17,5.406913818981483,0.01002857268445517,-5.012937530707495
5.114956077737342e-17,6.147454800950182,0.006580068085059398,-5.501386669195787
3.17603086687411e-16,5.397181255890583,0.01008465023170729,-5.010710555883148