dN/dS,LRT,p-value,Log(L)
4.936130869128893e-15,2.79421214644943,0.047302628021056,-4.107679830441663
12.90061230799864,35.36876788102228,1.364134361026004e-09,-57.1240943857679
1.524911866620697e-14,1.778392370558571,0.09117342905418202,-10.34826907054755
1.038263951005382e-15,1.766869751573168,0.09188497344879237,-4.339932514828846
1.038263951005382e-15,1.766868429804651,0.09188505543910408,-4.25754124116053
2.093959926088373e-15,2.041326482677681,0.07653805464556068,-4.741323452326448
1.873180087232287e-15,1.090951676021014,0.1481302222348789,-5.137610125334802
1.827506400178574e-15,2.250556839547466,0.06678316596427714,-4.322051710084261
3.975272492142624e-14,1.516725867253216,0.1090578201761811,-4.218243233930234
1.038263951005382e-15,1.766868429804651,0.09188505543910408,-4.25754124116053
1.873180087232287e-15,1.033066078195873,0.1547198102523549,-12.08468902788063
1.031186570083883,0.0009304918043682164,0.4878325661207326,-12.59849741525064
3.919327026937646,2.473506132760576,0.05788970009027022,-20.96068887016191
1.025293813177075,0.0006157418670902359,0.4901016036252588,-11.65771467354301
1.177371670812428,0.02519243086348411,0.4369442530552107,-13.012264093278
5.64667360488876e-15,2.041334312778943,0.07653766071331342,-16.97470205838943
8.48884454792928e-15,2.138934827428329,0.07180078455197525,-22.16195118204675
1.054430257393549e-14,3.116671028986886,0.03874747619691926,-10.24457678188311
1.99707960278472,1.151107440949978,0.1416587217384084,-27.49273730828339
0.6289788485785965,0.2519724305070952,0.3078448200948802,-36.71617936924425
1.559972223212978,0.5122853438228532,0.2370756091550307,-36.41761107756464
0.6160283061204144,0.2767702493400641,0.2994129830438144,-14.20616393569613
2.093959926088373e-15,3.751173935649716,0.02638521846302599,-4.460934512011994
0.1831685174900886,2.501955299697958,0.05685252409142139,-14.89496064332389
0.4655874023081269,0.6090302864062807,0.2175765791303648,-18.30466336449832
0.1434625314736907,2.579937587258861,0.05411296466672294,-10.04648172584351
0.09925598221898585,3.060591330589652,0.04010623662169743,-16.39703854817368
0.6492173322966649,0.2182224323045148,0.3201988431740621,-32.58896317970453
0.1259944783368603,1.607856352807012,0.1023966974255274,-22.18904370864612
0.2780983090914332,2.053503128803683,0.07592821428276586,-9.367224021917348
0.1442189717973804,2.532289223610778,0.05576914663373544,-9.381152702987533
0.1465571237071941,3.116581563237855,0.0387496039817376,-9.955110020325568
0.5470724681188351,0.3544268654628127,0.2758089115306048,-34.99596593963145
0.04302742678520071,4.917719854571597,0.01329128902682553,-13.39833065347269
0.5989335664205154,0.3703973725418521,0.2713938728758623,-25.43556527720177
0.2787155128038398,2.061281117656183,0.07554155133217144,-9.500728372590245
0.6226784546756942,0.2515860939707295,0.3079802338369095,-19.05585887704323
0.29543019518281,1.926439226778427,0.08257426923701372,-27.59847178453678
5.114956077737342e-17,9.52074078855598,0.001015812775633951,-12.711810570122
5.114956077737342e-17,8.323447510657772,0.001956828595397586,-21.9579281552404
0.0235666617278994,6.381869319456092,0.005764596958776957,-6.679711952512737
0.2545091857132968,2.178849127443712,0.06995952836908204,-10.43242648363559
0.6587439432839055,0.2182347073148705,0.3201941436010376,-14.15178747624853
0.2629103639462023,1.95363236824339,0.08109798283328384,-8.971799236226449
0.03907293699140824,4.425499453510007,0.01770287483140548,-8.228019757250262
0.1612813994674819,2.37844241639224,0.06151007523025515,-13.64174722386657
0.6046624874768736,0.2970228593363444,0.2928774341819372,-16.35271660343889
1.974916081851186,1.116905670965451,0.1452928600015471,-29.16790606624718
0.07952104320524446,3.532372954305373,0.03009079958882582,-14.66369448148406
0.141582891956546,2.908072724200132,0.04406857064436787,-16.29797417792705
0.2611775427635486,1.949281827176168,0.08133213088850244,-9.745964953166961
0.1856577442985933,2.36768420486624,0.06193534310815579,-8.630087218115738
0.0279099252846038,5.621832275565342,0.008869047577612643,-8.086652841921092
0.177505709957229,2.280227449430022,0.06551632814118274,-22.54992872012216
0.2851820443221952,2.114904250515306,0.0729355884755481,-14.89841967640259
0.3596384137619367,0.9263552396849875,0.1679059040850537,-20.95990733954472
0.1158258318342664,2.969988928658545,0.04241121749298671,-16.47183720466884
0.1057028132256851,1.855321039077637,0.08658289610327979,-9.750863187229804
3.174104322483935,5.613394141168683,0.008911853301934947,-40.13481163558421
0.6740454601760495,0.1370143080529829,0.3556337111967127,-37.75145497020409
0.8021577606054079,0.04312287599539388,0.4177470376989544,-18.87297858628223
1.293559403048627,0.1218115743504171,0.3635389682425586,-21.03831672122712
0.4982881737208991,0.6261577196096297,0.2143841001449352,-16.12839291562443
2.180793794153195,1.89927974794206,0.08407948018875627,-38.85067088481595
0.1629068806804512,2.972590323968941,0.04234307678415855,-14.37093805174328
0.2675951495641633,2.125573660380397,0.0724292681413945,-9.72195014245175
3.790187714941633,8.299064068413784,0.001983275749856961,-56.61096263736762
0.1581730901500989,3.080071042302119,0.03962853202678057,-8.885764648467342
0.07200521501335595,2.873589266484966,0.0450219255007569,-15.80129954064924
0.6239142954276732,0.3063891827169698,0.2899522130069966,-27.11472840296315
0.0683264777923438,2.495829975800973,0.05707409262081281,-8.300228524021231
0.6676781038276499,0.2057050398052631,0.3250773909378479,-14.877142906738
0.6574408152896474,0.1996072952994652,0.3275190064189665,-24.11999429033719
0.1634733954822251,2.788709080414279,0.04746533694000399,-8.619257624146044
0.1517281391677781,2.936991222211816,0.04328592690845523,-9.328527901881031
0.2842896293693931,2.119809796371499,0.07270230046916182,-16.04615596560727
0.1425289164349457,2.517215134560757,0.05630464866814072,-8.458058403351879
0.03740546739398893,2.954319770847096,0.04282417035316055,-14.19716458104841
0.102648914126525,2.679496138503858,0.05082394264865808,-16.68241643269074
5.114956077737342e-17,7.088238099689882,0.003879574621660498,-26.24704498933469
0.4429486471658211,0.6366361018746858,0.2124657724678682,-16.18839017815938
0.04617994759809416,4.175773305269811,0.02050292275917548,-8.172785062429092
0.1667713242393482,2.66621582356894,0.05124973621313178,-20.0651888790761
0.1657469969869846,1.523301696652275,0.1085602655680638,-16.98135200594041
0.162524800634425,1.644962530374634,0.09982297340659207,-14.62030269243816
0.1265863585896578,3.044495464076327,0.04050564249693012,-16.51421180899998
0.2965582039927605,1.274035319856957,0.1295055097825967,-16.51545899236406
0.1403056221751968,2.914435293194273,0.04389506958807038,-9.715756040198125
0.07866725059369661,3.542442725383072,0.02990865361490397,-8.261225090159821
0.07486689552022259,3.480490316871197,0.03104816904276264,-9.835998059423737
0.7054292501028369,0.1606611245541174,0.3442742818271681,-17.21830963079896
0.3119677058718665,1.245261167647154,0.1322297512426419,-8.964246713047109
0.2746208147424349,2.021794838956563,0.07752788519501336,-9.341862425033696
0.6164519452396493,0.2434093877902725,0.3108772235474639,-16.79869434610841
0.1618387947768386,2.395955836226001,0.06082468756839876,-20.76119668514271
0.3170324474574668,1.063777831707743,0.1511775640009108,-8.986688234104387
0.5447242746695679,0.4833213960685825,0.2434608500456697,-22.03520544037593
0.06026396942052083,4.657528732638962,0.01545883020466704,-8.932346857456093
0.3125937987779484,1.676030316504299,0.09772638314277321,-8.673481769191255
1.179380578431583,0.05123502673624358,0.4104640015669678,-20.53674235919434
0.06217331234479827,4.639824810207701,0.01561909560876629,-7.181941763139492
0.1216050103666623,3.179186728883536,0.03729092113350541,-16.15069232548777
0.0252829192023368,5.325427288895764,0.01050822759214048,-8.348839502874663
0.6482518858945551,0.2238781567942141,0.318050356601298,-17.24056444159848
0.1395429081872233,2.962659871155083,0.04260383253852518,-9.650967956244363
0.7618140513283853,0.08223039782822639,0.3871486469511186,-17.02154642343345
0.2745998176774054,2.372069354689593,0.0617616071850603,-9.809949795133193
1.827792669650228,0.8957512729261268,0.171961755755708,-31.34543546771832
0.2781142723518905,2.05748049332286,0.07573021053693307,-9.578030622674325
0.3077344014731896,1.51763717764624,0.1089887046127277,-9.131107041511315
0.2938678101281809,1.850245844129706,0.08687740200380406,-9.877608849468968
0.1469797382734433,2.28610944556825,0.06526838478084029,-9.292282556805294
0.5488625338115046,0.4780890144964651,0.2446445959877463,-15.32613153634071
0.0298031306224615,5.02635012666974,0.01248222758406065,-14.79714826245815
0.1083554411805991,2.743188566629001,0.0488348520485245,-29.15605186495475
0.1403884296421888,2.885807502477615,0.04468159732353344,-8.958437151626429
0.7664274225935119,0.08189319380291238,0.3873740101827881,-17.10873084833219
0.1398829510049358,2.969280757461547,0.04242978778768619,-10.0463694604894
0.1500786645995411,2.310444069165673,0.06425366619381306,-9.539558421179589
0.1080751253362964,2.599979472215345,0.0534325496121732,-25.22374777434711
0.03716234963304529,3.350548605793616,0.0335913098136556,-9.515267549711709
0.1995684811020181,1.732219010969423,0.09406387866854116,-9.983597434263338
0.1474757634242964,1.544648597515312,0.1069635974688445,-9.622738698525307
1.77550859474005,0.8205940161691601,0.1825032733821546,-24.53566592697139
0.1000421983387542,3.058144041824246,0.04016668939795831,-10.14036977364999
0.03451148732389558,4.905996999787881,0.01338179869687356,-8.296200956522753
0.05738071064912053,4.513096139726521,0.01681815069679482,-29.9611292789909
5.114956077737342e-17,9.684203596309775,0.0009292946440023209,-13.80630033667104
0.2841793133174856,1.857770006007446,0.08644119718612342,-9.300501489427569
0.2851788570620202,2.115061362993202,0.07292810377125591,-16.72267600323621
0.07149803586048988,4.366666852814468,0.01832430602983093,-18.99289004596995
1.21529160132629,0.07077859400696696,0.3951032517960128,-22.99886550479864
0.641484211830842,0.2710687192272516,0.3013078829339243,-18.50217062855307
0.1440985941694914,2.794292619952657,0.04730025317224024,-8.508436851174489
1.022739678235624,0.0009950840075987344,0.48741747165935,-23.06836951275667
0.1616496358172517,2.36953202926335,0.06186206782934389,-9.673805640255754
0.02610792518058898,5.595322597573096,0.009004247257236753,-6.80213563571493
0.1209539441728683,1.584993107605364,0.104021470099345,-8.586222484433947
2.56543870967392,2.642810827806386,0.05200967977079962,-40.86605619037674
0.1535711711634044,2.992952802632189,0.04181377438080502,-9.187692257016645
0.5958873358505549,0.3320935887445344,0.2822144499906424,-20.04732416653358
0.02815902858430699,5.177046511339189,0.01144359809538137,-8.019500854516979
0.1848353062637348,1.607252497652475,0.1024392233734281,-24.78083658075225
0.6153723521769329,0.2903577293466455,0.2949956900562736,-27.23384653739199
1,0,1,0
0.1441788699179778,2.641351494306726,0.0520574702000679,-9.498706176912517
0.09160065229982577,3.973173509902566,0.02311528295425508,-8.585642314908277
9.555848176237971e-17,8.677262485779089,0.001611023009483681,-6.255356409716466
2.277624774427694,2.088569302795335,0.07420249706455501,-43.76119524447321
0.2024866362956945,2.346501491157117,0.06278226227473455,-8.689366353662276
0.5846036564780822,0.3499809748193812,0.2770619499978555,-17.34204528904165
0.06175701321503939,4.834341431748307,0.01394914716190188,-28.22374504711414
3.272896782482996,5.861623328111008,0.007737257822339416,-43.45970995065247
0.109190816301511,2.400725072098538,0.06063951327956119,-16.59848147441366
2.417283801493793,2.359508900232569,0.06226069219433833,-45.44673945995827
1.83074814389909,0.9020736294460221,0.1711131514124549,-36.25507266135482
0.1588113104758557,2.929375687326619,0.04349056133889279,-9.069570247890926
0.3026571985980934,1.700727373184641,0.09609644005041446,-22.15464893810201
0.05451602895056,5.210333326673746,0.01122651481674086,-7.61229108967414
1.10586786909605,0.0198284018742072,0.4440086949174769,-22.10064860962349
0.1372093696816357,1.689287037072901,0.09684749005104004,-28.0583634955705
0.1722341771873238,2.402633415570083,0.06056559342077122,-8.275973212987978
0.330111071332428,1.043053889057521,0.1535561401652166,-9.048727246121013
0.05903324059839732,3.67889602402693,0.02755266260337652,-9.086962305461682
0.1459206990032071,2.644399214529731,0.05195771769132207,-9.054774677066641
0.6230128457825664,0.3084693249449373,0.2893104955421306,-16.18031760501886
5.344689564348685,8.591161331855744,0.001688992563761205,-40.09819158084262
0.1016746663140071,2.554820476493209,0.05497915206069626,-8.9465393512644
0.07409057423524337,3.578022744920474,0.0292744004516699,-19.57767422261731
9.555848176237971e-17,9.881343663397352,0.0008348148537680733,-12.53982554225781
0.02789066830670151,5.621085985189048,0.008872824856454298,-15.96810008244431
2.731941657024047e-16,8.881995531455935,0.001439982927764261,-10.19041854348291
0.1418681723220531,2.921780930450431,0.04369568103056704,-24.84271424582906
0.1613750566410673,2.316238549552914,0.06401464335700419,-15.35134886018893
0.03860390921998568,6.101288799615839,0.006754166444393139,-7.540099257593417
0.06065897531783867,3.10423061936195,0.03904455976666843,-9.65098676991629
1.218546443826558,0.0726722537482587,0.3937424953321131,-26.68711115787595
0.1523755207901513,2.785893588999969,0.04754881793120641,-8.680195330457915
0.04199949179121509,4.915369214370255,0.01330938667738479,-8.182392930067914
0.1118604567290894,3.369435746078452,0.03320824953899459,-8.946222381385018
0.06522577946363467,3.409670539484438,0.03240769289515977,-12.6661898565005
0.1617221738300531,1.650780773302536,0.09942634852574606,-9.546652719570757
0.3133445033943326,1.504077646915995,0.1100225069208083,-9.167007400913011
0.1825063622652926,2.250395642170666,0.06679012286999814,-20.04634260214129
0.2244820610876166,1.31715725769438,0.1255514360163648,-8.207716806163397
0.2651168221908569,2.467387348269888,0.05811549137553129,-24.95746549531476
0.06595895997870935,4.34445101495389,0.0185648679190501,-14.55135498843259
2.388381967113515,2.304387673470529,0.06450455586799708,-47.24898378854533
0.1762571424346643,0.4687136727437959,0.2467897675932529,-15.98344284824934
0.1082790729555255,2.763973396823637,0.04820425888449814,-22.69408399036014
1.502124773243471,0.4348433028965957,0.2548109663645775,-34.54475654339748
0.1724112325665429,2.321205146296947,0.06381055846270456,-38.37342132932618
2.146058532574564,1.827821736524569,0.08819252398707539,-39.9397234415424
0.2656162368022711,2.043652474714609,0.07642113499983666,-8.932239418122176
0.1487026331437965,2.874820122125215,0.04498751406938378,-8.95401010851311
0.3119677058718665,1.245261167647154,0.1322297512426419,-8.964246713047109
1.953947753069881,1.085541993003623,0.1487305370971433,-30.45198276794928
1.326356544813772,0.1453034412873819,0.3515322900486479,-24.00131897465359
3.32887371820298,3.007416413478936,0.04144215107749327,-39.31174793680139
1.523311880376939,0.3098739925741114,0.2888787594259448,-21.90791603698257
0.06613778996054728,4.47402910205707,0.01720687476439126,-13.62966663228312
0.3119677058718665,1.245261167647154,0.1322297512426419,-8.964246713047109
0.5665261945741471,0.3983166260669861,0.2639799521109534,-14.09832267944751
0.8029223757330087,0.04411126510810703,0.416823370277062,-20.87869115251966
0.273079497839222,2.337440321582932,0.063148465319944,-9.795652686183461
0.03706370285713126,3.184641179264393,0.03716665772189515,-8.679185826600257
0.6312530244856074,0.2227602403113558,0.3184723771987193,-15.68991461868776
0.1434507862395472,2.584127541284339,0.05396993458082061,-9.332956876515144
0.1707322670348949,2.53568776299387,0.05564919074688751,-15.40353295912638
0.1405293466378685,2.402393032572725,0.06057489917986736,-9.476020439903921
0.2743228196640545,1.919512412365386,0.08295521086698193,-9.895038611569843
0.02805048988550327,5.464367822354964,0.009704036947633832,-6.101551271321978
0.4656619697906441,0.5003384261298258,0.2396757292335424,-15.27932539743952
0.2724737467027452,2.377872941561535,0.06153250495304219,-28.32635525389206
3.17603086687411e-16,9.11582490971003,0.001267038286990707,-5.422991902288442
0.1949084597792178,1.601624242969908,0.1028365918535257,-9.060587823830154
0.1456828926050999,2.617385773974199,0.0528492244004623,-14.70391051388174
0.574610255315914,0.348692683806533,0.2774270522959927,-23.33805005822242
0.6566205336645365,0.2098104914253085,0.3234579897247574,-29.31651735452471
0.2887842017136554,1.871643857380406,0.08564346262874006,-16.29560446976137
0.1578143738517093,2.483555350715651,0.05752096869460122,-14.01398092375835
0.1480132731701581,2.326255216102446,0.063603785722471,-20.19026959857761
0.4157363571255113,0.6327967085918758,0.2131656574365626,-14.75837493440415
0.671844114160753,0.1393322733281366,0.3544728636384515,-17.60364266403398
0.5384546621720105,0.2965038176409678,0.2930412802046734,-35.40520060659421
2.731941657024047e-16,8.563000922042193,0.001715317319494813,-26.49848902853136
2.407677144274488,2.340903132580863,0.06300823780136805,-33.67749071734345
0.2654805445946194,2.30753753401363,0.06437393518256385,-15.78769450488568
6.774911059644221,23.12243099855712,7.600351769054825e-07,-80.78651842233951
0.6413443016489524,0.2182162341316456,0.3202012162488018,-16.83423249762151
0.6559441552062303,0.2343439316692226,0.3141607044733286,-27.68116445201992
0.2632830668213051,2.42479340664454,0.05971449301398968,-9.847456971589565
0.4658036296567856,0.5001309591873202,0.2397212927771229,-15.87202795470911
0.02532138844181402,5.327856900849346,0.01049358814646451,-7.872535891122655
5.114956077737342e-17,8.460385838392437,0.00181482425585594,-12.54852749146376
0.0987286731058169,2.490997806306158,0.05724955634238788,-8.851859375803903
0.1527032015496171,1.577319367603483,0.1045736199593041,-9.127163179120849
0.02815520763957033,5.17564961322832,0.01145280266269177,-7.468000544210689
0.1479367407702839,3.082723918058592,0.0395639508103538,-7.765830596203235
0.163297733710775,2.389346317242527,0.06108235120151723,-8.174595113231565
0.5329147087437359,0.2996772563328136,0.2920424114237943,-31.61226833520703
0.1613033871658364,2.9156563972176,0.04386185599282694,-8.970942152217921
0.02727449055365969,5.015806087614727,0.01255846639126873,-7.81542862038741
0.2386694201020815,2.581093381139468,0.05407346845684469,-8.443760630136563
0.148012564968543,2.32634528901534,0.06360010450298231,-8.449234534896995
0.1358455470170565,2.704333352669344,0.05003795366110553,-9.336992233923214
0.09160070676973636,3.973105667370454,0.02311621418843468,-14.8442112876178
2.731941657024047e-16,8.322379018756877,0.001957979968222445,-11.12030712317297
0.1546683897221476,3.013990446173469,0.04127442044368085,-15.81870515374154
0.2656172871919121,2.043595935336807,0.07642397463940065,-15.30834624734665
0.1234940165923142,2.673972823343071,0.05100055946005672,-16.89893920680592
0.02788859192775787,5.621046062278454,0.008873026969313025,-7.807377990667946
0.1053598274577993,2.73664248904268,0.04903531215062729,-9.800801629124898
0.03822519302506634,4.756828500830821,0.01459113596185213,-27.96599472024362
6.740639792367023e-18,9.684916965778267,0.0009289339166345667,-6.131903419419123
0.7695659509257603,0.07908798825830132,0.3892685829801076,-22.87674881656653
0.6763582952803507,0.2077363177377052,0.3242737350256317,-16.71245719780328
0.09904120399609193,3.407394574024462,0.03245242389611891,-8.707015260517387
3.677166808229858,4.57109660377467,0.01625787239510618,-31.73502272767317
0.4641207175826717,0.6133146336768434,0.2167712573298862,-18.55735557600449
0.1485233404635268,3.071472911188838,0.03983862538596539,-10.05889361058549
0.6468016526550383,0.2264225258316266,0.3170946268302515,-15.72183518643252
0.272470131246155,2.378086345473879,0.06152409861862745,-9.4722442189766
0.3375998092569817,1.286733955682468,0.1283253573012891,-8.55868927078882
0.1235097456994276,3.948000773087074,0.0234635440891347,-8.109340939569732
1.104533305798832,0.01901896925421909,0.4451560584277616,-21.28179430743423
0.3339295544381631,1.294292295959021,0.1276292197570374,-9.301724615937395
0.096417269298333,3.743621296141646,0.02650472105799173,-7.606268295575821
0.5273246536988911,0.4224973636246219,0.2578467658088717,-23.86305008332506
0.626778950206977,0.2537571249488906,0.3072209535642081,-24.27585786394916
0.0999063498580135,3.170671682554278,0.03748580396342405,-7.468332193945097
0.1077003961103034,3.553892340999951,0.02970297213113537,-9.294010572780286
0.1856602240022905,2.367406319037883,0.06194637097220257,-19.80559408501325
0.1405293343321078,2.402393032572739,0.06057489917986675,-9.536758335894511
0.2752365989548318,2.151954766370466,0.07119425088989534,-16.46441322127762
0.163655603509333,2.617870964304306,0.05283306491840717,-9.76029788993468
0.06663675456338633,4.041460869159934,0.02219768756476953,-16.30578485196273
0.1550254493693574,2.323732279974436,0.06370699281014436,-14.34696935655855
0.1096563548474239,2.756419290702958,0.04843241109971402,-9.457514885618668
0.1425289277143096,2.517210176554425,0.05630482572852824,-8.298898304817138
0.2662223874466505,2.36606584824094,0.06199959801274585,-10.23632135039455
0.02581758930154946,6.19951551084668,0.006389264345729229,-6.908609412717682
0.06664631881938608,4.038092223052089,0.02224204133498914,-20.91167006305948
0.03388995179347225,5.66710086103275,0.008643000639882381,-23.37687209234688
0.2746208147424349,2.021794838956563,0.07752788519501336,-9.341862425033696
0.5339757705513696,0.4903809961178993,0.2418787000355891,-17.96534897279869
0.6409208905233899,0.2304298828875844,0.3156026299533864,-18.106204091914
0.2888757447289525,1.870811038855621,0.0856911095988544,-9.366781338161864
0.1484749857319517,2.441531072097263,0.05908042199527824,-18.95553041970371
0.2012954852219409,1.593156230786047,0.1034378877787084,-8.987127770570741
0.2838380362445018,1.969563063547596,0.08024712400418627,-9.227196825437131
0.02917246069161938,5.368437447628679,0.01025216889245079,-13.66073419285439
0.1722341344629208,2.402638326251822,0.06056540333389671,-8.37439543920134
0.4916593599602672,0.5355823832438062,0.2321346593120217,-21.47553437365166
0.6682943121161752,0.2041205835915676,0.3257075938966117,-28.51140832419208
0.1026489114052103,2.679496139775257,0.05082394260808032,-9.025010184819616
0.242042813495058,1.716042125058195,0.09510165431032919,-31.77572789908257
0.1510369786480533,3.127742249109378,0.03848513453988611,-9.978659807366006
0.2779277796235977,2.057386273063567,0.07573489430618896,-9.270562466634351
0.2870318749745914,1.871177575751513,0.08567013564612924,-10.2373215732524
0.2739269304101642,2.17620499609135,0.07007984825251923,-15.59055168400301
0.03233601664926671,5.313767427757785,0.01057877792866607,-7.242935473587201
0.06602234985551816,4.343044013677108,0.01858021442461943,-15.02659618362145
0.5911856958940596,0.2582878361186971,0.3056494408824359,-22.53287818040082
0.07989192021286386,1.908411742833749,0.08356989583365443,-23.04345521678813
0.1567288776762347,2.488999497507429,0.05732229190774163,-8.779681488048166
0.6377304702567295,0.2251937110239695,0.3175553749691076,-26.23842887231951
0.35925468213851,0.9337747102386587,0.1669419930641172,-17.3493137602995
0.1396911002426435,2.446970990346276,0.05887594828254011,-8.17490978514479
5.114956077737342e-17,7.188243945543835,0.003669138110081072,-6.973719615649783
0.1659232077525318,2.622859319497408,0.05266723926401484,-16.44642968272719
0.6452840663081211,0.2236462803055304,0.3181377853120636,-14.27239981278338
0.1549805600896293,3.098899969466089,0.03917260802366623,-32.63906578896582
0.08358098836261084,4.268293943205414,0.01941494885622602,-9.052711848416964
2.731941657024047e-16,8.882106882693385,0.00143989510531034,-15.50703252674043
1.17738401289636,0.05055975647678679,0.4110460514063298,-29.01581317158985
0.06065216573676719,3.104345287428458,0.03904181026494707,-15.80757946527481
0.07951431019811693,3.531861065527522,0.03010009029395083,-15.32185242336347
1.289108747007637,0.1169391067288288,0.3661891411812322,-28.6721870432296
0.1149470990527732,2.44234246413674,0.05904987392502009,-8.605387095511716
0.1752109687841097,2.292212137628475,0.06501224393517435,-8.708487890250534
0.1571471225579842,2.781557027911102,0.04767771239336688,-8.757075255050857
0.1433006221731395,2.188656410953488,0.06951527340992292,-15.09560384233982
0.283224344917921,1.540392637381892,0.1072796857012191,-8.677916142940497
0.3523803750083196,0.9899366045381157,0.159878934722566,-8.710509129550687
0.06287187487067802,3.618640545694575,0.02856777148973033,-19.60985055952486
0.1839263563859916,1.697141629940148,0.09633110714076842,-8.031717854110671
0.1432256784734656,1.695105111110603,0.09646468403179415,-8.898672796995198
0.1773123557933427,1.706263336077015,0.09573545111370069,-33.88229779727546
0.1815528969235318,1.857024389071828,0.08648431083412111,-15.4653391506629
0.06211240478113594,2.240833100793044,0.06720427306595445,-8.283343866115754
1.038263951005382e-15,2.488711387505299,0.0573327871019122,-3.737143306984302
8.48884454792928e-15,2.265553634844256,0.06613946626623779,-3.85633896517438
9.682324783204268e-17,2.088299250259006,0.07421561665217141,-3.835517903153539
1.340273035413137e-15,2.55334277887788,0.05503058442626152,-8.590777982060972
2.804502661847769e-15,1.170755111729585,0.1396230698825811,-4.486143953104095
8.48884454792928e-15,2.265420275689053,0.06614515974731183,-9.64285915595794
1.738688558207614e-15,2.242861294844296,0.06711619339504887,-4.365030395010391
2.271595610028619e-15,2.819613848578467,0.04655940165013056,-4.10767983044166
8.48884454792928e-15,1.971905885818265,0.08012285412609427,-4.971735879868419
4.162828811893032e-17,2.177656664670753,0.070013762059768,-4.110990897471421
1.340273035413137e-15,2.338186797449652,0.06311820725525918,-4.649890572049836
2.804502661847769e-15,1.072145654415721,0.1502306479250217,-4.486143953104095
3.975272492142624e-14,1.530481965474369,0.1080200623973659,-11.17467014943099
1.340273035413137e-15,2.338186797449652,0.06311820725525918,-4.649890572049836
4.342773726135736,4.19206856741642,0.02030675628751599,-25.15363069654425
3.233338426389027,2.796613880135098,0.04723180641686592,-31.58708615855576
4.35036773010022,5.562381208010649,0.009175219029091408,-37.09057805817059
3.975272492142624e-14,1.115795745880776,0.1454127715367989,-4.227599328676924
9.682324783204268e-17,1.717956795435368,0.09497813144247019,-3.768096939167454
2.093959926088373e-15,1.447992670417907,0.1144251594302817,-4.72782669075192
8.48884454792928e-15,1.863784771479311,0.0860943091166278,-4.432792589838624
1.738688558207614e-15,2.014863510328723,0.07788263857535754,-4.326213104194836
2.932560322954872,2.48404184661544,0.05750318380984731,-21.44918538070893
1.738688558207614e-15,2.015480208752251,0.077851000660078,-9.922769009198726
3.975272492142624e-14,1.115795745880776,0.1454127715367989,-4.227599328676924
2.093959926088373e-15,1.850474786590627,0.08686409201691808,-10.93656638477978
2.093959926088373e-15,1.850474786586425,0.08686409201716233,-4.421681148768062
4.162828811893032e-17,1.956307799727714,0.08095437187614529,-4.075612205337077
1.26802443885,0.05201712449356677,0.4097948887962042,-12.76215860067198
1.985752832009056e-14,1.625418098682619,0.1011689815241133,-3.493399131491893
1.827506400178574e-15,2.040940171259905,0.07655749281927438,-10.14021235065931
3.264729756382731e-14,1.612123837119597,0.1020967564674614,-4.392326478858211
3.975272492142624e-14,1.115795745880776,0.1454127715367989,-4.227599328676924
2.093959926088373e-15,1.850474786590631,0.08686409201691786,-10.93653529648104
2.093959926088373e-15,1.850474786586425,0.08686409201716233,-4.421681148768062
1.038263951005382e-15,1.600646604311478,0.1029058008064351,-25.25120100035229
3.181190628117442,2.807900777584621,0.04690052322425392,-28.49833411572113
3.975272492142624e-14,1.115795745880776,0.1454127715367989,-4.227599328676924
1.038263951005382e-15,1.601678574942529,0.102832747198664,-4.299963664751366
9.682324783204268e-17,1.717956795435368,0.09497813144247019,-3.768096939167454
4.0479524494288e-15,2.099866647890185,0.07365599300511161,-10.07750602464587
1.985752832009056e-14,1.625442854201927,0.1011672631798839,-4.125277323669016
1.873180087232287e-15,0.9378460198571332,0.1664162032976685,-5.663214026422447
9.682324783204268e-17,1.717956795435368,0.09497813144247019,-3.768096939167454
8.48884454792928e-15,1.97636154040557,0.07988711815092853,-10.6326291717593
1.873180087232287e-15,0.9887278410757219,0.1600267500924903,-11.76371106699296
1.038263951005382e-15,1.601626028788161,0.1028364654822382,-9.863905125255602
1.738688558207614e-15,2.100483532689637,0.07362628255949177,-4.958103295470728
1.985752832009056e-14,1.625418098682619,0.1011689815241133,-3.493399131491893
3.264729756382731e-14,1.612123837119597,0.1020967564674614,-4.472693873903197
9.682324783204268e-17,1.717959921691704,0.09497792990842563,-3.848462771759423
8.48884454792928e-15,1.863784771479311,0.0860943091166278,-4.432792589838624
1.985752832009056e-14,1.625418098682619,0.1011689815241133,-3.493399131491893
1.314503518719808,0.0681947440187578,0.3969917972794318,-11.5917084797787
2.744589317728e-16,1.765293751041913,0.09198279426525063,-9.720952827964096
3.975272492142624e-14,1.115693843913188,0.1454237869121784,-10.20445353020313
1.038263951005382e-15,1.601664267595613,0.1028337596028558,-11.23261328445124
8.48884454792928e-15,1.86376001581041,0.0860957335602508,-3.800914397661502
1.985752832009056e-14,1.625291730569575,0.1011777535949741,-9.386529395150653
8.48884454792928e-15,1.863694089975066,0.08609952707144153,-10.31482390463319
2.271595610028619e-15,1.547859636961951,0.1067258474136064,-4.580307760932263
1.607559755153012,0.1927890588801588,0.3303026876162394,-12.01585571408683
8.48884454792928e-15,1.86340794743246,0.08611599454207053,-8.638240360179767
8.48884454792928e-15,1.771433019965784,0.09160241549730419,-11.73936083482227
8.48884454792928e-15,1.86376001581041,0.0860957335602508,-3.800914397661502
1.738688558207614e-15,2.100483532689637,0.07362628255949177,-4.958103295470728
8.48884454792928e-15,1.904320515525797,0.08379775609727552,-22.35510640241153
1.038263951005382e-15,1.601677376135784,0.1028328320271454,-4.219596869109744
3.975272492142624e-14,1.115759336684917,0.1454167071674558,-10.89493963434022
2.093959926088373e-15,1.956310925985065,0.08095420423568339,-4.155978037929067
1.028145822447522e-15,1.580625688621165,0.1043352955942883,-10.39354986678547
8.48884454792928e-15,1.863784771479311,0.0860943091166278,-4.432792589838624
1.985752832009056e-14,1.625418098682619,0.1011689815241133,-3.493399131491893
3.975272492142624e-14,1.374921717307803,0.1204840306323064,-4.103597151061254
1.131258245454223,0.01454900780172608,0.4519963033300879,-12.61661673836727
8.48884454792928e-15,1.863784771479311,0.0860943091166278,-4.432792589838624
2.093959926088373e-15,1.956310925985065,0.08095420423568339,-4.155978037929067
3.975272492142624e-14,1.612123837119594,0.1020967564674617,-10.30849555986899
1.985752832009056e-14,1.625418098682619,0.1011689815241133,-3.493399131491893
1.038263951005382e-15,2.047355556181427,0.0762354111051789,-3.718597153445375
4.162828811893032e-17,1.956307799727714,0.08095437187614529,-4.075612205337077
1.028145822447522e-15,1.580625956021331,0.1043352763457095,-5.068462197790543
2.804502661847769e-15,0.9630796715440084,0.1632060873008137,-4.486143953104095
5.64667360488876e-15,1.249210677865239,0.1318516435729848,-4.449666094492175
3.975272492142624e-14,1.374921717358474,0.1204840306279721,-4.183962983653222
9.682324783204268e-17,1.717925715271328,0.09498013505165637,-10.8002299385292
2.093959926088373e-15,1.850474804789073,0.08686409095901165,-16.90479651647688
1.075595435762212,0.005161724333181184,0.4713625740161206,-14.32933729807124
1.028145822447522e-15,1.580625566394566,0.10433530439267,-10.20767479143005
1.273371565138969,0.05380280283521799,0.4082867499142526,-13.21399233910273
8.48884454792928e-15,1.771433063413657,0.0916024128118087,-4.561409789685872
2.093959926088373e-15,1.850474833210546,0.08686408930682338,-4.780209140072788
1.873180087232287e-15,0.9378461831093503,0.1664161822587857,-11.0028422546268
8.48884454792928e-15,1.863718908415308,0.08609809894365195,-10.47076504441637
9.682324783204268e-17,1.717959921691704,0.09497792990842563,-3.848462771759423
3.975272492142624e-14,1.115795745880776,0.1454127715367989,-4.227599328676924
2.744589317728e-16,1.765499883444157,0.09196999296400971,-4.502297136352475
3.264729756382731e-14,1.612123781378045,0.1020967603784965,-4.114165882598467
1.038263951005382e-15,1.601677376135784,0.1028328320271454,-4.219596869109744
4.162828811893032e-17,1.955538678049171,0.08099562680970618,-7.975686428991573
1.873180087232287e-15,0.937202893233394,0.1664991128211493,-9.909969444389711
3.264729756382731e-14,1.612123837119597,0.1020967564674614,-4.392326478858211
2.093959926088373e-15,1.956275844403642,0.08095608545109628,-11.10414900196286
1.606044905532861,0.1920818491536274,0.3305947658084656,-13.95347452833674
8.48884454792928e-15,1.86376001581041,0.0860957335602508,-3.800914397661502
4.936130869128893e-15,2.532970607778296,0.05574507349890601,-4.107679830441663
9.682324783204268e-17,1.717959921691704,0.09497792990842563,-3.848462771759423
1.985752832009056e-14,1.625418098682619,0.1011689815241133,-3.493399131491893
1.873180087232287e-15,0.9390445483776055,0.1662618403001712,-14.87184108835673
2.271595610028619e-15,1.547856509388136,0.1067260786781001,-4.499941928340294
8.48884454792928e-15,1.86376001581041,0.0860957335602508,-3.800914397661502
2.410871446428023,1.170751601405243,0.1396234302692759,-24.85277414686649
3.264729756382731e-14,1.612123781728137,0.1020967603539328,-9.218152978615043
1.985752832009056e-14,1.624700363502662,0.1012188163087575,-7.738315016882918
1.985752832009056e-14,1.625442854201927,0.1011672631798839,-4.125277323669016
3.975272492142624e-14,1.115795745880776,0.1454127715367989,-4.227599328676924
1.873180087232287e-15,0.9378460198571332,0.1664162032976685,-5.663214026422447
8.48884454792928e-15,1.973440221144461,0.08004158748365803,-15.3424826696806
8.48884454792928e-15,1.86376001581041,0.0860957335602508,-3.800914397661502
9.682324783204268e-17,1.717956795435368,0.09497813144247019,-3.768096939167454
2.093959926088373e-15,1.850474833210544,0.08686408930682343,-4.699841745027801
8.48884454792928e-15,1.863784771479311,0.0860943091166278,-4.432792589838624
4.162828811893032e-17,1.956307799727714,0.08095437187614529,-4.075612205337077
4.936130869128893e-15,2.532970607778296,0.05574507349890601,-4.107679830441663
4.004808294513406e-15,2.100116107125892,0.07364397690414587,-20.38150776857391
9.682324783204268e-17,1.717956795435368,0.09497813144247019,-3.768096939167454
1.340273035413137e-15,2.100485113489864,0.07362620644226425,-10.2298695802404
3.397720200437721e-16,1.766598266939807,0.09190181562952832,-4.542905839108987
2.271595610028619e-15,1.54768805728968,0.1067385355352012,-9.919731564428131
1.23402204045343,0.04105344731466332,0.4197173949913185,-10.26764841697959
1.038263951005382e-15,2.040442470264367,0.07658254407117326,-11.13583298526514
3.975272492142624e-14,1.374921717358474,0.1204840306279721,-4.183962983653222
2.744589317728e-16,1.765503018454641,0.09196979828852753,-4.582662968944443
1.985752832009056e-14,1.625352595006092,0.1011735284684001,-10.01005643957697
3.397720200437721e-16,1.766598266939807,0.09190181562952832,-4.542905839108987
2.093959926088373e-15,1.956310925985065,0.08095420423568339,-4.155978037929067
9.682324783204268e-17,1.717956795435368,0.09497813144247019,-3.768096939167454
2.175963095302615,0.9436869602728777,0.1656657250925938,-29.80974290922701
5.24143268477775e-17,1.766599469880706,0.09190174099439452,-4.623271671700951
1.038263951005382e-15,2.047355556181427,0.0762354111051789,-3.718597153445375
1.738688558207614e-15,2.018361566059969,0.07770337425234747,-8.426760050638036
5.64667360488876e-15,1.249210677865239,0.1318516435729848,-4.449666094492175
1.038263951005382e-15,1.601652341758811,0.1028346034976646,-10.55851183451615
8.48884454792928e-15,1.891218814657442,0.0845322577791624,-10.47598392375432
9.682324783204268e-17,1.717956795435368,0.09497813144247019,-3.768096939167454
1.738688558207614e-15,2.014863510328723,0.07788263857535754,-4.326213104194836
3.264729756382731e-14,1.612123837119597,0.1020967564674614,-4.392326478858211
3.975272492142624e-14,1.374921717307803,0.1204840306323064,-4.103597151061254
2.093959926088373e-15,1.956310925985065,0.08095420423568339,-4.155978037929067
2.744589317728e-16,1.765328625040087,0.09198062836366172,-9.90989289359694
1.030421936374664,0.000885506394290303,0.4881302430766247,-18.98307112524705
1.131466658015276,0.01459096891447587,0.4519274644581087,-28.98899493205198
3.975272492142624e-14,1.374921717334054,0.1204840306300609,-10.44216418798134
8.48884454792928e-15,1.891038455148506,0.08454242038810084,-3.961439406991437
1.027712355466462,0.0007374436032812071,0.4891676895840062,-13.5494619157573
8.48884454792928e-15,1.86376001581041,0.0860957335602508,-3.800914397661502
2.093959926088373e-15,1.850474786586425,0.08686409201716233,-4.421681148768062
4.543706680749203e-14,0.9110303261884951,0.1699205953269743,-4.440806925836672
9.682324783204268e-17,1.717959921691704,0.09497792990842563,-3.848462771759423
9.682324783204268e-17,1.71782306877963,0.09498675259498085,-16.36537459478478
8.48884454792928e-15,1.788011536100655,0.09058431266883421,-11.46649123104019
2.271595610028619e-15,1.547653047758764,0.1067411246702986,-9.73155229150577
3.975272492142624e-14,1.115825405469996,0.1454095656013225,-4.859477520854047
1.250627977143976,0.04627875502551859,0.4148349411118187,-11.34404648826791
1.985752832009056e-14,1.625255589675788,0.1011802625450477,-15.66216736930217
0.9540622841648951,0.002238404223120938,0.4811323710378635,-33.9755188738713
2.28535564068581,1.051049705361528,0.1526327270912087,-15.44077003348719
8.48884454792928e-15,1.863784771479311,0.0860943091166278,-4.432792589838624
1.873180087232287e-15,0.9378460198571332,0.1664162032976685,-5.663214026422447
1.985752832009056e-14,1.625172656987175,0.1011860201220985,-8.750914302004029
5.64667360488876e-15,1.249322531646921,0.131840954787027,-11.65828965927256
1.738688558207614e-15,2.020872899025733,0.07757496521156376,-11.45202109887764
1.458725957135593,0.1255815915871814,0.3615289597388696,-11.09518189103225
1.985752832009056e-14,1.625418098682619,0.1011689815241133,-3.493399131491893
1.025279804361744,0.0006148067455526984,0.4901091212417464,-10.31558304012623
2.804502661847769e-15,0.9630796715440084,0.1632060873008137,-4.486143953104095
1.038263951005382e-15,1.601580030275269,0.1028397205702961,-13.04893526332903
2.13570444208707,0.4525057328057329,0.2505737087743846,-12.54892024792059
2.804502661847769e-15,0.9630796715440084,0.1632060873008137,-4.486143953104095
1.038263951005382e-15,1.601677376135784,0.1028328320271454,-4.219596869109744
2.093959926088373e-15,1.447992673086377,0.114425159215829,-4.808194085796904
2.271595610028619e-15,1.547856509388136,0.1067260786781001,-4.499941928340294
2.093959926088373e-15,1.850474833210546,0.08686408930682338,-4.780209140072788
0.9783309896051054,0.0004819838938310284,0.4912422721999375,-11.25711253562333
5.64667360488876e-15,1.249210677865239,0.1318516435729848,-4.449666094492175
3.397720200437721e-16,1.766598266939807,0.09190181562952832,-4.542905839108987
2.271595610028619e-15,1.547753843098619,0.1067336705376633,-10.41356536801472
2.016960203741965,0.3935075877631533,0.265230701585095,-12.42389596482334
1.028145822447522e-15,1.5806259459142,0.1043352770732629,-4.988094807799056
3.397720200437721e-16,1.766598266939807,0.09190181562952832,-4.542905839108987
8.48884454792928e-15,1.771433063412232,0.09160241281189679,-13.31011882433361
1.084592355473136,0.006448259230083409,0.4679989100862104,-17.64053824396671
1.873180087232287e-15,0.9889544155825654,0.1599990294219418,-5.072685118117983
1.873180087232287e-15,0.9889544155825654,0.1599990294219418,-5.072685118117983
1.738688558207614e-15,2.100483532689637,0.07362628255949177,-4.958103295470728
2.271595610028619e-15,1.547688131552011,0.1067385300431989,-9.919803034445819
1.038263951005382e-15,1.601678574942529,0.102832747198664,-4.299963664751366
4.936130869128893e-15,2.532970607778296,0.05574507349890601,-4.107679830441663
2.804502661847769e-15,0.9630796715440084,0.1632060873008137,-4.486143953104095
2.093959926088373e-15,1.850474833210546,0.08686408930682338,-4.780209140072788
5.24143268477775e-17,1.766599469880706,0.09190174099439452,-4.623271671700951
3.975272492142624e-14,1.115795745880776,0.1454127715367989,-4.227599328676924
1.232508737952207,0.04058789866339296,0.4201677373317084,-14.97362352212157
1.546794264589279,0.2182173081110079,0.3202008050547973,-17.05394523475409
2.385695111330721,1.147296589088334,0.1420578920472133,-17.83288456118676
2.581061032665688,1.334929606641175,0.1239650627712605,-17.96243675089228
1.048150720455398,0.002168758149203143,0.4814280001904525,-11.48172518326031
5.24143268477775e-17,1.70987792308183,0.0955006050934048,-4.612603450350302
9.682324783204268e-17,1.662826308611992,0.09861107654542917,-3.837794550408773
1.038263951005382e-15,1.550265386627176,0.106548133482224,-4.207787049770299
5.24143268477775e-17,1.70987792308183,0.0955006050934048,-4.612603450350302
1.038263951005382e-15,1.550226026641543,0.1065510381947316,-10.12137884875083