dN/dS,LRT,p-value,Log(L)
2.804502661847769e-15,1.083279034031545,0.1489825851022635,-4.043460340634452
6.728744545674702e-16,0.6963490435905344,0.2020065973108837,-3.846151762150365
2.801083422829832,0.7713452125084679,0.189900610793084,-11.20863140345891
2.804502661847769e-15,0.6652748118622061,0.2073519447908459,-4.061229399745256
6.728744545674702e-16,0.6652746414524247,0.2073519746729727,-3.983748296957403
4.936130869128893e-15,0.8166950108218884,0.1830741212330358,-4.559636857460029
2.269969926313108e-14,0.3656341211400758,0.2726968587369201,-16.80091770674645
5.840566125974614e-16,0.8978954793270226,0.1716733189871668,-4.149164836908668
1.028145822447522e-15,0.5750994230306974,0.2241198136151032,-3.990379527388531
6.728744545674702e-16,0.6652746414524247,0.2073519746729727,-3.983748296957403
1.028145822447522e-15,0.3417501767066682,0.2794103623710008,-4.138081754022002
1.038263951005382e-15,0.7678815553339717,0.1904366045256748,-16.43660611721226
5.64667360488876e-15,0.3523450233075849,0.2763943308511186,-10.77861892880061
1.028145822447522e-15,0.7433018055376355,0.1943026203479349,-4.273368853520203
3.313897601466602,0.9969014601330315,0.1590307136161034,-10.09712345368349
4.936130869128893e-15,0.8166950108218884,0.1830741212330358,-4.559636857460029
1,0,1,0
2.286690639317816,0.5262295020373493,0.2340981915368068,-10.47482474285185
2.456728342055694,0.6100631792428715,0.2173820115401386,-11.20566238174173
1,0,1,0
1.741349094013419,0.2569952698066835,0.3060960002501389,-11.22230107209403
2.449231293967717e-15,0.9192418954678807,0.168837052284233,-10.66490073953744
1,0,1,0
1,0,1,0
1,0,1,0
2.18758945338028,0.4780504108734362,0.2446533650065608,-18.45191281413747
1.038263951005382e-15,1.032099745664766,0.1548330038067113,-17.34985125932625
4.0479524494288e-15,0.9051856305479262,0.1706975239827628,-10.24848516949586
4.936130869128893e-15,0.4561903259786568,0.2497049162163753,-13.63025878872079
1,0,1,0
4.42787960629144,1.421997869651666,0.1165374216736477,-11.73217693171881
1,0,1,0
8.48884454792928e-15,0.9241591638055695,0.1681926381369594,-22.90021636896885
1,0,1,0
1,0,1,0
1,0,1,0
1,0,1,0
1,0,1,0
1,0,1,0
1,0,1,0
1,0,1,0
1,0,1,0
1,0,1,0
1,0,1,0
1,0,1,0
1,0,1,0
1,0,1,0
1,0,1,0
1.038263951005382e-15,0.5468788128543061,0.2297979107070712,-10.1912539037095
1,0,1,0
1,0,1,0
2.804502661847769e-15,0.9393326048578423,0.1662247688894231,-10.6027723942154
1.028145822447522e-15,0.9051856328026169,0.1706975236821278,-11.37783906630825
1,0,1,0
1,0,1,0
1,0,1,0
2.804502661847769e-15,1.006800339383339,0.1578353004220601,-9.677072942657988
1,0,1,0
1,0,1,0
1,0,1,0
5.439368486323397,5.235202042666181,0.01106711872720872,-21.00181586608612
2.804502661847769e-15,0.785893004803274,0.187672443491921,-10.62835249403491
1,0,1,0
4.453642991439472,2.858828638323324,0.04543682570953034,-14.2761446418714
5.201357724866377,5.019926163968456,0.01252861874210176,-19.91728231057559
1,0,1,0
1,0,1,0
1,0,1,0
1.921510897005241,0.3457643799972274,0.2782603304772491,-9.896995869977756
1.772060674704616,0.2719808262018901,0.3010030510102416,-9.773354726809323
1,0,1,0
2.804502661847769e-15,0.924273291716716,0.1681777207024359,-11.42017739619756
1,0,1,0
1,0,1,0
1,0,1,0
1,0,1,0
1,0,1,0
1,0,1,0
1.038263951005382e-15,0.9192099667210769,0.1688412473950229,-9.577478913625608
1,0,1,0
1,0,1,0
1,0,1,0
1,0,1,0
1,0,1,0
1,0,1,0
1,0,1,0
2.269969926313108e-14,0.4622866912316184,0.2482786098612852,-17.52011251913472
1,0,1,0
1,0,1,0
1,0,1,0
1,0,1,0
1,0,1,0
1,0,1,0
1,0,1,0
1,0,1,0
2.449231293967717e-15,0.5468721111191073,0.2297992859221248,-10.05305662641867
1,0,1,0
1,0,1,0
1,0,1,0
1,0,1,0
1.918539543287648,0.3442860797095193,0.2786828009339866,-10.74760038916041
1,0,1,0
1,0,1,0
1,0,1,0
1,0,1,0
1,0,1,0
1,0,1,0
2.286599900080474,0.526208083560018,0.2341027186205388,-10.09567962095792
1,0,1,0
2.804502661847769e-15,0.7267487029611317,0.1969695473957759,-10.32129439640712
1,0,1,0
1,0,1,0
1,0,1,0
1,0,1,0
1,0,1,0
1,0,1,0
1,0,1,0
1.028145822447522e-15,0.9393326050886976,0.1662247688597177,-10.24025980435826
1,0,1,0
1,0,1,0
1,0,1,0
2.804502661847769e-15,0.939332607248236,0.1662247685818374,-11.38287106924326
1,0,1,0
1,0,1,0
1,0,1,0
1,0,1,0
1,0,1,0
1,0,1,0
1,0,1,0
2.804502661847769e-15,0.7047158541992999,0.2006018107349102,-10.49726879582811
1,0,1,0
1,0,1,0
2.804502661847769e-15,0.9051856302211796,0.1706975240263304,-8.849018750199216
1,0,1,0
1.028145822447522e-15,1.006822288541002,0.1578326628909821,-10.22215860262657
1,0,1,0
1,0,1,0
2.185171896741633,0.4764654083360469,0.2450138593337511,-9.714799699833078
1,0,1,0
1,0,1,0
1,0,1,0
1,0,1,0
1,0,1,0
1,0,1,0
1,0,1,0
1,0,1,0
1,0,1,0
1,0,1,0
1,0,1,0
2.449231293967717e-15,1.154893029774914,0.1412636023720217,-9.747057043889532
1,0,1,0
1,0,1,0
2.555913483168566,0.6574336204610098,0.2087337182469685,-10.64081491078098
1,0,1,0
1,0,1,0
1,0,1,0
1,0,1,0
1,0,1,0
1,0,1,0
1.973904345416158,0.3719305790155083,0.2709769066567713,-10.19453677154677
1,0,1,0
1,0,1,0
1,0,1,0
1,0,1,0
1,0,1,0
1,0,1,0
1,0,1,0
1,0,1,0
1,0,1,0
1,0,1,0
1,0,1,0
1,0,1,0
1,0,1,0
1,0,1,0
1,0,1,0
1,0,1,0
1,0,1,0
1,0,1,0
4.936130869128893e-15,1.03209974567266,0.154833003805786,-21.83443175770516
2.093959926088373e-15,0.4454964233472118,0.2522407133316419,-11.97354052083892
1,0,1,0
1,0,1,0
1,0,1,0
1,0,1,0
1,0,1,0
1,0,1,0
1,0,1,0
1,0,1,0
1,0,1,0
1,0,1,0
1,0,1,0
1,0,1,0
1,0,1,0
1,0,1,0
1,0,1,0
1,0,1,0
1,0,1,0
1,0,1,0
6.777204897367211,6.335153054735883,0.005918395073241323,-26.33030833294396
1,0,1,0
1,0,1,0
5.12773565142365,4.954644684132411,0.01301033578889454,-23.59031244588313
2.093959926088373e-15,0.9051856295820926,0.1706975241115447,-16.55228163974393
1.91998580333658,0.3450017053826357,0.278478136540326,-13.44769708820312
1.776164513310355,0.2739934350282738,0.3003327176330325,-9.547971841568467
1.926180451869791,0.3480945705673157,0.2775968671674023,-15.34777917191355
1,0,1,0
1,0,1,0
2.804502661847769e-15,1.134671389805874,0.1433905560238783,-11.17215021241248
1.028145822447522e-15,0.4449288423553455,0.2523765282598827,-11.7092506624561
1,0,1,0
1,0,1,0
4.936130869128893e-15,0.5468788131782567,0.229797910640596,-10.19080841600014
1.959639262220732,0.3649995719865409,0.2728713135663849,-12.96246728330324
1,0,1,0
1,0,1,0
1,0,1,0
2.139485391892331,0.4543209477389425,0.2501450577940764,-16.36648476677269
2.214871935374317,0.4915482951523451,0.2416187286335555,-9.885930171078874
1,0,1,0
1,0,1,0
1,0,1,0
1.028145822447522e-15,0.8799054718656016,0.1741137856309467,-9.859527915083214
2.804502661847769e-15,1.072618806895363,0.1501773338904942,-11.05514802974497
1.028145822447522e-15,1.134622544139173,0.1433957427136824,-9.785387963539931
1,0,1,0
1,0,1,0
1,0,1,0
1,0,1,0
1,0,1,0
1.028145822447522e-15,0.9102164281075069,0.1700285002759158,-10.00461127397454
1,0,1,0
1.028145822447522e-15,0.8406767345736696,0.1796016480840841,-9.478898681824168
4.936130869128893e-15,1.154561811214165,0.141298117471184,-17.17248356679597
2.093959926088373e-15,0.7858930091782241,0.1876724428273874,-18.22306364204105
23.48596429947483,52.0320056207013,2.73003841755326e-13,-55.73454152595641
1,0,1,0
1,0,1,0
4.376640572728893,2.80622235920498,0.04694962629807614,-19.61744396612158
1,0,1,0
1,0,1,0
1,0,1,0
1,0,1,0
1,0,1,0
22.51698691683575,46.81125233911273,3.908151580134245e-12,-62.56319275910254
1,0,1,0
1,0,1,0
1,0,1,0
1,0,1,0
1,0,1,0
1,0,1,0
1,0,1,0
2.804502661847769e-15,0.9393326037836971,0.1662247690276396,-10.54718169477909
1,0,1,0
1,0,1,0
1,0,1,0
1,0,1,0
1,0,1,0
2.456733591165156,0.6100649493022665,0.2173816783390132,-11.20577086429282
1.038263951005382e-15,0.4596534035052358,0.2488930000446048,-9.402415465308261
1,0,1,0
1,0,1,0
1,0,1,0
1,0,1,0
1.028145822447522e-15,1.188218353159559,0.1378446152020228,-10.75284045281255
1,0,1,0
4.936130869128893e-15,0.4451723015825841,0.2523182562323514,-10.80277631948321
1,0,1,0
1,0,1,0
1,0,1,0
1,0,1,0
1,0,1,0
1.038263951005382e-15,0.7267487005544631,0.1969695477873308,-14.80808882501694
1,0,1,0
1,0,1,0
1.789682705672503,0.2804555145144079,0.2982014058902296,-9.851622639149841
3.180361401149447,0.9394370125232854,0.1662113348731593,-10.4158308406951
1,0,1,0
1,0,1,0
1,0,1,0
1,0,1,0
1,0,1,0
1,0,1,0
1,0,1,0
1,0,1,0
4.936130869128893e-15,0.7100046780234379,0.1997211294791131,-13.13852687568946
1,0,1,0
1,0,1,0
1,0,1,0
1,0,1,0
1.694047358260714,0.2341086220839834,0.3142469706016741,-10.5006587232153
1,0,1,0
1,0,1,0
1,0,1,0
1.038263951005382e-15,0.7856961814142629,0.187702343350287,-13.79011699650943
1.997366196663922,0.3834491744730855,0.2678815263740917,-9.508609472999101
1,0,1,0
1,0,1,0
1,0,1,0
1,0,1,0
2.186983375022565,0.4773361043518918,0.2448157180368224,-10.95248817264923
1,0,1,0
1,0,1,0
2.804502661847769e-15,0.8406953847523901,0.1795989831069522,-10.3841522900137
1,0,1,0
1,0,1,0
1.912861940882226,0.3414680266315067,0.2794915362054767,-10.3454609780486
1,0,1,0
1,0,1,0
1,0,1,0
1,0,1,0
1,0,1,0
1,0,1,0
1,0,1,0
1.028145822447522e-15,1.106594292214787,0.1464117369249309,-10.4518431943978
1,0,1,0
1,0,1,0
2.769118945603499,0.7558986565672434,0.1923075415578184,-11.3545717201833
1,0,1,0
6.295251901276293,5.964054697106249,0.00730021304535089,-32.49140567849371
1,0,1,0
4.936130869128893e-15,0.9102165225048644,0.1700284877555631,-11.44054079104391
1,0,1,0
1,0,1,0
1,0,1,0
1,0,1,0
1,0,1,0
2.195501567636507,0.4815443957648213,0.2438618002145209,-13.05175406507855
1,0,1,0
1,0,1,0
1,0,1,0
1,0,1,0
1,0,1,0
1,0,1,0
1.028145822447522e-15,1.188218298629586,0.1378446207107201,-10.75251095724799
1,0,1,0
1.028145822447522e-15,1.007497135604769,0.1577515977168703,-10.95051056506443
1,0,1,0
2.449231293967717e-15,0.9393326049083122,0.1662247688829289,-10.61602959836705
1,0,1,0
1,0,1,0
1,0,1,0
1,0,1,0
2.216089959047211,0.4921438516678442,0.24148626841835,-11.48709931211912
1,0,1,0
2.804502661847769e-15,0.9403766871610202,0.1660904931206927,-4.456558371669996
9.682324783204268e-17,0.8861018358062749,0.173267932101183,-3.607848897648104
1.028145822447522e-15,0.6063903431099824,0.218075077954464,-4.380928586827848
2.136080488678526,0.4528960244091635,0.2504814386987429,-9.782674598864812
2.804502661847769e-15,0.8166950094079581,0.183074121440496,-4.294151056263328
2.804502661847769e-15,0.6652748118622061,0.2073519447908459,-4.061229399745256
2.271595610028619e-15,0.8166950099285089,0.1830741213641178,-10.0536260645673
2.804502661847769e-15,0.9403766871610202,0.1660904931206927,-4.456558371669996
1.028145822447522e-15,0.6063903431099824,0.218075077954464,-4.380928586827848
9.682324783204268e-17,0.8861018358062749,0.173267932101183,-3.607848897648104
5.840566125974614e-16,0.7967540168501781,0.1860328202987834,-3.590382824416416
5.840566125974614e-16,0.7274569597403744,0.1968543654157239,-3.575426479810857
1.028145822447522e-15,0.9403766871322432,0.1660904931243916,-4.379077183677249
8.48884454792928e-15,0.3642478257007653,0.2730782571469514,-4.486640750867726
1.340273035413137e-15,0.7967570349140285,0.186032367471394,-4.124581382658288
2.449231293967717e-15,0.9140343833651308,0.1695231196818465,-11.31541459288116
2.804502661847769e-15,1.083279034031545,0.1489825851022635,-4.043460340634452
2.804502661847769e-15,1.083279034031545,0.1489825851022635,-4.043460340634452
6.728744545674702e-16,0.8278664372025384,0.1814450986851446,-3.931337067820227
1.028145822447522e-15,0.9403766814450236,0.1660904938554111,-9.916585691891404
8.48884454792928e-15,0.3642478257007653,0.2730782571469514,-4.486640750867726
1.028145822447522e-15,0.5750994230306974,0.2241198136151032,-3.990379527388531
1.028145822447522e-15,0.9403766871322432,0.1660904931243916,-4.379077183677249
1.028145822447522e-15,0.6063903431099824,0.218075077954464,-4.380928586827848
1.028145822447522e-15,0.8758234426775324,0.1746740811364653,-4.351433854577882
2.804502661847769e-15,0.7313858003930065,0.1962171825988887,-4.318799249877726
8.48884454792928e-15,0.4327290146093503,0.2553264458628455,-17.07768926328246
5.840566125974614e-16,0.7274569597403744,0.1968543654157239,-3.575426479810857
6.728744545674702e-16,0.6218557201449393,0.2151792618355551,-4.618679317028331
4.0479524494288e-15,0.7745213409964187,0.1894109817225246,-8.772513898139891
1.028145822447522e-15,0.9142734923330895,0.1694915361812266,-4.451550235997742
2.874781412305435,0.8048385465138956,0.1848253248032494,-10.27599106869114
3.17603086687411e-16,0.9142733947087276,0.1694915490746507,-4.641678512902367
4.936130869128893e-15,0.4207764540800536,0.2582749314509646,-4.051951543113386
4.936130869128893e-15,0.7940237148410141,0.1864431044923978,-4.290028063096407
4.936130869128893e-15,0.7940237148410141,0.1864431044923978,-4.290028063096407
3.17603086687411e-16,0.804888205885895,0.1848179415740799,-3.849927650339189
9.682324783204268e-17,0.6288638372496962,0.2138861861830704,-4.733579080880953
6.728744545674702e-16,0.6770214782411665,0.2053071290416141,-3.308578773046517
5.840566125974614e-16,0.8729724294617007,0.1750668634325294,-4.144961187118868
2.804502661847769e-15,0.6964037966993999,0.2019973577654213,-12.70812306436819
4.936130869128893e-15,0.4207764540800536,0.2582749314509646,-4.051951543113386
4.936130869128893e-15,0.7940237148410141,0.1864431044923978,-4.290028063096407
2.804502661847769e-15,0.7940237148422504,0.1864431044922117,-10.80082097344885
2.804502661847769e-15,0.6468096592901844,0.2106278121353768,-4.056532099770318
1.038263951005382e-15,0.7072524393489381,0.2001787236012248,-10.63261767310642
4.936130869128893e-15,0.4207764540800536,0.2582749314509646,-4.051951543113386
2.804502661847769e-15,0.6468096592901844,0.2106278121353768,-4.056532099770318
5.840566125974614e-16,0.7072687072958157,0.2001760143866134,-3.648703797522505
2.197805024113648,0.483472303326117,0.2434268507438724,-10.78546653259358
2.449231293967717e-15,0.6769609619448538,0.2053175871735692,-9.125625877661927
2.093959926088373e-15,0.3424709470103693,0.2792032025983116,-9.797345576286896
5.840566125974614e-16,0.7072682861857169,0.2001760845163433,-3.571498029831266
2.804502661847769e-15,0.8513175270292166,0.1780899414288346,-10.39236003724614
4.936130869128893e-15,0.332380953009018,0.2821302243620638,-10.64210123549552
2.804502661847769e-15,0.6467781898600435,0.2106334606787342,-9.429796822452563
2.600859162051564,0.6779940969198464,0.2051391532764126,-21.83253669948983
6.728744545674702e-16,0.6770214782411665,0.2053071290416141,-3.308578773046517
1.20578150638828e-15,0.6964037957165221,0.2019973579312757,-4.543808566177222
5.840566125974614e-16,0.7072687072958157,0.2001760143866134,-3.648703797522505
4.0479524494288e-15,0.774612963640223,0.1893968836989663,-10.16467325571742
6.728744545674702e-16,0.6770214782411665,0.2053071290416141,-3.308578773046517
1.028145822447522e-15,0.5895557411623198,0.2212954811651811,-4.376724937038048
5.840566125974614e-16,0.7110827846896708,0.1995422939368781,-4.314870799898133
4.936130869128893e-15,0.4207764540800536,0.2582749314509646,-4.051951543113386
5.840566125974614e-16,0.6468094965771298,0.2106278413406539,-3.979326202902745
5.840566125974614e-16,0.7746404000341718,0.1893926623347201,-3.58700839355444
5.64667360488876e-15,0.6769914749070409,0.2053123139738935,-17.72426894108929
5.840566125974614e-16,0.7746404000341718,0.1893926623347201,-3.58700839355444
1.028145822447522e-15,0.5895557411623198,0.2212954811651811,-4.376724937038048
3.741645338993932,1.169885850585359,0.1397123482187216,-11.98582353850218
5.840566125974614e-16,0.7746404000341718,0.1893926623347201,-3.58700839355444
2.804502661847769e-15,0.7226692061202673,0.1976348772644184,-4.003760059156581
5.840566125974614e-16,0.7746404000341718,0.1893926623347201,-3.58700839355444
6.728744545674702e-16,0.9140249575233241,0.1695243648874002,-10.28244279264623
5.840566125974614e-16,0.8251771484745021,0.1818354122777769,-3.81361020796887
5.840566125974614e-16,0.6468094965771298,0.2106278413406539,-3.979326202902745
2.804502661847769e-15,0.420779811862813,0.2582740948174206,-4.584160250200663
1.028145822447522e-15,0.8048886269959965,0.1848178789662586,-3.927133418030428
2.804502661847769e-15,0.6288638377318563,0.2138861860945107,-4.810785058863972
2.449231293967717e-15,0.7746432813390012,0.1893922190247859,-4.119217100641718
6.728744545674702e-16,0.6770214782411665,0.2053071290416141,-3.308578773046517
6.728744545674702e-16,0.5591375466198301,0.227303973507629,-3.908970109907493
1.028145822447522e-15,0.7226692076406032,0.1976348770158625,-10.2215932070739
2.449231293967717e-15,0.7746432813390012,0.1893922190247859,-4.119217100641718
1.028145822447522e-15,0.8048886269959965,0.1848178789662586,-3.927133418030428
1.028145822447522e-15,0.6964037967032901,0.2019973577647649,-4.276474311048493
2.449231293967717e-15,0.6769912151331603,0.2053123588667449,-9.818695747047336
2.337838450040858,0.551862281308658,0.2287788819568488,-9.328256946224249
3.17603086687411e-16,0.804888205885895,0.1848179415740799,-3.849927650339189
2.804502661847769e-15,0.6288638377318563,0.2138861860945107,-4.810785058863972
8.48884454792928e-15,0.3541344728972362,0.2758909923361396,-4.486640750867726
2.271595610028619e-15,0.5656724689677386,0.225991852378953,-4.881280646253448
2.449231293967717e-15,0.5591375466204944,0.227303973507495,-3.986175877598733
5.840566125974614e-16,0.7072682861857169,0.2001760845163433,-3.571498029831266
4.936130869128893e-15,0.7940237153472278,0.1864431044162114,-4.822238186685147
2.449231293967717e-15,0.7746432813390012,0.1893922190247859,-4.119217100641718
3.19628481818973,0.9472597589469238,0.1652088921551764,-10.48710372835162
9.682324783204268e-17,0.6288638372496962,0.2138861861830704,-4.733579080880953
1.028145822447522e-15,0.7226692076406049,0.1976348770158621,-4.268635927616591
1.028145822447522e-15,0.7940237161786126,0.186443104291086,-4.63210990978052
1.028145822447522e-15,0.3424706573116083,0.2792032858031041,-5.144109905459366
2.449231293967717e-15,0.7746432813390012,0.1893922190247859,-4.119217100641718
1.028145822447522e-15,0.7071872625431119,0.2001895784826204,-9.021993502245286
4.936130869128893e-15,0.4207764540800536,0.2582749314509646,-4.051951543113386
8.054333073515119e-16,0.711049302914482,0.1995478443785958,-10.66517066235751
2.804502661847769e-15,0.696403795115689,0.2019973580326625,-4.011598442588483
5.840566125974614e-16,0.6468094965771298,0.2106278413406539,-3.979326202902745
3.17603086687411e-16,0.804888205885895,0.1848179415740799,-3.849927650339189
4.936130869128893e-15,0.3424706355659541,0.2792032920487062,-4.611899780248645
1.028145822447522e-15,0.6964037967032901,0.2019973577647649,-4.276474311048493
1.028145822447522e-15,0.8048886269959965,0.1848178789662586,-3.927133418030428
4.936130869128893e-15,0.5419785330948503,0.2308069564930942,-4.34907052266471
5.840566125974614e-16,0.7746404000341718,0.1893926623347201,-3.58700839355444
2.804502661847769e-15,1.05320973027084,0.1523845068239665,-4.043460340634452
5.840566125974614e-16,0.7072687072958157,0.2001760143866134,-3.648703797522505
6.728744545674702e-16,0.6770214782411665,0.2053071290416141,-3.308578773046517
1.028145822447522e-15,0.3424706573116083,0.2792032858031041,-5.144109905459366
6.728744545674702e-16,0.5895553200065144,0.2212955626431408,-4.299519169346809
5.840566125974614e-16,0.7746404000341718,0.1893926623347201,-3.58700839355444
5.840566125974614e-16,0.8251771484745021,0.1818354122777769,-3.81361020796887
2.804502661847769e-15,0.696403795115689,0.2019973580326625,-4.011598442588483
1.028145822447522e-15,0.6770243595442897,0.2053066311283729,-3.840787480133795
1.028145822447522e-15,0.6770243595442897,0.2053066311283729,-3.840787480133795
4.936130869128893e-15,0.4207764540800536,0.2582749314509646,-4.051951543113386
2.269969926313108e-14,0.342470747770534,0.2792032598222625,-16.54323573028928
6.728744545674702e-16,0.8515134267194053,0.178062274527032,-4.345818915056161
5.840566125974614e-16,0.7746404000341718,0.1893926623347201,-3.58700839355444
5.840566125974614e-16,0.7072682861857169,0.2001760845163433,-3.571498029831266
1.340273035413137e-15,0.7940237161786197,0.1864431042910849,-4.554903931556416
2.449231293967717e-15,0.7746432813390012,0.1893922190247859,-4.119217100641718
3.17603086687411e-16,0.804888205885895,0.1848179415740799,-3.849927650339189
2.804502661847769e-15,1.05320973027084,0.1523845068239665,-4.043460340634452
1.028145822447522e-15,0.9142734923330895,0.1694915361812266,-4.451550235997742
1.873180087232287e-15,0.7071868661125222,0.2001896445088283,-9.012664393712042
1.028145822447522e-15,0.9142734923058651,0.1694915361848222,-4.374344257773639
5.840566125974614e-16,0.7466013708076709,0.1937771974028474,-4.405227499503856
1.028145822447522e-15,0.5895557411623198,0.2212954811651811,-4.376724937038048
6.728744545674702e-16,0.6770214782411665,0.2053071290416141,-3.308578773046517
2.449231293967717e-15,0.8615094942087795,0.1766583074742794,-3.607100334741754
2.449231293967717e-15,0.5591375466204944,0.227303973507495,-3.986175877598733
1.028145822447522e-15,0.7110832062375483,0.1995422240561983,-4.392076567589373
6.728744545674702e-16,0.6770214782411665,0.2053071290416141,-3.308578773046517
5.840566125974614e-16,0.7466013708076709,0.1937771974028474,-4.405227499503856
1.028145822447522e-15,0.8048886269959965,0.1848178789662586,-3.927133418030428
5.840566125974614e-16,0.7072682861857169,0.2001760845163433,-3.571498029831266
2.530542953956776,0.6453665273221532,0.2108870772641591,-11.02546567575681
1.028145822447522e-15,0.7466015337510683,0.1937771715058165,-4.482433267195096
2.449231293967717e-15,0.8615094942087795,0.1766583074742794,-3.607100334741754
3.17603086687411e-16,0.9142733947087276,0.1694915490746507,-4.641678512902367
4.936130869128893e-15,0.5419785330948503,0.2308069564930942,-4.34907052266471
2.804502661847769e-15,0.6468096592901844,0.2106278121353768,-4.056532099770318
5.840566125974614e-16,0.8251771484745021,0.1818354122777769,-3.81361020796887
2.804502661847769e-15,0.7072031864153132,0.2001869263599855,-9.236339990345657
1.028145822447522e-15,0.8879389485952167,0.1730182225433726,-4.109468389313627
5.64667360488876e-15,0.6964037967032866,0.2019973577647655,-9.941283725270296
6.728744545674702e-16,0.5591375466198301,0.227303973507629,-3.908970109907493
1.028145822447522e-15,0.8048886269959965,0.1848178789662586,-3.927133418030428
5.840566125974614e-16,0.7110827846896708,0.1995422939368781,-4.314870799898133
3.17603086687411e-16,0.804888205885895,0.1848179415740799,-3.849927650339189
2.804502661847769e-15,0.7226692061250155,0.1976348772636422,-10.10866446087293
2.449231293967717e-15,0.5591375466204944,0.227303973507495,-3.986175877598733
5.840566125974614e-16,0.8251771484745021,0.1818354122777769,-3.81361020796887
2.499253112188103,0.6298028064771586,0.2137138275193617,-16.28628888774369
5.840566125974614e-16,0.7746404000341718,0.1893926623347201,-3.58700839355444
4.936130869128893e-15,0.7940237148410141,0.1864431044923978,-4.290028063096407
4.936130869128893e-15,0.3559583847680177,0.2753797292335357,-4.664192968585936
5.840566125974614e-16,0.7072687072958157,0.2001760143866134,-3.648703797522505
5.840566125974614e-16,0.7072687072958157,0.2001760143866134,-3.648703797522505
2.093959926088373e-15,0.774553755562863,0.1894059939072892,-16.99340423020417
1.028145822447522e-15,0.5895557411623198,0.2212954811651811,-4.376724937038048
2.804502661847769e-15,0.420779811862813,0.2582740948174206,-4.584160250200663
2.804502661847769e-15,0.6468096592901844,0.2106278121353768,-4.056532099770318
1.028145822447522e-15,0.6770063523853125,0.2053097429449684,-10.51225896933678
1.028145822447522e-15,0.9142734923058651,0.1694915361848222,-4.374344257773639
1.028145822447522e-15,0.7226692076406049,0.1976348770158621,-4.268635927616591
2.449231293967717e-15,0.7746432813390012,0.1893922190247859,-4.119217100641718
1.028145822447522e-15,0.3424706573116083,0.2792032858031041,-5.144109905459366
1.028145822447522e-15,0.6770243595442897,0.2053066311283729,-3.840787480133795
4.936130869128893e-15,0.5419785330948503,0.2308069564930942,-4.34907052266471
1.028145822447522e-15,0.8880216951086162,0.1730069867013061,-11.31293404847598
2.449231293967717e-15,0.5591375466204944,0.227303973507495,-3.986175877598733
6.728744545674702e-16,0.6770214782411665,0.2053071290416141,-3.308578773046517
3.17603086687411e-16,0.804888205885895,0.1848179415740799,-3.849927650339189
8.48884454792928e-15,0.3541344728972362,0.2758909923361396,-4.486640750867726
2.804502661847769e-15,0.6468096592901844,0.2106278121353768,-4.056532099770318
4.936130869128893e-15,0.3424706355659541,0.2792032920487062,-4.611899780248645
8.48884454792928e-15,0.3541344728972362,0.2758909923361396,-4.486640750867726
5.840566125974614e-16,0.6468094965771298,0.2106278413406539,-3.979326202902745
4.936130869128893e-15,0.6045913932921216,0.2184157722260355,-4.691152369348825
6.728744545674702e-16,0.5895553200065144,0.2212955626431408,-4.299519169346809
1.028145822447522e-15,0.7940237161786126,0.186443104291086,-4.63210990978052
2.449231293967717e-15,0.8615094942087795,0.1766583074742794,-3.607100334741754
4.936130869128893e-15,0.5419785330948503,0.2308069564930942,-4.34907052266471
5.840566125974614e-16,0.7466013708076709,0.1937771974028474,-4.405227499503856
6.728744545674702e-16,0.5895553200065144,0.2212955626431408,-4.299519169346809
5.665281247411356,1.815806074559891,0.08890665166081746,-13.27383861093772
9.682324783204268e-17,0.6288638372496962,0.2138861861830704,-4.733579080880953
1.038263951005382e-15,0.7465950891898636,0.1937781957609696,-11.45736222829538
5.840566125974614e-16,0.6468094965771298,0.2106278413406539,-3.979326202902745
2.786849367004253,0.7649589559783543,0.190890535857443,-13.75220189285031
4.936130869128893e-15,0.3550937616981891,0.2756218710288204,-10.30332196071462
1.028145822447522e-15,0.3424706573116083,0.2792032858031041,-5.144109905459366
3.17603086687411e-16,0.9142733947087276,0.1694915490746507,-4.641678512902367
1.028145822447522e-15,0.5895557411623198,0.2212954811651811,-4.376724937038048
2.804502661847769e-15,0.6468096592901844,0.2106278121353768,-4.056532099770318
2.804502661847769e-15,1.05320973027084,0.1523845068239665,-4.043460340634452
8.48884454792928e-15,0.3541344728972362,0.2758909923361396,-4.486640750867726
1.028145822447522e-15,0.7940237161786126,0.186443104291086,-4.63210990978052
1.028145822447522e-15,0.7466015337510683,0.1937771715058165,-4.482433267195096
4.936130869128893e-15,0.4207764540800536,0.2582749314509646,-4.051951543113386
6.728744545674702e-16,0.6770214782411665,0.2053071290416141,-3.308578773046517
1.028145822447522e-15,0.9142734923330895,0.1694915361812266,-4.451550235997742
5.840566125974614e-16,0.7072687072958157,0.2001760143866134,-3.648703797522505
5.840566125974614e-16,0.6468094965771298,0.2106278413406539,-3.979326202902745
6.728744545674702e-16,0.8515134267194053,0.178062274527032,-4.345818915056161
1.028145822447522e-15,0.7466015337510683,0.1937771715058165,-4.482433267195096
5.840566125974614e-16,0.7072687072958157,0.2001760143866134,-3.648703797522505
5.840566125974614e-16,0.6468094965771298,0.2106278413406539,-3.979326202902745
1.028145822447522e-15,0.7466015337510683,0.1937771715058165,-4.482433267195096
3.107329140979496,0.9076595763265729,0.1703680827866939,-9.415075516628653