dN/dS,LRT,p-value,Log(L)
1,0,1,0
1,0,1,0
1,0,1,0
1,0,1,0
1,0,1,0
1,0,1,0
1,0,1,0
1,0,1,0
1,0,1,0
1,0,1,0
6.928081567008649,2.149973035100103,0.07128619680529341,-9.851712799829995
1,0,1,0
4.936130869128893e-15,0.2972659928365999,0.2928007480208737,-11.09622042274109
2.093959926088373e-15,0.6244583091790048,0.2146976795972131,-17.71299800688142
1,0,1,0
1,0,1,0
1,0,1,0
1,0,1,0
3.759711261986588,1.176759898075346,0.1390083021973012,-17.93943784751893
1,0,1,0
1,0,1,0
3.168213166422057,0.9323595335624262,0.1671252757319031,-15.96613153710635
1,0,1,0
1,0,1,0
2.589742486268783,0.6727064131028726,0.2060548083426099,-9.941280657556471
1,0,1,0
1,0,1,0
1,0,1,0
5.64667360488876e-15,0.2971868496723182,0.2928257059115432,-11.22706161285333
1,0,1,0
1,0,1,0
1,0,1,0
1.038263951005382e-15,0.6264504441123648,0.2143301557498817,-18.38460342972816
1,0,1,0
1.028145822447522e-15,0.7033247476379643,0.2008343904844975,-10.85790046932831
1,0,1,0
1,0,1,0
1,0,1,0
2.804502661847769e-15,0.7765261779834063,0.1891028340489033,-11.28758180611275
1,0,1,0
1,0,1,0
1,0,1,0
1.038263951005382e-15,0.6108639083928047,0.2172313593659087,-9.15372339719981
1,0,1,0
1,0,1,0
1,0,1,0
1,0,1,0
1,0,1,0
5.317158390346718,1.708445598658823,0.0955935852241363,-10.55715832026526
1,0,1,0
1,0,1,0
1,0,1,0
2.804502661847769e-15,0.630203185036585,0.2136403970724107,-9.552209424896176
1,0,1,0
4.936130869128893e-15,0.7033247495618795,0.2008343901625663,-9.786465416561621
1,0,1,0
1,0,1,0
1,0,1,0
1,0,1,0
1,0,1,0
1,0,1,0
1,0,1,0
1,0,1,0
1,0,1,0
1,0,1,0
1,0,1,0
1,0,1,0
1,0,1,0
1,0,1,0
2.449231293967717e-15,0.7789702589704319,0.1887281281751763,-10.37353165906476
1,0,1,0
3.219316347292435,0.955806913445052,0.164122794435229,-16.87708590119851
1.038263951005382e-15,0.4603431792040666,0.2487318158205191,-19.71562984858366
1,0,1,0
1,0,1,0
1,0,1,0
1.038263951005382e-15,0.7772119096710739,0.1889975977830593,-22.6015955011807
1,0,1,0
1,0,1,0
1,0,1,0
1,0,1,0
4.936130869128893e-15,0.2971869562293001,0.2928256723057746,-10.30838355595565
1,0,1,0
1,0,1,0
1.028145822447522e-15,0.7033247495618866,0.2008343901625652,-11.57740485403049
1,0,1,0
1,0,1,0
1,0,1,0
1,0,1,0
1,0,1,0
3.282881253634926,0.9826320463470246,0.1607749295716013,-11.09743011635799
1,0,1,0
1,0,1,0
1,0,1,0
1,0,1,0
1,0,1,0
1,0,1,0
1,0,1,0
1,0,1,0
1,0,1,0
1,0,1,0
1,0,1,0
1,0,1,0
2.804502661847769e-15,0.6244583093007314,0.214697679574727,-10.5129787369157
1,0,1,0
1,0,1,0
1,0,1,0
1,0,1,0
1,0,1,0
1,0,1,0
1,0,1,0
3.167739491895192,0.9324071980405009,0.1671190982258698,-8.765684209486885
1,0,1,0
1,0,1,0
1,0,1,0
1,0,1,0
1,0,1,0
1,0,1,0
1,0,1,0
1,0,1,0
1,0,1,0
1,0,1,0
1,0,1,0
1,0,1,0
1,0,1,0
1,0,1,0
1,0,1,0
1,0,1,0
1,0,1,0
1,0,1,0
1,0,1,0
1,0,1,0
1,0,1,0
1,0,1,0
1,0,1,0
1,0,1,0
3.467868383330477,1.058768154557438,0.1517481542950471,-9.022598989538144
1,0,1,0
1,0,1,0
2.848877051958513,0.7921913480226586,0.1867191657521844,-9.360226637494884
1,0,1,0
1,0,1,0
1,0,1,0
1,0,1,0
1,0,1,0
4.936130869128893e-15,0.6244583093007314,0.214697679574727,-10.11134386870113
4.936130869128893e-15,0.7033247495618831,0.2008343901625657,-10.87489047230829
2.093959926088373e-15,0.3808443601737856,0.2685758476095007,-10.71273671353458
1,0,1,0
4.936130869128893e-15,0.7998428258971231,0.1855701830993026,-10.65453288910087
6.356281009173001,3.998142772592644,0.02277521487736867,-11.51120721760137
1,0,1,0
1,0,1,0
11.97516882459959,12.42516513063229,0.000211793541489258,-28.29203098586203
1,0,1,0
1,0,1,0
1,0,1,0
1,0,1,0
1,0,1,0
3.258855066575589,0.9723033355482258,0.1620532023936589,-17.01094599026037
6.416833715882665,4.027404747208003,0.02238337815287794,-17.56008023983653
1,0,1,0
1,0,1,0
1,0,1,0
1,0,1,0
1,0,1,0
1,0,1,0
1,0,1,0
1,0,1,0
8.48884454792928e-15,0.308104152354197,0.2894229449647647,-11.45073963688542
3.22462065466782,0.9581403962383064,0.1638279243943812,-17.56202160756359
1,0,1,0
8.48884454792928e-15,0.2882788426882534,0.2956628026330469,-10.49085690010638
1,0,1,0
1,0,1,0
3.30378912629709,0.9897996625670125,0.1598956718467906,-10.23075502815345
2.093959926088373e-15,0.4879235983445405,0.2424275022961704,-10.24781112285211
1,0,1,0
1,0,1,0
1,0,1,0
1,0,1,0
1,0,1,0
2.804502661847769e-15,0.6302031850365921,0.2136403970724094,-10.24056829975306
1,0,1,0
1,0,1,0
1,0,1,0
1,0,1,0
2.093959926088373e-15,0.8002720314751279,0.1855060245419282,-12.30951145299082
1,0,1,0
3.998465558526078,1.266769237658636,0.1301868224343629,-18.77486337440747
1,0,1,0
1,0,1,0
5.64667360488876e-15,0.3104501656552188,0.288702038530712,-10.71842421514456
1,0,1,0
1.038263951005382e-15,0.5709576578942901,0.2249393097367504,-12.32671356804554
1,0,1,0
1,0,1,0
1,0,1,0
1,0,1,0
1,0,1,0
1,0,1,0
1,0,1,0
2.804502661847769e-15,0.6302031836357109,0.213640397329268,-10.67308690986203
2.902273667485753,0.8163057828029388,0.183131243464267,-9.34239434535492
1,0,1,0
2.851771268439019,0.7934894672424342,0.1865235342821667,-12.39672308982937
1,0,1,0
1,0,1,0
1,0,1,0
5.64667360488876e-15,0.2971870561609506,0.2928256407894995,-9.912381586508186
1,0,1,0
1,0,1,0
4.623602473497275,1.488372174422672,0.1112345990406263,-10.0423842710225
4.0479524494288e-15,0.7033247476285531,0.2008343904860723,-12.48573204838411
1,0,1,0
1,0,1,0
5.836681154284764,3.708352450628869,0.02707040356374235,-15.15385620678687
1,0,1,0
1,0,1,0
1,0,1,0
3.80139239279738,1.192969182269252,0.1373657271359616,-12.48358515719851
1,0,1,0
1,0,1,0
1,0,1,0
1,0,1,0
1,0,1,0
1,0,1,0
1,0,1,0
1,0,1,0
7.04026979262626,4.344917793519901,0.01855977958484273,-12.54301689290786
1,0,1,0
1,0,1,0
1,0,1,0
1,0,1,0
3.900335162966439,1.230553413330565,0.1336497197066083,-15.8382961250092
1,0,1,0
1,0,1,0
1,0,1,0
1,0,1,0
1,0,1,0
4.0479524494288e-15,0.8005302225176258,0.1854674445172108,-15.70781166715546
6.887364817734293,2.140620214392797,0.07172194418471789,-12.07678030917904
1,0,1,0
1,0,1,0
14.1936078753781,17.04413431807388,1.826050591641204e-05,-25.55096273286101
1,0,1,0
1,0,1,0
1,0,1,0
1,0,1,0
1,0,1,0
1,0,1,0
1,0,1,0
1,0,1,0
3.303287701635545,0.9896040120388108,0.1599195883611125,-9.337507600026951
1,0,1,0
1,0,1,0
1,0,1,0
1,0,1,0
1,0,1,0
1,0,1,0
1,0,1,0
6.396747503899166,4.017140277696459,0.02252001135836512,-15.21382455278671
1,0,1,0
9.682324783204268e-17,0.6247166307349143,0.2146499688034478,-4.061315612220016
1.028145822447522e-15,0.7960469301744695,0.1861389533920421,-9.257829951340357
1,0,1,0
1,0,1,0
1,0,1,0
1,0,1,0
1,0,1,0
1,0,1,0
1,0,1,0
1,0,1,0
1,0,1,0
2.804502661847769e-15,0.6108817191685105,0.2172280101884489,-9.445047500250816
5.452171262865696,3.494762534835893,0.0307816183710618,-15.31751996642054
4.936130869128893e-15,0.4822107225562995,0.2437113264976573,-11.19195520960033
3.211818863687507,0.9514214755978792,0.1646788683746706,-9.124744475391996
2.449231293967717e-15,0.7930148653735127,0.1865950252818433,-4.583607018667863
1,0,1,0
2.804502661847769e-15,0.7788792211459068,0.1887420665723105,-9.120733611275847
1,0,1,0
1,0,1,0
1,0,1,0
1,0,1,0
1,0,1,0
1,0,1,0
1,0,1,0
3.271373575623934,0.9792128172105166,0.1611966131306045,-16.00906703606434
1,0,1,0
1,0,1,0
3.25273167076937,0.9689351156250297,0.1624729508421096,-11.02179042415913
1,0,1,0
1,0,1,0
3.843525355883904,1.209225240649303,0.1357428076762581,-11.67330953802075
1,0,1,0
1,0,1,0
1,0,1,0
2.804502661847769e-15,0.6302031850365921,0.2136403970724094,-4.319011328710613
1,0,1,0
1,0,1,0
1,0,1,0
1,0,1,0
1,0,1,0
1,0,1,0
1,0,1,0
6.728744545674702e-16,0.6949357388266479,0.2022453048515727,-3.81746302778518
1,0,1,0
1,0,1,0
1,0,1,0
1,0,1,0
1,0,1,0
1,0,1,0
1,0,1,0
2.449231293967717e-15,0.761790230894551,0.1913844272899215,-4.325282389627131
1,0,1,0
1,0,1,0
1,0,1,0
1,0,1,0
1,0,1,0
1,0,1,0
1,0,1,0
1,0,1,0
2.093959926088373e-15,0.4879235982268462,0.2424275023225039,-15.47778238999395
4.936130869128893e-15,0.6244583092866449,0.2146976795773291,-13.26589924607356
1,0,1,0
1,0,1,0
1,0,1,0
1,0,1,0
4.936130869128893e-15,0.2971868499665291,0.2928257058187554,-11.21303074325645
2.804502661847769e-15,0.6108832112005516,0.2172277296270305,-9.482120192661499
1,0,1,0
1,0,1,0
4.0479524494288e-15,0.6302031828040775,0.2136403974817523,-9.695421881833925
1,0,1,0
1,0,1,0
1,0,1,0
1,0,1,0
3.214711103244203,0.953486772818767,0.1644166772805594,-10.44739134211722
1,0,1,0
2.953532623681153,0.8390441755770546,0.179835140134876,-13.31014391899765
1,0,1,0
1,0,1,0
1,0,1,0
1,0,1,0
1,0,1,0
1,0,1,0
1,0,1,0
1,0,1,0
1,0,1,0
5.64667360488876e-15,0.5710431569415348,0.2249223455918375,-16.01750479688414
1,0,1,0
1,0,1,0
1,0,1,0
1,0,1,0
1,0,1,0
1,0,1,0
1,0,1,0
1,0,1,0
1,0,1,0
1,0,1,0
1,0,1,0
1,0,1,0
1,0,1,0
1,0,1,0
1,0,1,0
1,0,1,0
1,0,1,0
1,0,1,0
1,0,1,0
1,0,1,0
1.038263951005382e-15,0.3807525670037464,0.2686003751222419,-9.397826341445922
1,0,1,0
1,0,1,0
1,0,1,0
1,0,1,0
1,0,1,0
1,0,1,0
1,0,1,0
1,0,1,0
1,0,1,0
4.936130869128893e-15,0.7098166975842304,0.1997523353083175,-10.1214686577934
1,0,1,0
1,0,1,0
1,0,1,0
1,0,1,0
1,0,1,0
1,0,1,0
1,0,1,0
1,0,1,0
5.742294750327031,3.664114815581424,0.02779808398660688,-12.93562174506885
1,0,1,0
1,0,1,0
3.168370873594249,0.9325870276059014,0.1670957943454754,-10.35573991437481
2.804502661847769e-15,0.8002714303827148,0.1855061143728343,-10.24943618101772
1,0,1,0
1,0,1,0
1,0,1,0
2.449231293967717e-15,0.7617933468407845,0.1913839407360902,-4.328617204039531
1,0,1,0
1,0,1,0
8.753922658460722,6.64754977898793,0.004964613846823895,-22.94984776622821
1,0,1,0
1,0,1,0
1,0,1,0
2.947503361794324,0.8363223543584937,0.1802253510315137,-18.68444475863249
1,0,1,0
2.804502661847769e-15,0.505706608444136,0.2385016812240923,-11.31141151496152
1,0,1,0
8.48884454792928e-15,0.3808402868078602,0.2685769359430908,-10.65236395694137
1,0,1,0
1,0,1,0
3.31621018887285,0.9949806123215836,0.1592640542998809,-12.90944312344612
1,0,1,0
1,0,1,0
1,0,1,0
1,0,1,0
1,0,1,0
4.936130869128893e-15,0.684019890306871,0.2041029584009223,-10.08601706122298
1,0,1,0
1,0,1,0
1,0,1,0
1,0,1,0
1,0,1,0
1,0,1,0
1,0,1,0
1,0,1,0
1,0,1,0
1,0,1,0
1,0,1,0
1,0,1,0
1,0,1,0
1,0,1,0
1,0,1,0
1,0,1,0
1,0,1,0
1,0,1,0
1,0,1,0
1,0,1,0
1,0,1,0
4.936130869128893e-15,0.7033247483558789,0.2008343903643679,-4.833565728672246
2.666227387784306,0.7083165884924441,0.2000016154140635,-10.1306397264216
1,0,1,0
1,0,1,0
1,0,1,0
1,0,1,0
1,0,1,0
1,0,1,0
1,0,1,0
1,0,1,0
1,0,1,0
1,0,1,0
1,0,1,0
1,0,1,0
1,0,1,0
4.0479524494288e-15,0.6302031850365886,0.2136403970724101,-9.954459946065038
1,0,1,0
1,0,1,0
1,0,1,0
1,0,1,0
1,0,1,0
1,0,1,0
5.64667360488876e-15,0.2971868750515974,0.2928256979074666,-10.82095627535825
1,0,1,0
1,0,1,0
2.822808303667892,0.7805450862583641,0.1884872424629094,-8.314901961587108
1,0,1,0
2.804502661847769e-15,0.7613801473893673,0.1914484769767276,-9.711867965863933
1.038263951005382e-15,0.6108837086095988,0.2172276360944517,-9.479289162756391
1,0,1,0
1,0,1,0
1.028145822447522e-15,0.7600033315159607,0.1916637400555594,-9.699224268823331
1,0,1,0
1,0,1,0
1,0,1,0
1,0,1,0
2.804502661847769e-15,0.7098168698553771,0.1997523067070865,-10.12433357688249
1,0,1,0
1,0,1,0
1,0,1,0
1,0,1,0
1,0,1,0
1,0,1,0
1,0,1,0
1,0,1,0
1,0,1,0
1,0,1,0
1,0,1,0
1,0,1,0
1,0,1,0
1,0,1,0
2.865021910976405,0.8003337700514699,0.1854967982770519,-9.605103554432768
1,0,1,0
1,0,1,0
1.038263951005382e-15,0.7997549409758946,0.1855833241448508,-15.4747613669207
1,0,1,0
1,0,1,0
1,0,1,0
1,0,1,0
2.449231293967717e-15,0.7766962669248727,0.1890767235401282,-10.19163821654436
2.804502661847769e-15,0.6302031850365886,0.2136403970724101,-9.955266567668247
1,0,1,0
1,0,1,0
1,0,1,0
1,0,1,0
6.49251637235877,4.073939312885575,0.02177479999198051,-13.07999262524063
1,0,1,0
1,0,1,0
1.038263951005382e-15,0.7097804597814488,0.1997583518033378,-9.429979956542235
1,0,1,0
1,0,1,0
1,0,1,0
1,0,1,0
1,0,1,0
4.936130869128893e-15,0.6773970861759508,0.2052422358317113,-10.14389402228247
1,0,1,0
1,0,1,0
1,0,1,0
1,0,1,0
1,0,1,0
4.936130869128893e-15,0.6244583093007314,0.214697679574727,-10.51507595373225
1,0,1,0
1,0,1,0
1,0,1,0
1,0,1,0
1,0,1,0
1,0,1,0
1,0,1,0
1,0,1,0
1,0,1,0
1,0,1,0
1,0,1,0
1,0,1,0
1,0,1,0
1,0,1,0
1,0,1,0
1,0,1,0
1,0,1,0
1,0,1,0
1,0,1,0
1,0,1,0
1,0,1,0
1,0,1,0
1,0,1,0
1,0,1,0
1,0,1,0
6.494414549699368,2.0414002594054,0.07653434303094553,-11.14941512904621
1,0,1,0
1,0,1,0
1,0,1,0
7.230220119512805,4.434101406143725,0.01761387962140493,-16.078665958834
1,0,1,0
1,0,1,0
1,0,1,0
1,0,1,0
1,0,1,0
1,0,1,0
1,0,1,0
1,0,1,0
1,0,1,0
1,0,1,0
1,0,1,0
1,0,1,0
1,0,1,0
1,0,1,0
1,0,1,0