104.46
101.113
97.4132
94.1526
91.0825
87.8718
84.7167
81.3481
77.651
75.2669
73.0538
70.7119
70.4241
67.0551
65.3174
62.1861
61.5644
60.6009
60.4727
62.9386
63.9264
66.1786
64.7216
61.3445
62.3676
65.255
65.9546
66.2918
66.9434
63.5592
60.3954
57.1107
53.5778
51.9864
48.5177
46.0244
44.2674
42.7
40.1792
39.6656
35.9862
35.075
34.3683
36.9469
35.8683
39.1138
40.4396
37.2334
34.566
31.583
28.1074
25.8356
22.2326
21.1621
17.3353
17.2223
18.135
20.6351
18.523
15.7477
18.7834
20.3089
17.5566
17.093
13.6166
14.5512
14.9863
17.1006
19.2682
21.8678
22.8638
23.8583
27.3034
27.6864
30.1642
30.9998
33.4751
31.0494
27.2405
26.1256
22.7181
21.6837
20.1586
17.8968
16.1445
12.347
10.1469
8.00806
8.12624
7.89083
7.71446
11.4714
14.5514
18.0291
20.9406
23.3706
20.9646
23.8675
26.2426
24.2362
23.6016
27.2818
28.7129
26.7932
27.703
31.2943
31.443
30.7279
29.3574
26.4136
28.9794
27.6677
29.869
28.5681
30.5427
31.4365
30.0487
31.0461
28.7586
31.106
30.0044
26.2063
23.8102
22.3655
19.5601
16.6877
13.4781
9.99757
8.27098
5.28076
8.48225
10.745
14.297
16.268
15.787
14.7681
12.3876
13.1802
13.1365
14.7631
18.2106
20.172
18.8561
19.6519
17.7464
20.7428
20.9694
24.0292
26.5005
28.279
28.5916
28.8544
27.3184
30.3566
30.969
29.8906
32.4832
32.5763
34.2738
34.266
37.2724
37.428
40.5974
39.8905
41.3546
38.1843
35.4324
32.2453
28.8395
26.5319
22.8212
21.3923
18.9514
18.6349
15.9205
15.5821
14.7128
13.889
16.9718
20.3558
19.8363
16.9843
19.2696
22.2348
20.7139
19.5584
22.3345
25.1465
26.2525
25.3472
24.8007
24.2275
25.5967
25.4529
28.5906
29.0854
32.4819
35.1789
38.8964
38.6565
35.0827
32.6219
29.1758
28.1038
24.7108
24.2146
20.7036
19.9806
18.4135
16.6262
13.5713
11.8846
9.81531
6.65106
3.81758
0
3.77051
5.6671
8.65364
10.3487
11.127
13.4394
16.4248
18.2904
22.0887
24.8637
28.4558
31.2996
34.065
37.4362
40.0588
41.8547
39.1559
36.7912
33.2657
32.8496
29.612
30.0923
27.3762
27.3783
23.6431
20.2228
21.2669
18.9443
22.0306
23.2813
24.5046
27.2681
28.0373
28.0858
31.6346
32.5337
34.8964
36.7964
37.7809
37.1272
33.3694
31.1247
28.0822
28.0106
25.6596
27.0501
26.3804
29.9103
30.4647
32.0517
35.5869
38.2461
40.8008
42.0785
41.6331
41.7705
40.016
36.3659
34.8872
31.5332
33.7006
35.0435
37.8638
41.1185
44.6947
46.0501
49.7604
49.8111
49.6495
47.2769
44.3338
42.5663
39.5132
36.9284
37.2042
34.4246
36.1541
36.2085
39.4338
43.0785
42.7007
45.0191
44.5629
42.5923
44.8622
44.7443
47.6031
46.9314
50.3719
53.1026
56.2605
58.5263
62.0791
63.5156
66.901
69.6379
69.9991
70.3571
73.5909
74.7564
76.8323
79.0914
74.0891
75.9241
78.7318
79.7008
80.1175
77.1447
77.0025
80.2512
83.6762
82.1228
81.5823
78.8454
77.2213
78.2563
75.8616
78.4049
77.8846
75.2909
75.9738
75.7575
74.6581
78.1685
81.5759
85.0742
86.8565
90.6072
93.6358
96.9072
99.8864
97.8075
95.1676
91.7003
88.5911
85.3039
83.7416
80.5554
81.0392
78.872
78.9985
77.9142
75.2369
73.8314
74.0725
71.8603
69.4347
69.2554
68.5481
65.8275
64.1903
64.5022
62.6061
59.9781
59.3315
59.0258
56.4647
54.2737
54.3871
51.441
48.1386
46.2266
43.4366
40.3219
37.0777
34.3401
34.9179
32.9611
30.2353
31.8004
28.9985
26.2462
23.1443
23.1478
26.1214
27.1128
30.8131
33.464
32.3515
31.1927
34.4095
36.3868
34.6198
35.3058
38.8482
39.6915
38.7247
40.4652
43.495
43.5934
43.3463
46.095
48.3442
47.9491
48.4694
51.6602
52.7761
52.2801
54.2408
57.0712
57.2953
57.9313
60.3386
62.4182
62.3477
63.3371
66.1588
67.4259
67.1948
69.288
71.7869
72.0506
72.6917
75.3255
76.8262
77.1099
78.9737
81.2952
81.9293
83.0135
85.3128
86.8847
87.3249
89.0623
91.3362
92.2899
93.3281
95.5636
97.551
100.508
100.332
97.765
96.5363
93.0381
93.0081
90.18
87.5568
86.554
89.6343
92.7291
96.1491
97.9044
101.683
102.838
102.545
99.1765
98.4541
95.2584
95.8823
96.6415
93.3966
91.5522
93.2972
91.8245
88.3598
88.4673
89.9948
93.418
95.5318
98.9197
99.9834
103.506
104.34
103.991
104.879
108.513
107.62
104.735
106.669
109.515
107.129
105.222
108.105
111.23
