dN/dS,LRT,p-value,Log(L)
1.738688558207614e-15,1.791440798124162,0.09037535731193608,-4.139571541239678
3.17603086687411e-16,1.155171928498536,0.1412345476058779,-4.054332629428667
5.840566125974614e-16,1.136017575086278,0.143247704722676,-11.86954817906002
3.17603086687411e-16,1.139078990105199,0.1429235128648177,-4.213449409562731
4.162828811893032e-17,1.13907645373261,0.1429237810710454,-4.146594215588001
4.936130869128893e-15,1.283164147759607,0.1286557717846445,-4.601090715010313
1.028145822447522e-15,0.7336031178977436,0.1958588825724008,-4.864824706428955
3.17603086687411e-16,1.432541375561087,0.11567506606518,-4.195214744415485
4.110721404066104,2.585066708555345,0.05393793174486516,-23.39665096843451
5.535789085928315,5.250905101941214,0.0109676791571402,-25.02485090624928
1.028145822447522e-15,0.6851747029403903,0.2039052543105335,-13.16413470932418
1.611834809059999,0.1937894909612545,0.3298905977035888,-11.96197337050283
9.682324783204268e-17,0.6907589963738339,0.2029531689507132,-5.34971365926241
3.17603086687411e-16,1.229804600338291,0.1337225210376851,-4.463334352801062
2.744589317728e-16,1.149366020704916,0.1418409515303766,-4.453577308774464
3.186847084129223,1.867071011022496,0.08590545881711903,-17.2515023895334
0.8786956713650925,0.01739023694185349,0.4475427491447405,-12.89699808229335
5.840566125974614e-16,3.156548500987338,0.03781145590875079,-10.54610705400202
1.300559521484642,0.1262316306442273,0.3611858323580172,-18.13880202250436
0.6194368143991095,0.2700025698416653,0.3016650242291323,-18.87356957417207
1,0,1,0
1,0,1,0
2.139428196621909,1.810366958109867,0.08923210807269466,-31.81184806566306
2.397054012845747,2.31170658543266,0.06420150273402675,-29.61876559834322
1,0,1,0
2.608848671442079,2.716554577703377,0.04965608799185922,-47.03532433350241
0.570952546513228,0.3805116072862802,0.2686647799787208,-26.27965044671871
2.804502661847769e-15,3.103329949293354,0.03906616321096001,-23.21863097393522
2.804502661847769e-15,1.885935413039022,0.08483054001541934,-18.5008794375613
1,0,1,0
1.028145822447522e-15,3.033541289638322,0.04077991336443682,-54.98811363186119
1,0,1,0
9.682324783204268e-17,3.503639331359008,0.03061706351092885,-9.75545969551297
1,0,1,0
1,0,1,0
2.415625891123137,2.341201495188912,0.06299617173094779,-62.44522122944255
1.244469682337619,0.08868768191335619,0.3829260863076757,-58.68796652683882
1,0,1,0
9.682324783204268e-17,3.710731877480526,0.02703184015004784,-11.41963351622757
2.449231293967717e-15,3.103329948611346,0.03906616322732348,-16.04088512598926
1.06077379242056,0.006792658402908103,0.4671573262028004,-26.55516440449694
1,0,1,0
0.6338942752158521,0.2420044716247034,0.3113810567554604,-11.99869359338933
9.682324783204268e-17,3.103329673124271,0.03906616983711597,-11.77492066574261
0.6443125487226313,0.2237528704807303,0.3180975887487038,-21.90492905367097
1.028145822447522e-15,3.103329947188222,0.03906616326146872,-15.14411820826544
0.5959173156117935,0.3192232712639793,0.2860374023935408,-12.17691751803454
9.682324783204268e-17,3.777931064939747,0.02596641876049638,-11.02272820667746
1,0,1,0
1.293308242293457,0.1209288039658958,0.3640146509770983,-23.59635167913232
1,0,1,0
2.449231293967717e-15,3.359103880867167,0.03341721397670588,-27.48413624429875
5.840566125974614e-16,3.103330360264668,0.03906615335048114,-15.82063767389935
1,0,1,0
1,0,1,0
0.6447211065632024,0.2232102580700293,0.318302337202035,-11.77874726330736
1.028145822447522e-15,3.557883039527262,0.02963163692810988,-10.97842335553682
2.804502661847769e-15,1.887053050960361,0.08476734156103627,-12.20468530665316
0.5957996651378467,0.3197927567710224,0.2858661085957118,-35.10324692639585
4.936130869128893e-15,2.280751450723081,0.06549419737722967,-17.08195128439461
1.050587421880039,0.00476559863037096,0.4724815504613717,-21.63744882499832
0.695731660691905,0.1485455975554721,0.3499645649039667,-11.77075298622757
1,0,1,0
9.682324783204268e-17,3.103329672919475,0.03906616984202971,-12.65322547632854
0.5119827103672211,0.5650915628332278,0.2261080089850807,-12.37110607471212
3.840548742867338,8.419027452348473,0.00185657179325921,-38.29875224369714
1,0,1,0
9.682324783204268e-17,3.431985134862579,0.03197259768910887,-17.27762980927138
0.5295378204993394,0.503125895235172,0.2390649208312688,-12.37842706534997
1,0,1,0
5.840566125974614e-16,3.230642202491886,0.03613617093525012,-11.35525373772461
1.14789894700631,0.03613308397883941,0.4246204615219829,-22.73591792031695
9.682324783204268e-17,2.278680796470073,0.06558169842523942,-8.04468882251766
1,0,1,0
0.6493207545155305,0.2157642933848507,0.3211432209948117,-19.19140572186792
1,0,1,0
1,0,1,0
2.731941657024047e-16,3.557643845175722,0.02963590747938616,-9.729796252106762
1,0,1,0
1,0,1,0
1,0,1,0
1,0,1,0
0.5134620360016326,0.5591356000796779,0.2273043661250104,-11.36728769120163
1,0,1,0
1,0,1,0
1,0,1,0
5.840566125974614e-16,2.002085059792527,0.07854149760542489,-11.4337393059128
9.682324783204268e-17,3.715162450647274,0.02696018877621065,-10.58399759507046
1.028145822447522e-15,3.77776132210267,0.02596905327451016,-16.73498252360968
1.028145822447522e-15,3.230642202491872,0.03613617093525046,-17.54919237197128
1.728886625700622,0.500775237120564,0.2395798438498206,-24.24204651317347
1,0,1,0
0.5295006738801091,0.5032475405862975,0.2390383230508946,-14.13004144245632
1.544718270473941,0.4902758504194793,0.2419021398723201,-45.69923680206173
0.6381119234883873,0.2349598908925934,0.3139351423991087,-14.37023531388221
5.840566125974614e-16,2.280756766253948,0.06549397292288323,-11.17876410999248
9.682324783204268e-17,3.374141853965945,0.0331135304922891,-13.19140503458401
0.6347420512861142,0.2404569114078114,0.3119381519677683,-17.06691107990572
0.6309642710739017,0.2475823920119709,0.3093912787753132,-15.13718878773133
1,0,1,0
1,0,1,0
1,0,1,0
1,0,1,0
1.028145822447522e-15,3.359104158538713,0.03341720834189232,-19.67419301545269
2.731941657024047e-16,3.557719766637437,0.02963455191455988,-10.15186800583669
1,0,1,0
0.511335903025726,0.5674189162084815,0.2256431985597021,-18.06313350660255
0.6336102565430981,0.2425202202393208,0.3111958875966553,-12.39241267605136
1,0,1,0
0.7297719374009303,0.1099797649874432,0.3700835871357238,-11.59228915818903
1,0,1,0
3.17603086687411e-16,3.376652882387756,0.03306310953671238,-10.7331781826982
1,0,1,0
1,0,1,0
1,0,1,0
1,0,1,0
1,0,1,0
1.738688558207614e-15,3.359103788997135,0.03341721584103291,-12.96680363086081
6.728744545674702e-16,3.230636303104987,0.03613630110747168,-9.973909314944729
0.5295514931912005,0.5030778542208161,0.2390754263399781,-12.14239301982184
1,0,1,0
1.724845982205172,0.7455417369892174,0.1939457123026042,-21.91837200423857
9.682324783204268e-17,2.87605839363161,0.04495292410110718,-11.73079420596457
1,0,1,0
1,0,1,0
1,0,1,0
1.056585786011484,0.002964588844594829,0.4782891033926116,-14.41131752675035
1.196023968597506,0.06011484440754344,0.4031572581395803,-16.94050414911057
1,0,1,0
9.682324783204268e-17,2.432805327774954,0.05941004404279548,-11.28957236705172
5.840566125974614e-16,2.859943339629726,0.04540534863074142,-9.818599204350658
1,0,1,0
0.6469047604816286,0.2194393671429182,0.3197337124443305,-29.70019069988469
2.804502661847769e-15,1.885848780819167,0.08483544101682677,-18.08950188874672
1.028145822447522e-15,3.557927745583275,0.02963083882336887,-11.68173392998282
1,0,1,0
0.5947083755623814,0.3219634946590375,0.2852150195687091,-12.88206101835098
1.028145822447522e-15,3.376674935343356,0.03306266708110456,-11.24701905501114
1,0,1,0
1.025511350476203,0.001251788502912632,0.4858881177155405,-30.17006134677961
1,0,1,0
1.698086618652157,0.7053947333513833,0.2004884506501265,-32.17741727125895
0.9850824870679037,0.000226843197719262,0.493991631965384,-12.45594291814281
1.947704619593932,1.073198614750737,0.1501120353278853,-25.17187033893395
1,0,1,0
1,0,1,0
1.288257588903966,0.117572748128282,0.3658410485421766,-17.49685538658963
4.0479524494288e-15,2.280584845175113,0.0655012329212597,-23.44293274493925
1,0,1,0
1.028145822447522e-15,3.712353113058867,0.02700559809841502,-18.22383383314522
1,0,1,0
1,0,1,0
1,0,1,0
1.729309253535287,0.7515006467940566,0.1930007663478664,-34.87056543213411
3.17603086687411e-16,3.432014805312054,0.03197202333301469,-10.72371684446781
1.919523419870604,1.029873674363607,0.1550941699146298,-25.79877820893411
6.728744545674702e-16,3.749505259829185,0.02641157211893003,-17.46627672524841
2.305902890116739,2.136205236026782,0.07192867855715723,-34.8426939114873
1.028145822447522e-15,2.876047295461184,0.0449532339900563,-21.34164094923571
4.16993099172279,9.263140981319253,0.001169058425507408,-42.68754937952148
3.914995069382135,7.361773374920801,0.003331252435183507,-45.94662514084217
2.287852447174094e-16,3.913097106933794,0.02395561312832217,-10.48777377853622
1,0,1,0
3.17603086687411e-16,3.138273197274444,0.03823736734450112,-11.20786887097401
0.5120881611039468,0.5646172043672806,0.2262029299004191,-17.7702517397625
1.028145822447522e-15,3.555145428113256,0.02968055309355322,-10.31413975005101
1,0,1,0
1,0,1,0
1,0,1,0
0.9988980240289147,1.212150682050606e-06,0.4995607737543818,-11.99415413043816
1.357769584799631,0.1688092846669988,0.3405861046353105,-16.20215792671189
1.160451505666185,0.04198582968328424,0.4188233929641129,-28.38006276208532
1.099082547504766,0.008618613330760638,0.4630167318434729,-13.02897387447996
1,0,1,0
2.128480651877162,1.3423104351155,0.1233134645234426,-28.18647445304673
2.287852447174094e-16,3.156535307575524,0.03781176153949833,-10.39397857041083
1.028145822447522e-15,2.741653021066522,0.04888179459496544,-13.45046796534204
5.840566125974614e-16,3.230632405528446,0.03613638710926009,-11.18399653426767
1,0,1,0
4.936130869128893e-15,0.6136103931235795,0.2167158313993565,-33.65377866030175
3.17603086687411e-16,3.376652959318996,0.03306310799320489,-10.73369629025388
1.028145822447522e-15,3.35910378632693,0.03341721589521962,-10.99791917308556
1,0,1,0
1,0,1,0
1,0,1,0
1,0,1,0
1,0,1,0
1,0,1,0
1.915709765723831,1.024156249180486,0.1557675799222644,-22.93117819420654
0.6385677179615887,0.2341528563614474,0.3142307499257978,-13.20767771011505
1,0,1,0
0.6340811089572083,0.2416653464583476,0.311502946408913,-13.61673615266285
2.804502661847769e-15,2.002083665133355,0.07854156985908889,-18.74549618356018
9.555848176237971e-17,2.741653521280954,0.04888177929510112,-4.46623114217005
1,0,1,0
1,0,1,0
1,0,1,0
1,0,1,0
1.149947313470812,0.03710654683398218,0.4236241404468736,-28.27490786082836
1,0,1,0
1,0,1,0
0.5135410512392079,0.5593353272093751,0.2272640866924873,-22.09009638142999
1.038263951005382e-15,3.103329825051659,0.03906616619190489,-36.73067047208209
2.701415647367635,3.60867346723883,0.02873947518241915,-45.22942930426979
2.19094020495078,1.907323142144364,0.08363045591374546,-31.73219429806899
0.5294376410343429,0.5034623380457468,0.2389913693412072,-12.06065388263942
1,0,1,0
1,0,1,0
2.089193834199107,1.711565670776977,0.09539117937106473,-30.24100797001143
1.028145822447522e-15,1.885846683337235,0.08483555968065493,-17.89623324696734
0.7313530730751332,0.108389838851835,0.3709923903274028,-13.57214919567926
6.728744545674702e-16,3.50460833333047,0.03059915727948198,-9.612768077199931
9.682324783204268e-17,2.280744945088962,0.06549447208620957,-11.03018815104761
0.5730754998477391,0.3749790287398831,0.270151350590209,-11.16663465615272
1.655757141949092,0.4303681089976976,0.2559041890414945,-20.85752506183545
9.682324783204268e-17,3.71781363362436,0.02691741000218517,-14.80458684120063
1.70211781129974,0.7113424347191497,0.1994992580388897,-23.67550506915448
0.6413175452307057,0.2292730649752386,0.3160316822365811,-9.256672830003339
2.287852447174094e-16,3.103329672936241,0.03906616984162742,-10.54746054839968
0.5982374284662376,0.3142991933843611,0.2875269665923311,-12.13040750299533
1,0,1,0
9.682324783204268e-17,3.103330360265307,0.03906615335046582,-10.75115668958786
1,0,1,0
0.5629819600233881,0.4015927607814334,0.2631339166495922,-11.33960897591939
1,0,1,0
1,0,1,0
1,0,1,0
1,0,1,0
1.028145822447522e-15,3.359103536265778,0.03341722096973421,-18.59218204799603
0.6464006408090692,0.2201975246622325,0.3194447278649342,-19.9458564187238
9.682324783204268e-17,3.230636347513151,0.03613630012758673,-12.18199994694357
5.840566125974614e-16,3.376563408373485,0.03306490474778495,-10.00922029859248
0.6431942337892071,0.2256602975367485,0.3173802457960513,-32.79822110001211
1.081699577596845,0.01195284419654286,0.4564707475840294,-17.17417180363807
1,0,1,0
1.125888665383521,0.02697848149513149,0.4347666686015618,-15.11754880927526
2.449231293967717e-15,3.230642180847163,0.03613617141284831,-21.44649962011195
1.10216441792881,0.01824872952306578,0.4462712048391472,-33.12538614010546
0.5955564377991539,0.3203492141276243,0.2856989278243326,-12.23251758557204
1,0,1,0
1.597531373643325,0.5634604099951801,0.2264346706238049,-25.41173136548679
14.10533679550514,74.29644166237841,0,-102.8556773701546
0.6763306543914483,0.1743847992161491,0.3381219701308759,-20.61347198891671
1,0,1,0
4.391699168011679,8.359759311105009,0.001918106881600601,-48.97536973722469
1,0,1,0
5.840566125974614e-16,3.913207386700531,0.02395404138247093,-11.6766734640227
5.840566125974614e-16,3.111620342110871,0.0388677948976679,-9.837107216502954
1,0,1,0
1,0,1,0
1,0,1,0
0.5151349345385282,0.5530174003811901,0.2285437002006692,-11.91541341274956
1,0,1,0
1,0,1,0
5.840566125974614e-16,3.230636347679834,0.03613630012390878,-12.7283594910444
1,0,1,0
1,0,1,0
0.5131220179649959,0.5603855506398112,0.2270524700575616,-12.30138695575783
1,0,1,0
1,0,1,0
1.028145822447522e-15,3.111561534086057,0.03886919820252044,-16.68735977948312
0.5937472083722322,0.3241518970828352,0.2845615627368476,-20.47758579468072
1.032216492234116,0.001979186781461806,0.4822576877891958,-27.38298014889779
1,0,1,0
2.287852447174094e-16,3.90642771777225,0.02405087018736851,-11.57709259625679
1,0,1,0
1,0,1,0
1,0,1,0
1,0,1,0
9.682324783204268e-17,3.230642202486774,0.03613617093536298,-10.25367066463905
2.804502661847769e-15,3.343871777196824,0.03372785353132574,-22.98539733904091
3.17603086687411e-16,3.906709604733333,0.02404683599390717,-11.44381779063698
1,0,1,0
1,0,1,0
0.6340518326000808,0.2417186153357527,0.3114837932792837,-11.84652214993193
1.031812710811938,0.001929023488806081,0.4824838274673107,-19.13066143113058
1.851255028405822,0.6206379654660878,0.215405156421522,-17.81499718052525
1.025329194553131,0.001234319710874843,0.4859868889962849,-23.66700943280832
5.840566125974614e-16,3.906001150351635,0.02405697631710108,-10.62486710957724
1.272735820490047,0.1067501057868441,0.371937435493771,-17.28805683090025
1,0,1,0
1,0,1,0
1,0,1,0
1,0,1,0
1.703775302889203,0.7126551931079348,0.1992818794650892,-26.9788890604981
1,0,1,0
1,0,1,0
1,0,1,0
1,0,1,0
1,0,1,0
1.550510493028102,0.4981851362665282,0.2401493224185961,-32.89317819046774
1,0,1,0
1,0,1,0
1.193879112822541,0.05887382435101074,0.4041424213415339,-21.29853916325944
2.804502661847769e-15,2.876058278978206,0.04495292730250788,-24.02506546739016
5.840566125974614e-16,3.557780293980422,0.02963347125633975,-10.68235962304587
1,0,1,0
1,0,1,0
1,0,1,0
1,0,1,0
1,0,1,0
6.728744545674702e-16,3.710903266332394,0.02702906469600708,-10.86547464754933
1,0,1,0
1,0,1,0
1,0,1,0
1,0,1,0
1.060135595479527,0.006658798377948472,0.4674818198780337,-14.84493483238478
0.6351238325598189,0.2397826843704891,0.3121815578248175,-13.22127687226163
1,0,1,0
1,0,1,0
1,0,1,0
1,0,1,0
1,0,1,0
0.5932275854654593,0.3253139925140545,0.2842157475650492,-19.52780257881204
1,0,1,0
5.840566125974614e-16,3.111722457891947,0.0388653582922226,-11.77532697438795
1,0,1,0
1,0,1,0
1.028145822447522e-15,3.906427738590708,0.02405086988940108,-11.57717020883674
0.5712121694263467,0.3798308302056732,0.2688468935471032,-14.8840720328267
2.287852447174094e-16,3.431950627952382,0.03197326568252173,-9.994102043256273
1,0,1,0
1,0,1,0
1,0,1,0
0.5976943521038071,0.3155045362328366,0.2871609310772791,-18.64637347658327
0.6339688455276414,0.2418786946812048,0.3114262516008346,-19.35156879080329
4.936130869128893e-15,2.280620631083792,0.06549972165597429,-17.36949590908318
0.5927823408214671,0.3263141499171809,0.2839187765664767,-18.20090346659535
0.6466927673188906,0.2198714760727043,0.3195689323146888,-20.46599150141492
1.05696976339414,0.00300324952667097,0.4781481386876975,-29.29645705846898
1,0,1,0
1,0,1,0
2.287852447174094e-16,3.50460774818864,0.03059916808897989,-12.39530384429206
1,0,1,0
1.028145822447522e-15,3.903768889765097,0.02408895686252666,-19.78141572954635
1,0,1,0
2.449231293967717e-15,2.233391004092155,0.06752857491513092,-27.49823436754593
1.028145822447522e-15,3.376301305604343,0.03307016418993652,-22.32555952003624
0.5953482258615559,0.3206610810739328,0.2856053150489982,-14.66290580584859
1,0,1,0
1,0,1,0
2.579932445506736,2.65863392724561,0.05149457576728622,-30.11319458406276
0.8791036086026265,0.01726035891182676,0.4477378746488066,-20.04355068909707
0.6452412848054649,0.2223237526202126,0.3186375055944718,-14.85155327666379
1,0,1,0
4.936130869128893e-15,1.623083084965565,0.1013312153977552,-13.2555798200045
5.114956077737342e-17,1.620273201939039,0.1015268488709407,-3.718906047483609
9.682324783204268e-17,1.303259510284684,0.126809346962112,-7.597266909823435
4.936130869128893e-15,1.624824160031388,0.1012102186345648,-7.722242378463783
3.17603086687411e-16,1.457755793461732,0.1136437676669881,-13.25067423421873
5.840566125974614e-16,1.29411536061645,0.1276454625433698,-4.249784229578994
5.840566125974614e-16,1.457756008612733,0.1136437505182027,-10.01865196611574
4.936130869128893e-15,1.624824154825731,0.1012102189960797,-14.17359774772859
5.24143268477775e-17,1.305693446432576,0.1265879315887865,-4.483591306994565
5.114956077737342e-17,1.620273201939039,0.1015268488709407,-3.718906047483609
1.621718632409118e-16,1.479507443222668,0.111925801671283,-3.753400432454147
9.555848176237971e-17,1.388624759345345,0.1193187411167433,-3.756612579101672
4.936130869128893e-15,1.606985381480552,0.1024580414313163,-10.98789025175432
2.093959926088373e-15,0.8360982984632717,0.1802575245026557,-4.454541473229099
1.340273035413137e-15,1.463324045079977,0.1132009850914227,-4.377968065984534
4.936130869128893e-15,1.526190443703685,0.108342546454385,-4.227840203901414
1.738688558207614e-15,2.012878736259019,0.07798456077805238,-4.139571541239678
1.40038531877988,0.1009334858579045,0.375356138698771,-8.303229969582439
8.005405863007662e-18,1.553924320288711,0.1062785193981021,-4.113458526118348
4.936130869128893e-15,1.606985386550742,0.102458041074088,-4.526660462798152
2.093959926088373e-15,0.8360982984632717,0.1802575245026557,-4.454541473229099
1.20578150638828e-15,1.115463369587488,0.1454487045987792,-15.76291157476595
4.936130869128893e-15,1.58968530449096,0.1036855504253796,-11.66628579303721
2.744589317728e-16,1.277471959369411,0.1291848056960955,-4.478171646779739
5.840566125974614e-16,1.493338341795873,0.1108496094495649,-4.504310464263509
9.555848176237971e-17,1.395332829827813,0.118753286396012,-4.385266980590181
1.340273035413137e-15,0.9060172977197709,0.1705866799716234,-7.477912625827617
4.0479524494288e-15,1.277528053904469,0.1291795791526405,-16.25160044920417
1.864092091528816,0.3157415787980185,0.2870890548322624,-12.299747104017
4.936130869128893e-15,1.346612744621275,0.1229355777049775,-4.352526215398604
2.271595610028619e-15,1.473854990943458,0.11236922331378,-11.6081302024738
8.005405863007662e-18,1.174670063861557,0.1392218709499023,-4.027062124591112
4.936130869128893e-15,1.412104482751523,0.1173536755788931,-20.89932515957235
2.731941657034225e-16,0.8635289072846781,0.1763765163439123,-4.083494294778798
2.271595610028619e-15,1.326817992018164,0.1246860450953915,-13.28069159746649
3.17603086687411e-16,1.326817992016503,0.1246860450955396,-4.315593048796945
9.555848176237971e-17,1.429995673652092,0.1158825723046851,-4.026442243819357
9.682324783204268e-17,1.165016690163,0.140213773789075,-15.97664950465169
4.936130869128893e-15,1.194290062213035,0.1372329524507279,-17.44995561757564
9.555848176237971e-17,1.481283107727734,0.1117869380643342,-4.202716833846515
9.555848176237971e-17,1.17467069048314,0.1392218068509428,-4.322199878376276
2.731941657034225e-16,0.8635289072846781,0.1763765163439123,-4.083494294778798
3.17603086687411e-16,1.326817992016503,0.1246860450955396,-4.315593048796945
9.682324783204268e-17,1.32681799329038,0.1246860449819112,-11.06576211866797
1.20578150638828e-15,1.176843097780704,0.1389998082208254,-17.06998543663098
7.172833755534654e-16,1.23579973836294,0.133141042460645,-3.797665238035711
2.731941657034225e-16,0.8351183756283636,0.1803983303059201,-4.077648142171529
3.17603086687411e-16,1.139078990105199,0.1429235128648177,-4.213449409562731
9.555848176237971e-17,1.233371535646405,0.1333761776660186,-6.912950047388399
5.840566125974614e-16,1.430178092716188,0.1158676879619663,-4.810797730857002
4.936130869128893e-15,1.154892614129935,0.1412636456782119,-9.180680073725959
1.028145822447522e-15,0.6907590432438333,0.2029531609870054,-11.50266306394092
9.555848176237971e-17,1.235793021775222,0.1331416921496657,-3.730812127389877
5.840566125974614e-16,1.372747649620013,0.1206701800014789,-10.63042937143249
8.48884454792928e-15,0.6719555060600584,0.2061853291966509,-18.25169465959406
3.17603086687411e-16,1.139078990105199,0.1429235128648177,-4.213449409562731
1.419795237739564,0.108878472143271,0.3707123048344327,-8.280527022154939
9.555848176237971e-17,1.155106676356486,0.1412413446853922,-3.441467194496019
8.005405863007662e-18,1.136017075456454,0.1432477577076736,-7.402907983035803
7.172833755534654e-16,1.23579973836294,0.133141042460645,-3.797665238035711
1.340273035413137e-15,1.302298504900495,0.1268969008963623,-4.342863553634501
9.555848176237971e-17,1.155106676356486,0.1412413446853922,-3.441467194496019
2.744589317728e-16,1.149366020704916,0.1418409515303766,-4.453577308774464
5.840566125974614e-16,1.283030812531239,0.1286681333672638,-4.366993075065388
2.45979798973468,0.6022524557982791,0.2188599502295831,-14.86369618435717
4.162828811893032e-17,1.13907645373261,0.1429237810710454,-4.146594215588001
4.936130869128893e-15,1.302147545046118,0.1269106610954293,-10.38474855191999
9.555848176237971e-17,1.155106676356486,0.1412413446853922,-3.441467194496019
2.731941657034225e-16,1.30223324945597,0.1269028487948787,-3.729998118701852
2.744589317728e-16,1.149366020704916,0.1418409515303766,-4.453577308774464
2.449231293967717e-15,0.9066334215131562,0.1705046259360608,-11.68089699848015
2.731941657034225e-16,1.30223324945597,0.1269028487948787,-3.729998118701852
2.731941657034225e-16,1.229804035542127,0.1337225759671269,-4.169598739580087
1.340273035413137e-15,1.302062133153832,0.1269184473206947,-9.69736305298705
1.425958492109363,0.1111497115427085,0.3694194915674645,-24.3164332055508
5.114956077737342e-17,1.301154121914382,0.1270012588053692,-3.864365927845062
4.162828811893032e-17,1.13907645373261,0.1429237810710454,-4.146594215588001
4.936130869128893e-15,0.8351685002805986,0.1803911241805625,-11.53750087266954
5.840566125974614e-16,1.382946395232167,0.1197999530166661,-4.086196162241544
3.17603086687411e-16,1.129902076245411,0.1438981136089929,-4.877841598180372
1.554768995554028,0.1671486329741398,0.3413292204435945,-13.19344797002964
1.758223923952559,0.2625818693607869,0.3041759494176937,-17.73575592126274
5.840566125974614e-16,1.003526293121556,0.1582293749959695,-4.017478375564078
2.287852447174094e-16,1.229804600109947,0.1337225210598927,-7.644264377295782
1.340273035413137e-15,1.302298504900495,0.1268969008963623,-4.342863553634501
5.840566125974614e-16,1.382946395232167,0.1197999530166661,-4.086196162241544
2.287852447174094e-16,1.136017575139693,0.1432477047170114,-4.312559790804474
9.555848176237971e-17,1.155106676356486,0.1412413446853922,-3.441467194496019
5.840566125974614e-16,1.426095342752326,0.1162013695972271,-3.709348829325985
8.005405863007662e-18,1.382939678612018,0.1198005236096763,-4.01934305159571
3.17603086687411e-16,1.129902076245411,0.1438981136089929,-4.877841598180372
2.093959926088373e-15,0.7441979159939276,0.1941597227366014,-4.454541473229099
9.682324783204268e-17,0.896068567107335,0.1719190323720582,-7.689574231210003
6.728744545674702e-16,1.003526294296035,0.1582293748543744,-4.084331486209911
9.393279804784869e-16,1.23337255035524,0.1333760792986338,-6.922457353876261
2.287852447174094e-16,1.283163830155605,0.1286558012281446,-11.76693806558451
1.340273035413137e-15,1.302298504900495,0.1268969008963623,-4.342863553634501
9.555848176237971e-17,1.129901994056537,0.1438981223753186,-4.81098517710979
9.555848176237971e-17,1.129901994056537,0.1438981223753186,-4.81098517710979
1.648565643988225,0.2108671598155283,0.3230442902556762,-11.7890057661228
1.340273035413137e-15,1.283164147760125,0.1286557717845965,-4.667947177171029
2.804502661847769e-15,0.6907590081197839,0.2029531669549522,-12.1955825145976
1.340273035413137e-15,1.302298504900495,0.1268969008963623,-4.342863553634501
7.172833755534654e-16,1.23579973836294,0.133141042460645,-3.797665238035711
2.731941657034225e-16,0.8351183756283636,0.1803983303059201,-4.077648142171529
1.572445980301006,0.1755908459812154,0.3375950522843312,-13.57769570374334
2.731941657034225e-16,1.136016951526097,0.143247770850307,-4.018824177583499
4.162828811893032e-17,1.13907645373261,0.1429237810710454,-4.146594215588001
8.005405863007662e-18,1.382939678612018,0.1198005236096763,-4.01934305159571
3.17603086687411e-16,0.6907560755161022,0.2029536652361889,-4.736817986539902
2.287852447174094e-16,1.136017575139693,0.1432477047170114,-4.312559790804474
5.840566125974614e-16,1.382946395232167,0.1197999530166661,-4.086196162241544
4.936130869128893e-15,0.8900715430204222,0.1727289606087292,-10.26671764205216
4.936130869128893e-15,1.302190470904879,0.1269067481573292,-11.07883318117851
1.738688558207614e-15,1.791440798124162,0.09037535731193608,-4.139571541239678
7.172833755534654e-16,1.23579973836294,0.133141042460645,-3.797665238035711
9.555848176237971e-17,1.155106676356486,0.1412413446853922,-3.441467194496019
9.682324783204268e-17,0.6907589963738339,0.2029531689507132,-5.34971365926241
2.449231293967717e-15,1.149359291386036,0.1418416562911248,-4.386724198128631
2.731941657034225e-16,1.30223324945597,0.1269028487948787,-3.729998118701852
9.682324783204268e-17,1.301336725442773,0.1269845998496174,-10.51861481658817
4.936130869128893e-15,1.13601695154188,0.1432477708486333,-12.23545188218061
3.17603086687411e-16,1.155171928498536,0.1412345476058779,-4.054332629428667
3.566007091563779,2.169319174503769,0.07039427610179438,-17.16507667003811
2.731941657034225e-16,0.8351183756283636,0.1803983303059201,-4.077648142171529
1.028145822447522e-15,0.6907590432140758,0.2029531609920615,-11.50298119745573
5.840566125974614e-16,1.372747767038881,0.1206701699383227,-10.63076115278888
2.731941657034225e-16,1.30223324945597,0.1269028487948787,-3.729998118701852
9.555848176237971e-17,1.235793021775222,0.1331416921496657,-3.730812127389877
4.936130869128893e-15,1.283164147759607,0.1286557717846445,-4.601090715010313
1.340273035413137e-15,1.302298504900495,0.1268969008963623,-4.342863553634501
8.005405863007662e-18,1.382939678612018,0.1198005236096763,-4.01934305159571
1.738688558207614e-15,1.791440798124162,0.09037535731193608,-4.139571541239678
2.271595610028619e-15,1.430190340276745,0.1158666887143557,-4.558494498777006
9.555848176237971e-17,1.235793021775222,0.1331416921496657,-3.730812127389877
4.936130869128893e-15,1.430190331811021,0.1158666894050492,-4.491638036616289
9.682324783204268e-17,1.256673531289174,0.1311408431221075,-4.415027881943852
2.744589317728e-16,1.149366020704916,0.1418409515303766,-4.453577308774464
9.555848176237971e-17,1.155106676356486,0.1412413446853922,-3.441467194496019
5.840566125974614e-16,1.426095342752326,0.1162013695972271,-3.709348829325985
6.728744545674702e-16,1.003526294296035,0.1582293748543744,-4.084331486209911
9.393279804784869e-16,1.283037597529557,0.128667504290912,-4.433846185711221
9.555848176237971e-17,1.155106676356486,0.1412413446853922,-3.441467194496019
9.682324783204268e-17,1.256673531289174,0.1311408431221075,-4.415027881943852
5.840566125974614e-16,1.382946395232167,0.1197999530166661,-4.086196162241544
9.555848176237971e-17,1.235793021775222,0.1331416921496657,-3.730812127389877
1.340273035413137e-15,1.283164147760125,0.1286557717845965,-4.667947177171029
2.744589317728e-16,1.256676096547883,0.1311405996123789,-4.481880992589685
5.840566125974614e-16,1.426095342752326,0.1162013695972271,-3.709348829325985
5.840566125974614e-16,1.430178092716188,0.1158676879619663,-4.810797730857002
5.840566125974614e-16,0.8895807447453201,0.1727954737153233,-4.305490425757699
3.17603086687411e-16,1.139078990105199,0.1429235128648177,-4.213449409562731
5.114956077737342e-17,1.301154121914382,0.1270012588053692,-3.864365927845062
9.555848176237971e-17,1.235793021775222,0.1331416921496657,-3.730812127389877
4.936130869128893e-15,1.358269555017234,0.1219188040563235,-4.197902423395314
2.287852447174094e-16,1.136017575139693,0.1432477047170114,-4.312559790804474
5.840566125974614e-16,1.003526293121556,0.1582293749959695,-4.017478375564078
9.393279804784869e-16,1.382672142461651,0.1198232541334517,-9.389805883632164
5.840566125974614e-16,1.283030812531239,0.1286681333672638,-4.366993075065388
1.459427063140086,0.125165346540399,0.3617492026745254,-10.77239441002216
1.038263951005382e-15,1.229804039407711,0.1337225755911782,-17.82605910901054
1.340273035413137e-15,1.003526293877005,0.1582293749048927,-9.571861968094172
5.114956077737342e-17,1.301154121914382,0.1270012588053692,-3.864365927845062
5.840566125974614e-16,1.380518178729723,0.1200064512197425,-7.201480971594234
2.731941657034225e-16,1.30223324945597,0.1269028487948787,-3.729998118701852
3.17603086687411e-16,1.283163616492423,0.1286558210358087,-4.307355101789332
2.449231293967717e-15,0.6720230499275512,0.2061735838941886,-7.637168172156467
7.172833755534654e-16,1.23579973836294,0.133141042460645,-3.797665238035711
4.936130869128893e-15,1.23575421469415,0.1331454459982999,-10.89742984241484
5.840566125974614e-16,1.234341219528586,0.1332822162715707,-5.206363335217435
1.760007121183657,0.2647781078121767,0.3034281851260966,-19.90783883872513
2.411588532936547,0.5839885380510381,0.2223765871772316,-13.72708828554337
3.17603086687411e-16,1.139078990105199,0.1429235128648177,-4.213449409562731
9.555848176237971e-17,1.155106676356486,0.1412413446853922,-3.441467194496019
1.410949892871034,0.1049785926234073,0.3729675026013574,-11.97099340767453
3.17603086687411e-16,1.229804600338291,0.1337225210376851,-4.463334352801062
1.340273035413137e-15,1.302298504900495,0.1268969008963623,-4.342863553634501
9.682324783204268e-17,0.6907589963738339,0.2029531689507132,-5.34971365926241
1.754552696362009,0.2608175172981149,0.3047795325367854,-16.05215775191114
5.840566125974614e-16,0.8895807447453201,0.1727954737153233,-4.305490425757699
4.936130869128893e-15,1.358537798470572,0.1218955273692391,-10.85256800437167
6.728744545674702e-16,1.003526294296035,0.1582293748543744,-4.084331486209911
9.555848176237971e-17,1.155106676356486,0.1412413446853922,-3.441467194496019
1.460399965459665,0.1255822619092655,0.3615286053906477,-9.854109455655442
2.093959926088373e-15,0.7441979159939276,0.1941597227366014,-4.454541473229099
3.17603086687411e-16,1.139078990105199,0.1429235128648177,-4.213449409562731
1.028145822447522e-15,0.6901921521466718,0.2030495151943876,-10.04645267998044
2.093959926088373e-15,0.7441979159939276,0.1941597227366014,-4.454541473229099
4.162828811893032e-17,1.13907645373261,0.1429237810710454,-4.146594215588001
3.975272492142624e-14,1.053227967039755,0.1523824133619445,-4.666082501139416
2.449231293967717e-15,1.149359291386036,0.1418416562911248,-4.386724198128631
1.340273035413137e-15,1.283164147760125,0.1286557717845965,-4.667947177171029
2.881850774814424,1.5960736203849,0.1032302623755515,-16.62046701079008
5.840566125974614e-16,0.8895807447453201,0.1727954737153233,-4.305490425757699
9.682324783204268e-17,1.256673531289174,0.1311408431221075,-4.415027881943852
2.449231293967717e-15,1.149359291386036,0.1418416562911248,-4.386724198128631
1.028145822447522e-15,0.7336031178977436,0.1958588825724008,-4.864824706428955
9.555848176237971e-17,1.129901994056537,0.1438981223753186,-4.81098517710979
9.682324783204268e-17,1.256673531289174,0.1311408431221075,-4.415027881943852
1.649112645982708,0.2118390576330249,0.3226648862216684,-7.808827504665204
1.577931156379209,0.1783685021932939,0.3363895445761018,-8.341893545000469
2.832572850442417,0.7746884492790258,0.1893852697963332,-13.90589138678965
4.936130869128893e-15,0.7264201372429433,0.1970230141081052,-15.12004085929258
1.028145822447522e-15,1.429908494816431,0.1158896864092181,-18.77004227436421
2.744589317728e-16,1.149366020704916,0.1418409515303766,-4.453577308774464
3.17603086687411e-16,1.139078990105199,0.1429235128648177,-4.213449409562731
1.738688558207614e-15,1.791440798124162,0.09037535731193608,-4.139571541239678
2.093959926088373e-15,0.7441979159939276,0.1941597227366014,-4.454541473229099
1.340273035413137e-15,1.283164147760125,0.1286557717845965,-4.667947177171029
2.744589317728e-16,1.256676096547883,0.1311405996123789,-4.481880992589685
4.936130869128893e-15,0.8350329478504435,0.1804106126678631,-10.73614875408527
9.555848176237971e-17,1.155106676356486,0.1412413446853922,-3.441467194496019
2.271595610028619e-15,1.430190340276745,0.1158666887143557,-4.558494498777006
7.172833755534654e-16,1.23579973836294,0.133141042460645,-3.797665238035711
4.162828811893032e-17,1.13907645373261,0.1429237810710454,-4.146594215588001
5.840566125974614e-16,1.373101752940203,0.1206398369047912,-4.47723136287782
2.744589317728e-16,1.256676096547883,0.1311405996123789,-4.481880992589685
3.39986412042136,2.040914626378836,0.07655877836764879,-16.21360256810902
2.744589317728e-16,1.139041851557014,0.1429274401079062,-10.60404689314856
2.744589317728e-16,1.256676096547883,0.1311405996123789,-4.481880992589685
4.162828811893032e-17,1.13907645373261,0.1429237810710454,-4.146594215588001