Observed S Changes	Observed NS Changes	E[S Sites]	E[NS Sites]	Observed S. Prop.	P{S}	dS	dN	dN-dS	P{S leq. observed}	P{S geq. observed}	Scaled dN-dS
4	0	1.000000000000002	2.000000000000004	1	0.3333333333333333	3.999999999999992	0	-3.999999999999992	1	0.01234567901234551	-1.096509250961542
12	5	0.9994603998803173	2.000539600119688	0.7058823529411765	0.3331534666267719	12.00647869734205	2.499325681781486	-9.507153015560569	0.9996605812249906	0.001864917448159753	-2.606170307967275
16	1	1.771011753082507	1.228415599111719	0.9411764705882353	0.5904499576517253	9.034383861175085	0.8140567416459961	-8.220327119529088	0.9998711416314753	0.001648304924903976	-2.253416183123426
3	0	0.7722860981153559	2.086514250400838	1	0.2701434182055407	3.884570766353342	0	-3.884570766353342	1	0.01971438222521449	-1.064866945330303
4	3	1.170039179749188	1.829960820250816	0.5714285714285714	0.3900130599163955	3.418688937286227	1.639379360913758	-1.779309576372469	0.9130887576899145	0.2707115587229783	-0.4877573527042194
7	0	1.000000000000001	1.98900026066038	1	0.3345600243537832	6.999999999999991	0	-6.999999999999991	1	0.0004691571394238592	-1.918891189182699
8	0	0.7733337521611862	2.22666624783882	1	0.2577779173870615	10.34482198357813	0	-10.34482198357813	0.9999999999999996	1.949690543667781e-05	-2.835798251135942
0	1	0.7722860981153558	2.227590938649636	0	0.2574392512261682	0	0.4489154550997586	0.4489154550997586	0.7425607487738318	0.2574392512261682	0.1230599873541242
2	2	1.000000000000002	1.999907808163873	0.5	0.3333435771854811	1.999999999999996	1.000046098042995	-0.9999539019570007	0.888879783032662	0.4074256187001104	-0.274114676007736
8	0	1.000000000000002	2.000000000000004	1	0.3333333333333333	7.999999999999986	0	-7.999999999999986	1	0.000152415790275473	-2.193018501923084
3	3	0.999899420808855	1.999684253385155	0.5	0.3333460671263083	3.000301767925009	1.500236847353009	-1.500064920572	0.8998502487226532	0.3196410656200194	-0.4112087656125229
7	0	0.7722860981153556	2.22771390188465	1	0.2574286993717848	9.063998454824466	0	-9.063998454824466	1.000000000000001	7.49201670963151e-05	-2.484689539104041
7	0	1.000000000000002	1.933106230441968	1	0.3409354866254942	6.999999999999986	0	-6.999999999999986	1	0.0005354333929900035	-1.918891189182698
20	1	0.9998651722746605	2.000134827725346	0.9523809523809523	0.3332883907582195	20.00269691812613	0.4999662953408249	-19.5027306227853	0.9999999999046714	4.099946160351919e-09	-5.346231136723769
4	8	0.5369782546082699	2.46066631167047	0.3333333333333333	0.1791333971508409	7.44909121677196	3.251151918509848	-4.197939298262112	0.9519621385118159	0.1531111054398354	-1.150769818879854
4	0	1.000000000000002	2.000000000000004	1	0.3333333333333333	3.999999999999992	0	-3.999999999999992	1	0.01234567901234551	-1.096509250961542
1	1	0.8137095006335431	2.082966828437939	0.5	0.2809114337238964	1.228939811101399	0.4800844575858757	-0.748855353515523	0.921088766403185	0.4829116338509777	-0.2052817056904621
1	0	1.000000000000002	2.000000000000004	1	0.3333333333333333	0.9999999999999978	0	-0.9999999999999978	1	0.3333333333333333	-0.2741273127403854
4	1	0.912378613975302	2.087621386024704	0.8	0.3041262046584334	4.384144848125824	0.4790140619819107	-3.905130786143913	0.9973982281469451	0.03236745508366135	-1.070503008305382
14	5	0.9990554488525891	2.000944551147416	0.7368421052631579	0.3330184829508625	14.01323621834898	2.498819868413053	-11.51441634993593	0.9999401018569998	0.0003765855193998968	-3.1564160117819
1	5	0.7722860981153559	2.227713901884651	0.1666666666666667	0.2574286993717848	1.294856922117781	2.244453381455307	0.9495964593375263	0.5163975997763921	0.8323401929813865	0.2603103255859813
3	1	0.7723832950388145	2.227507781671192	0.75	0.2574704465223087	3.884081930913901	0.448932213942592	-3.435149716971309	0.9956054992311782	0.05508842292890004	-0.9416683607742423
6	9	0.88411993677981	1.36144274038071	0.4	0.3937186638218294	6.786409570010973	6.610634243408038	-0.1757753266029356	0.6291696484655632	0.5771724718150764	-0.04818481792772641
4	2	0.913244424758947	2.086755575241059	0.6666666666666666	0.3044148082529817	4.379988414444259	0.9584256171300573	-3.421562797314202	0.98829407377615	0.07402988247461839	-0.9379438150002201
5	0	0.8134880596135076	2.119166591005651	1	0.2773896542648686	6.146371714878675	0	-6.146371714878675	1	0.001642295475133726	-1.684888361303209
8	0	1.000000000000001	2.000000000000002	1	0.3333333333333333	7.999999999999991	0	-7.999999999999991	1	0.000152415790275473	-2.193018501923085
6	0	1.000000000000002	2.000000000000004	1	0.3333333333333333	5.999999999999988	0	-5.999999999999988	1	0.001371742112482699	-1.644763876442313
3	1	0.7723167990148272	2.227683200985179	0.75	0.2574389330049419	3.884416348092935	0.4488968626947298	-3.435519485398205	0.9956076503247094	0.05506981051508464	-0.9417697243994436
6	0	1.000000000000002	2.000000000000004	1	0.3333333333333333	5.999999999999989	0	-5.999999999999989	1	0.001371742112482699	-1.644763876442313
5	1	0.9999693926656426	2.000030607334363	0.8333333333333334	0.3333231308885468	5.000153041355976	0.4999923482835085	-4.500160693072467	0.998628509780459	0.01783012847503573	-1.233616957691868
14	0	0.8640136696929963	2.068640980926161	1	0.2946182802365021	16.20344734241823	0	-16.20344734241823	1.000000000000001	3.712236584796358e-08	-4.441807477107456
12	1	1.770045259791496	1.229383049820127	0.9230769230769231	0.5901275433453144	6.77948766203501	0.8134161278263203	-5.96607153420869	0.9989473196715966	0.01055747433916865	-1.63546315728954
3	1	0.9999766664459369	2.000023333554069	0.75	0.3333255554819783	3.000070002295592	0.4999941666795387	-2.500075835616053	0.9876554732215997	0.1111041975864522	-0.6853390704646035
6	0	0.8648798919356453	1.362834009949005	1	0.388236519601532	6.937379462680875	0	-6.937379462680875	0.9999999999999997	0.003424351285583827	-1.901725189565051
3	23	0.7747753441173468	2.225224655882656	0.1153846153846154	0.2582584480391154	3.872090177853701	10.33603503322537	6.46394485537167	0.06737493441173925	0.9790709200757769	1.771943832905079
7	2	0.9998159703574753	2.000091739191244	0.7777777777777778	0.3332822430420299	7.001288444609674	0.9999541325083015	-6.001334312101372	0.9990358207597737	0.008273411682551135	-1.645129647833022
3	5	1.000000000000002	1.775303186679717	0.375	0.3603209929637882	2.999999999999994	2.81642033739111	-0.1835796626088846	0.6840171040260721	0.5965696826086918	-0.05032419958476025
3	8	0.8043285039453268	2.195615734944388	0.2727272727272727	0.2681144847688937	3.72981932790476	3.643624825909089	-0.08619450199567114	0.6623754597266405	0.5994368081381197	-0.02362826720506916
2	7	0.9956466487479231	2.004307977233935	0.2222222222222222	0.3318872359351291	2.008744771566402	3.492477243771897	1.483732472205496	0.380740699879676	0.8548900597230185	0.406731595431342
2	12	0.8498504224925111	2.074960314364457	0.1428571428571428	0.2905659541600866	2.353355304730256	5.783243138158765	3.429887833428509	0.1799612628698044	0.9449136398280255	0.9402259347787018
0	1	0.1883948964028455	2.81160510359716	0	0.06279829880094838	0	0.3556687241464324	0.3556687241464324	0.9372017011990517	0.06279829880094834	0.09749851157606314
9	0	0.772286098115356	2.086514250400838	1	0.2701434182055408	11.65371229906002	0	-11.65371229906002	1	7.662130021013347e-06	-3.194600835990909
0	18	0.7731558474911725	2.226619004566434	0	0.2577379588874309	0	8.08400537455439	8.08400537455439	0.004677680206197405	0.9953223197938026	2.216046669505432
6	9	0.7731985308689358	2.22680146913107	0.4	0.2577328436229781	7.759973358015931	4.041671484756084	-3.718301873259847	0.9344216255688883	0.1659162437389392	-1.019288100474265
5	1	1.000000000000002	2.000000000000004	0.8333333333333334	0.3333333333333333	4.999999999999989	0.4999999999999989	-4.49999999999999	0.9986282578875173	0.01783264746227697	-1.233572907331734
8	4	0.7722860981153554	2.227315135286615	0.6666666666666666	0.2574629219096147	10.35885537694225	1.795884173114674	-8.562971203827576	0.9995026839357295	0.003402645119719105	-2.347344285178561
11	7	0.8910735548214155	1.35742005853516	0.6111111111111112	0.3962980146033019	12.34465992227159	5.156841433118313	-7.187818489153273	0.9812807409330953	0.05393638068102846	-1.970377366897248
6	7	0.9135228349128215	2.086477165087184	0.4615384615384616	0.3045076116376066	6.567980318272599	3.354937268008635	-3.213043050263964	0.9328605308901836	0.1748238884589546	-0.8807828570880332
3	6	0.9997996705351019	2.000200329464904	0.3333333333333333	0.3332665568450333	3.000601108814501	2.99969953589855	-0.0009015729159513874	0.6504715110354964	0.622657560474548	-0.0002471457606892677
2	0	0.7722860981153558	2.22771390188465	1	0.2574286993717848	2.589713844235562	0	-2.589713844235562	1	0.0662695352602487	-0.7099112968868689
16	0	1.000000000000002	1.934031775407877	1	0.3408279379867948	15.99999999999996	0	-15.99999999999996	0.9999999999999992	3.31560665589592e-08	-4.386037003846166
4	7	0.8145628846690961	2.112703583577618	0.3636363636363636	0.2782674189401617	4.910609205604721	3.313290162620121	-1.5973190429846	0.8349417895207907	0.3668937110538948	-0.4378687768424134
8	2	0.7723027465813066	2.227655439639322	0.8	0.2574378370100751	10.35863207196011	0.8978049138172904	-9.460827158142814	0.9999618420007501	0.000516851100551996	-2.593471125162953
2	1	0.7720775227832456	2.086293563071902	0.6666666666666666	0.2701110176365574	2.590413450698892	0.4793189308064484	-2.111094519892444	0.9802927104583348	0.1794653064626399	-0.5787086676790709
0	2	0.9999748294168103	2.000011231311562	0	0.3333264919151073	0	0.9999943843757546	0.9999943843757546	0.4444535663822174	0.5555464336177826	0.2741257733444022
10	1	1.771324000444811	1.228288283759323	0.9090909090909091	0.5905176511553005	5.645494555196464	0.8141411207956657	-4.831353434400798	0.9969551793245222	0.02626987333093744	-1.324405933871325
0	2	0.187362595142343	2.812637404857663	0	0.06245419838078087	0	0.711076371431963	0.711076371431963	0.878992130133824	0.121007869866176	0.1949254548538286
1	0	0.7722860981153559	2.227713901884651	1	0.2574286993717848	1.294856922117781	0	-1.294856922117781	1	0.2574286993717847	-0.3549556484434344
8	3	0.9999380331631904	2.000061966836815	0.7272727272727273	0.3333126777210629	8.000495765415492	1.499953526312302	-6.50054223910319	0.9986289503504413	0.008819487440962726	-1.781976175360729
5	0	1.772083678684424	1.227669269118685	1	0.590743207697228	2.821537188194152	0	-2.821537188194152	0.9999999999999998	0.07194385155485494	-0.7734604071967276
11	0	1.637673160922341	1.221122088795612	1	0.5728543032537615	6.716846964631682	0	-6.716846964631682	1	0.002180148007166038	-1.841271208502901
6	0	1.000000000000002	1.933217983195407	1	0.3409224973149167	5.999999999999988	0	-5.999999999999988	0.9999999999999998	0.001570124051902044	-1.644763876442313
7	0	0.7722860981153558	2.22771390188465	1	0.2574286993717848	9.063998454824466	0	-9.063998454824466	1.000000000000001	7.49201670963151e-05	-2.484689539104041
6	0	1.000000000000002	2.000000000000004	1	0.3333333333333333	5.999999999999988	0	-5.999999999999988	1	0.001371742112482699	-1.644763876442313
9	4	0.8450042065412922	1.550438896368569	0.6923076923076923	0.3527548642315171	10.65083455245522	2.579914635377623	-8.070919917077594	0.9973098735824109	0.01330313028599706	-2.21245958821134
1	0	0.7722860981153558	2.086514250400838	1	0.2701434182055408	1.294856922117781	0	-1.294856922117781	1	0.2701434182055408	-0.3549556484434345
3	0	0.7722860981153556	2.22771390188465	1	0.2574286993717848	3.884570766353343	0	-3.884570766353343	1	0.01705968027001825	-1.064866945330303
7	11	0.9962923888441161	2.003525584282564	0.3888888888888889	0.3321176143916794	7.026049860845869	5.490321704046995	-1.535728156798874	0.7801020662183216	0.3871987350886639	-0.4209850327230215
1	5	0.7734294227699753	2.22657057723003	0.1666666666666667	0.2578098075899913	1.292942795502375	2.245605888774593	0.952663093272218	0.5155029467538593	0.8328558170244241	0.2611509737056568
3	2	0.8136534591536403	1.415384999260513	0.6	0.3650244149365252	3.687073367967476	1.413043095020031	-2.274030272947445	0.9371538127667335	0.2589471809685824	-0.6233738078133695
7	6	0.7723251716500584	2.227576692451767	0.5384615384615384	0.2574501455837768	9.063539888314956	2.693509956506208	-6.370029931808748	0.9931478780457085	0.02841580697143575	-1.746199187282556
3	3	0.8651454857724552	2.031563553229276	0.5	0.2986649587942748	3.467624866956816	1.476695127371893	-1.990929739584923	0.9305847070962032	0.2532211833695404	-0.5457682193673314
3	5	0.8161685424398997	2.089709072917451	0.375	0.2808681749453275	3.6757113806808	2.39267755727331	-1.283033823407491	0.8391528621167887	0.3994843506031468	-0.3517146141657184
0	0	0	1.269381397523391	0	0	0	0	0	0	0	0
4	2	0.7723166903616397	2.227683309638366	0.6666666666666666	0.2574388967872127	5.179222526094817	0.8977936816004033	-4.281428844494414	0.9946709432351956	0.0416579623029194	-1.17365658383043
3	0	1.000729155396476	1.99927084460353	1	0.333576385132158	2.997814127651191	0	-2.997814127651191	0.9999999999999999	0.03711811339184701	-0.8217827309081854
1	1	0.7722860981153558	2.227529112866966	0.5	0.2574445570140511	1.294856922117781	0.4489279148917336	-0.8459290072260472	0.9337223000638391	0.4486114140919412	-0.2318922455200189
5	5	0.999381807900425	2.000618192099582	0.5	0.3331272693001409	5.003092872487212	2.499227498652638	-2.503865373834574	0.9236473301588197	0.212706160237556	-0.6863778863929737
2	0	0.8134742036508313	2.119180446968328	1	0.2773849295480755	2.458590562582194	0	-2.458590562582194	1	0.0769423991403908	-0.6739668240495307
12	0	1.069492068756093	1.547907203314459	1	0.4086086827364507	11.22027956126592	0	-11.22027956126592	0.9999999999999991	2.166162789984938e-05	-3.075785084325704
3	8	0.772347503323668	2.227652496676338	0.2727272727272727	0.2574491677745555	3.884261924962537	3.591224399647619	-0.2930375253149187	0.6926026358948255	0.5676336993290358	-0.08032958934667148
1	7	0.8226403724518099	2.077691808511183	0.125	0.2836366047487257	1.215598010367015	3.369123356661837	2.153525346294822	0.2890309909709368	0.9306467066174334	0.5903401160981088
5	4	1.000000000000002	2.000000000000003	0.5555555555555556	0.3333333333333334	4.999999999999992	1.999999999999997	-2.999999999999995	0.9575776050398819	0.1448458060255046	-0.8223819382211566
1	13	0.7726564441232091	2.032292994565275	0.07142857142857142	0.2754618081402856	1.294236277463232	6.396715451347019	5.102479173883786	0.0694636024345904	0.9890135353871617	1.398728904250547
1	0	0.7722860981153558	2.22771390188465	1	0.2574286993717848	1.294856922117781	0	-1.294856922117781	1	0.2574286993717847	-0.3549556484434345
4	7	0.7724765487625899	2.227188759004003	0.3636363636363636	0.2575209130040374	5.178150723678921	3.142975633161149	-2.035175090517772	0.8729331930675882	0.3075985323453934	-0.5578970785198086
3	0	0.7722860981153558	2.086514250400838	1	0.2701434182055408	3.884570766353342	0	-3.884570766353342	0.9999999999999999	0.01971438222521493	-1.064866945330303
2	1	0.7722860981153558	2.000061470539668	0.6666666666666666	0.2785675601598621	2.589713844235562	0.4999846328373969	-2.089729211398165	0.9783831892071285	0.1895660351345118	-0.5728518530756649
6	1	1.000000000000002	2.000000000000004	0.8571428571428571	0.3333333333333333	5.999999999999989	0.4999999999999991	-5.49999999999999	0.9995427526291726	0.00685871056241405	-1.50770022007212
1	1	0.7722860981153559	2.000216067121868	0.5	0.2785520270456766	1.294856922117781	0.4999459890545279	-0.7949109330632527	0.9224087682287447	0.4795128223200977	-0.2179067979485823
4	2	0.7722916087365059	2.225527465487783	0.6666666666666666	0.2576178180253733	5.179390731104964	0.8986633645348642	-4.280727366570099	0.9946534139852923	0.04175903831046934	-1.17346428957209
6	1	0.9998652493584644	2.000134750641542	0.8571428571428571	0.3332884164528208	6.000808612810308	0.4999663146091786	-5.50084229820113	0.9995431837554936	0.006853536523735104	-1.507931117014525
7	3	0.9998367802757181	1.99913224693268	0.7	0.3333934999676939	7.001142724585165	1.500651097296328	-5.500491627288837	0.9965916432006097	0.0196821868626138	-1.507834988539682
2	3	0.7722860981153559	2.227713901884651	0.4	0.2574286993717848	2.589713844235561	1.346672028873184	-1.243041815362377	0.8884947443548608	0.3828543684235278	-0.3407517124692194
1	2	0.7722860981153556	2.000586355140796	0.3333333333333333	0.278514829345457	1.294856922117781	0.9997069083574979	-0.2951500137602832	0.8104975443058862	0.6244374949413205	-0.08090868012739437
11	5	1.000000000000002	2.000000000000004	0.6875	0.3333333333333333	10.99999999999998	2.499999999999996	-8.499999999999986	0.9992075354589735	0.004039541130205104	-2.330082158293277
4	0	1.000000000000002	1.999938428159786	1	0.3333401747893268	3.999999999999992	0	-3.999999999999992	1	0.01234669259258547	-1.096509250961542
5	0	1.001250696478968	1.998749303521039	1	0.3337502321596553	4.993754329043835	0	-4.993754329043835	1	0.004141025285546496	-1.368924454706456
10	2	0.9482555393667405	2.050963478058407	0.8333333333333334	0.316167486888245	10.54568055218338	0.9751514453555006	-9.570529106827884	0.9999731070253445	0.0003349389213633813	-2.623543425558374
4	0	1.000000000000002	1.772405960668118	1	0.3606975364311412	3.999999999999992	0	-3.999999999999992	1	0.01692671587466532	-1.096509250961542
4	1	1.770373197500285	1.227813945159902	0.8	0.590481218570464	2.259410617856102	0.8144556461034226	-1.444954971752679	0.9282155391561751	0.3207092700148003	-0.3961016234374223
2	7	0.9991180305666584	2.000881969433348	0.2222222222222222	0.3330393435222188	2.001765495980172	3.498457233827945	1.496691737847773	0.3779012686658597	0.8565189658564214	0.4102840840969482
4	0	1.000000000000002	2.000000000000004	1	0.3333333333333333	3.999999999999991	0	-3.999999999999991	1	0.01234567901234551	-1.096509250961542
8	0	1.000000000000002	1.775080349860817	1	0.3603499264625458	7.999999999999986	0	-7.999999999999986	0.9999999999999997	0.0002843122040772084	-2.193018501923084
16	0	1.000000000000002	1.972313645561454	1	0.3364382495411605	15.99999999999998	0	-15.99999999999998	0.9999999999999999	2.694547462933627e-08	-4.386037003846169
3	0	1.000000000000002	1.999945454701999	1	0.3333393940321947	2.999999999999994	0	-2.999999999999994	1	0.03703905730672297	-0.8223819382211564
3	1	0.9994471493851889	2.00049147664831	0.75	0.3331558654940391	3.001659469283047	0.4998771610241666	-2.50178230825888	0.9876805915302967	0.1109534249102926	-0.6858068612244468
12	1	1.769957682010236	1.228898408876663	0.9230769230769231	0.5902109432289493	6.779823112138452	0.813736914928632	-5.96608619720982	0.9989453840176618	0.01057360443384281	-1.635467176818636
14	1	0.8638543176873994	2.068790678642811	0.9333333333333333	0.294564912823881	16.20643633231933	0.4833741810244573	-15.72306215129488	0.9999999890927525	4.027235652737104e-07	-4.310120775584537
2	0	0.7722860981153558	2.22771390188465	1	0.2574286993717848	2.589713844235562	0	-2.589713844235562	1	0.0662695352602487	-0.7099112968868689
0	10	0.792275624460125	2.207554179868193	0	0.2641068581014118	0	4.529900145235426	4.529900145235426	0.04657443077205112	0.9534255692279489	1.241769353795671
4	9	0.7733082434482359	2.218419630685502	0.3076923076923077	0.2584821467668242	5.172581611394337	4.056942102166197	-1.11563950922814	0.7721467472924886	0.4441862443346085	-0.3058272606517132
2	0	0.813453164755269	2.119201485863889	1	0.2773777555374712	2.458654150791471	0	-2.458654150791471	1	0.07693841926700518	-0.6739842553144615
6	21	0.7790356535021534	2.220734554775218	0.2222222222222222	0.2596984433516051	7.701829785359644	9.45633054380316	1.754500758443516	0.4248464839051804	0.7394787941699983	0.4809565781130901
1	0	0.7722860981153558	2.22771390188465	1	0.2574286993717848	1.294856922117781	0	-1.294856922117781	1	0.2574286993717847	-0.3549556484434345
1	1	0.7722986345138687	2.227687440931068	0.5	0.2574340730562647	1.294835903250639	0.448896008311672	-0.8459398949389667	0.9337276980296617	0.4485958441421912	-0.2318952301395034
0	0	0	1.269381397523391	0	0	0	0	0	0	0	0
6	10	0.9978513371169401	2.002148662883066	0.375	0.3326171123723127	6.012919737458696	4.994634107539317	-1.018285629919379	0.7394745552540632	0.4506080015084912	-0.2791399033319507
1	1	0.999974857976445	1.933251345019495	0.5	0.3409129704879529	1.000025142655692	0.5172633152829469	-0.4827618273727454	0.8837783465530802	0.5656042875289859	-0.1323382024313288
5	1	1.000000000000002	2.000000000000004	0.8333333333333334	0.3333333333333333	4.999999999999991	0.4999999999999991	-4.499999999999992	0.9986282578875173	0.01783264746227697	-1.233572907331735
7.5	4.5	0.9995657515674643	2.0003689884282	0.625	0.3331958319763012	7.503258278146196	2.249584964589907	-5.253673313556289	0.9887237102784104	0.04250966897411312	-1.440175347461065
4	0	0.8262781124441272	1.401435789440522	1	0.3709085406995462	4.840985062726661	0	-4.840985062726661	1	0.01892637038033684	-1.327046226261609
6	2	0.7722860981153555	2.22771390188465	0.75	0.2574286993717847	7.769141532706687	0.8977813525821232	-6.871360180124563	0.9995356448714318	0.004957765949594073	-1.883627501048841
8	0	1.000000000000002	1.938421947636425	1	0.3403187213478207	7.999999999999988	0	-7.999999999999988	1	0.0001799230177103039	-2.193018501923084
1	2	0.9874986911932664	2.002988972880502	0.3333333333333333	0.3302132635611859	1.012659570000672	0.9985077437165302	-0.01415182628414224	0.7448910381881564	0.6995241106300421	-0.003879402109640675
6	1	0.7723336293950485	2.227666370604956	0.8571428571428571	0.2574445431316824	7.768663400944569	0.4489002541832309	-7.319763146761338	0.9999250475495782	0.001588266551879158	-2.006547001317797
3	4	0.9694197277121065	2.000621293522987	0.4285714285714285	0.3263994405400411	3.09463477402115	1.999378899419897	-1.095255874601253	0.837188822879031	0.4133794146379368	-0.3002395496675627
3	41	1.000000000000002	2.000000000000003	0.06818181818181818	0.3333333333333334	2.999999999999996	20.49999999999997	17.49999999999997	3.421002407804208e-05	0.9999953642291132	4.797227972956747
3	0	0.7722860981153558	2.086514250400838	1	0.2701434182055408	3.884570766353342	0	-3.884570766353342	0.9999999999999999	0.01971438222521493	-1.064866945330303
0	10	0.4030941126050468	2.561774958399599	0	0.1359568004358649	0	3.903543504948317	3.903543504948317	0.2319287377607685	0.7680712622392315	1.07006789117667
7	2	0.9475590838603933	2.052008448687643	0.7777777777777778	0.3158985665695189	7.387402135898188	0.9746548564549502	-6.412747279443238	0.999358089914099	0.005930952969682934	-1.757909178996996
3	15	0.9172184861565194	1.988546232960177	0.1666666666666667	0.3156547672708128	3.270758325610179	7.543199022167464	4.272440696557285	0.1321487434069575	0.9546385032539381	1.171192686989911
8	1	0.999877047848422	1.999815801894536	0.8888888888888888	0.3333264763871078	8.000983738165347	0.5000460537678745	-7.500937684397472	0.9999492041417629	0.0009651495197509075	-2.056211890456972
5	13	0.80658672915395	2.189832971048661	0.2777777777777778	0.2691834955895566	6.198961400275741	5.93652583181931	-0.2624355684564312	0.6491725462430762	0.5562414858346885	-0.0719407571484571
4	18	0.779944923918942	2.201271348426428	0.1818181818181818	0.2616197057402169	5.12856725818721	8.177092757268312	3.048525499081102	0.2803456458421698	0.865514922838956	0.8356841028836466
1	0	0.7722860981153559	2.227713901884651	1	0.2574286993717848	1.294856922117781	0	-1.294856922117781	1	0.2574286993717847	-0.3549556484434344
3	0	0.7722860981153559	2.227713901884651	1	0.2574286993717848	3.884570766353342	0	-3.884570766353342	1	0.01705968027001825	-1.064866945330303
5	0	0.7722860981153559	2.22771390188465	1	0.2574286993717848	6.474284610588903	0	-6.474284610588903	1	0.001130537083182115	-1.774778242217172
2	0	0.7722860981153559	2.227713901884651	1	0.2574286993717848	2.589713844235561	0	-2.589713844235561	1	0.0662695352602487	-0.7099112968868688
6	8	0.8937976692319456	2.00370273306451	0.4285714285714285	0.3084719741621273	6.71292867115652	3.992608218767368	-2.720320452389152	0.8939788132927974	0.2413305637273954	-0.7457141354061493
11	0	1.626623053505601	1.213104517382622	1	0.5728095434861796	6.762476393220577	0	-6.762476393220577	1	0.002178274943041458	-1.853779481143855
7	0	0.7722860981153558	2.22771390188465	1	0.2574286993717848	9.063998454824466	0	-9.063998454824466	1.000000000000001	7.49201670963151e-05	-2.484689539104041
0	0	0	1.269381397523391	0	0	0	0	0	0	0	0
12	0	1.638505893667965	1.221084082061757	1	0.5729863048809452	7.32374539900907	0	-7.32374539900907	1.000000000000001	0.001252364944685835	-2.007638645425122
2	3	0.9502890822415619	2.049096876308492	0.4	0.3168278758966203	2.104622727309839	1.464059622893276	-0.6405631044165634	0.8139559758758919	0.5061082855076361	-0.1755958424543518
9	7	0.7809860828637366	2.125570765532315	0.5625	0.2686980243633336	11.52389293161103	3.293233099320954	-8.230659832290076	0.9970326846719181	0.01231025426496357	-2.256248661905914
3	13	1.554449625013695	1.219441242496877	0.1875	0.5603860062485931	1.929943532247672	10.66062024717299	8.730676714925323	0.002678337027961749	0.9995789120341029	2.39331694626754
4	8	0.792386571408601	2.162661004672877	0.3333333333333333	0.2681468067797881	5.048041125797127	3.699146552656354	-1.348894573140773	0.8026923752479026	0.407921749589142	-0.36976884450517
1	7	0.7725624556373306	2.169349471916406	0.125	0.2626055689844302	1.294393731798736	3.226773782011338	1.932380050212602	0.3364712289647757	0.9125824104554913	0.5297181503579127
1	3	0.8144280867971677	2.082331861986442	0.25	0.2811513902417622	1.227855492966377	1.440692549908038	0.2128370569416607	0.684769891597258	0.7329763373584062	0.05834445047098995
9	1	0.7722860981153554	2.000277893513497	0.9	0.2785458155148461	11.65371229906003	0.4999305362733854	-11.15378176278665	0.9999971883167987	7.563634965257471e-05	-3.057556221525429
2	2	0.999772965043258	1.99768654805057	0.5	0.333540106438783	2.000454173026637	1.001158065539205	-0.9992961074874329	0.888705005062705	0.4077750040039608	-0.2739343565774578
6	2	0.999499800435978	2.000172097505003	0.75	0.3332030416800081	6.003002699333029	0.9999139586512491	-5.00308874068178	0.9974155968549039	0.01962163348534385	-1.371483271884778
13	1	1.662758000966738	1.2219205010724	0.9285714285714286	0.5764101614066724	7.81833555601099	0.8183838466760848	-6.999951709334905	0.9995530666157273	0.005045100347560005	-1.918877951392449
12	3	0.7723027339154384	2.227655484116402	0.8	0.257437830058219	15.53794836276459	1.346707343837752	-14.19124101892683	0.9999986730251046	1.711319851405158e-05	-3.89020676496955
10	4	0.9989208757594988	2.001079124240507	0.7142857142857143	0.3329736252531656	10.01080290007635	1.998921457700063	-8.011881442376289	0.9993162005415456	0.004003542346190492	-2.19627552979318
7	7	0.999930086135104	2.000069913864903	0.5	0.3333100287117006	7.000489431272303	3.499877655013226	-3.500611776259078	0.942406166557644	0.1494172403418024	-0.9596132991732502
0	2	0.0001732511831976079	2.999826748816808	0	5.775039439920253e-05	0	0.6667051691531319	0.6667051691531319	0.9998845025463098	0.0001154974536902165	0.1827620964100725
2	1	1.000038197258609	1.999752884295083	0.6666666666666666	0.3333692814169764	1.999923608400732	0.5000617865604439	-1.499861821840288	0.9629509789761042	0.2593071913296218	-0.4111530907029778
0	0	0.7722860981153558	2.22771390188465	0	0.2574286993717848	0	0	0	0	0	0
1	5	0.7724254703073105	2.227378954736356	0.1666666666666667	0.2574919430942791	1.294623285275858	2.244790896209139	0.9501676109332813	0.5162490993681146	0.8324258507992333	0.260466893838093
7	2	0.8228849785882234	2.118973547081868	0.7777777777777778	0.2797160269291971	8.506656680025316	0.943853217400608	-7.562803462624707	0.9997465855186463	0.002755668872853945	-2.073170989992997
2	7	0.8131206756402789	1.68812273023075	0.2222222222222222	0.3250865844290428	2.459659506782474	4.146617941127519	1.686958434345045	0.3976955606162954	0.8449861358181224	0.4624413823117361
3	2	0.7725010390102811	2.227253494406336	0.6	0.2575214173042448	3.883489922348277	0.8979669377656944	-2.985522984582583	0.9825403895190199	0.1116069220380469	-0.8184133928882803
2	3	0.7722971642319442	2.227684720355657	0.4	0.2574339425846598	2.58967673666006	1.346689669587104	-1.242987067072957	0.8884889963811939	0.3828654218964729	-0.3407367044677635
2	0	0.8135786533113407	2.083097675760141	1	0.2808662621868181	2.458274921373384	0	-2.458274921373384	1	0.07888585723479435	-0.6738802981731694
4	0	1.637898409522333	1.22105922870162	1	0.5729005521536272	2.442153906948683	0	-2.442153906948683	0.9999999999999997	0.1077251142269477	-0.6694610878102771
5	0	0.7722860981153559	2.000000000000004	1	0.2785737369026837	6.474284610588903	0	-6.474284610588903	0.9999999999999999	0.001677648026002454	-1.774778242217172
3	2	0.9133254241070951	2.086674575892911	0.6	0.3044418080356976	3.284699977483847	0.9584628207511359	-2.326237156732711	0.9675088245868527	0.1690060005938568	-0.6376851405719741
0	0	0	1.269381397523391	0	0	0	0	0	0	0	0
9	0	1.000000000000001	1.998564281309781	1	0.3334929340128063	8.999999999999988	0	-8.999999999999988	1	5.102461416539583e-05	-2.46714581466347
15	2	0.9999065281436655	2.00009347185634	0.8823529411764706	0.3333021760478879	15.00140220891209	0.9999532662559747	-14.00144894265611	0.9999997293701289	4.477597978502779e-06	-3.838179573122038
4	8	0.7729321769122697	2.227067823087736	0.3333333333333333	0.257644058970756	5.175098306787159	3.592167206164532	-1.582931100622627	0.8261756170097153	0.3750036571912276	-0.4339246488668622
5	1	0.7722860981153558	2.227622138875262	0.8333333333333334	0.2574365737566963	6.474284610588904	0.4489091675596765	-6.025375443029227	0.9997089138912949	0.00532882946562363	-1.651719978449514
15	0	1.000000000000002	2.000000000000004	1	0.3333333333333333	14.99999999999997	0	-14.99999999999997	1.000000000000001	6.969171806314733e-08	-4.111909691105782
6	15	0.9619811248610369	2.037991608609186	0.2857142857142857	0.3206632894120554	6.237128614001372	7.3601873219864	1.123058707985028	0.4679101866135381	0.7107729321271982	0.3078610656696256
20	0	1.000000000000002	2.000000000000003	1	0.3333333333333334	19.99999999999997	0	-19.99999999999997	1	2.867966975017566e-10	-5.48254625480771
1	11	0.7725062172465212	2.227077399296004	0.08333333333333333	0.257537817244432	1.29448796355885	4.939208670285633	3.644720706726783	0.1448595114799889	0.971939716556357	0.9991174930242533
2	2	0.8222018681593974	2.122347318168044	0.5	0.2792284374046677	2.432492648645098	0.942352829284487	-1.490139819360611	0.9311531581417378	0.3118801673637162	-0.4084880242887683
4	2	0.7728439675341949	2.226342812617845	0.6666666666666666	0.2576845072299954	5.175688972202552	0.8983342496335054	-4.277354722569047	0.9946468689308641	0.04179675375020286	-1.172539755735252
3	0	0.8134601279465677	1.414253773938082	1	0.3651546669697482	3.687949657192117	0	-3.687949657192117	0.9999999999999999	0.04868896771928344	-1.010967729047903
2.5	16.5	0.9261746952022332	2.073684172664139	0.131578947368421	0.3087394227519004	2.699274783634762	7.956852937157657	5.257578153522894	0.0778988351395063	0.9761701562226054	1.441245770747791
7	7	0.773024328765858	2.226711050042122	0.5	0.25769750699578	9.055342425219111	3.143649913565383	-5.911692511653728	0.9875214511838346	0.04464367304064931	-1.620556381967099
13.5	16.5	1.75969482934111	1.239682192063108	0.45	0.5866867742146248	7.671784774781012	13.30986288714877	5.638078112367763	0.09544249289316088	0.9522512936492533	1.545551201963763
1	3	0.7722860981153556	2.000255238246694	0.25	0.2785480915962464	1.294856922117781	1.499808595741823	0.204951673624042	0.6893038176127071	0.729087186707831	0.05618285153220327
4	1	0.9994886634618649	2.00051133653814	0.8	0.3331628878206211	4.002046392547821	0.4998721985402431	-3.502174194007578	0.9958952842361178	0.04518337287676188	-0.9600416005520244
4	6	0.8361148629438752	1.392588709103436	0.4	0.375157501172671	4.784031689039002	4.308522653370402	-0.4755090356685994	0.6938975317613558	0.5536720003002447	-0.1303500141316055
1	7	1.000000000000001	1.932883370478803	0.125	0.3409613931687803	0.9999999999999991	3.621532528507398	2.621532528507399	0.1828759262515617	0.9644133708684116	0.7186336673012426
3	8	1.00015820024195	1.790406583999026	0.2727272727272727	0.3584070887334693	2.999525474344222	4.468258814224932	1.46873333988071	0.4024506251779829	0.8156667043877525	0.402619923593711
5	0	1.000000000000002	1.947217138133295	1	0.3393031300820203	4.999999999999992	0	-4.999999999999992	1	0.004497170262356631	-1.370636563701928
2	7	0.8961771987968024	2.000632357337187	0.2222222222222222	0.3093669712940392	2.23170150131601	3.498893724440656	1.267192223124646	0.4380714485271731	0.8201437497818502	0.3473719988506748
2	7	0.9318870928226343	2.06811290717737	0.2222222222222222	0.3106290309408777	2.146182746175946	3.384728162426023	1.238545416250077	0.434773077676353	0.8222413579662138	0.3395191266635564
4	2	0.9975873856481754	2.002381923817325	0.6666666666666666	0.3325325304164241	4.009673796547686	0.9988104547943658	-3.01086334175332	0.9823642518781576	0.09934815747090231	-0.825359876903376
6	1	0.9998713822059175	2.000128617794087	0.8571428571428571	0.3332904607353053	6.000771806032484	0.4999678476191624	-5.500803958413321	0.9995431641413991	0.006853771939364206	-1.507920607031522
4	1	1.000000000000002	1.999969497623499	0.8	0.3333367225207378	3.999999999999992	0.5000076257104265	-3.499992374289565	0.9958845644491982	0.04526916340599796	-0.9594435041758417
3	0	1.000000000000002	2.000000000000004	1	0.3333333333333333	2.999999999999994	0	-2.999999999999994	1	0.03703703703703698	-0.8223819382211564
1	7	0.8139895964130562	2.081917078174002	0.125	0.2810828137371267	1.228516929954168	3.362285690138786	2.133768760184618	0.2945468971886582	0.9286439293194567	0.5849242962387945
6	4	0.8961103588236508	2.001710207336301	0.6	0.3092359717810726	6.695603885079923	1.998291253818826	-4.697312631261097	0.9873223683747945	0.05448744150196227	-1.287661688709076
5	5	0.7725205378033967	2.227437566295239	0.5	0.2575104421451604	6.472319835297997	2.244731828024341	-4.227588007273656	0.9771837078146522	0.08720749159189356	-1.158897339807411
1	0	0.8134672166286335	1.414246685256016	1	0.3651578490130347	1.229305839938382	0	-1.229305839938382	1	0.3651578490130347	-0.3369863064383716
2	1	0.8136207653408476	1.41436391732788	0.6666666666666666	0.3651823873251566	2.458147684028377	0.7070316117009497	-1.751116072327427	0.9512999429144264	0.3026744138663553	-0.480028743203617
5	2	1.000000000000002	2.000000000000003	0.7142857142857143	0.3333333333333334	4.999999999999992	0.9999999999999984	-3.999999999999994	0.993141289437586	0.04526748971193395	-1.096509250961542
7	0	1.000000000000002	2.000000000000004	1	0.3333333333333333	6.999999999999988	0	-6.999999999999988	1	0.0004572473708274183	-1.918891189182698
6	5	0.9144636743268205	2.085536325673185	0.5454545454545454	0.3048212247756062	6.561222898675424	2.397464833601526	-4.163758065073898	0.9763633949600707	0.08380878118912194	-1.141399809279817
11	2	1.000000000000002	1.999904838048989	0.8461538461538461	0.3333439072188565	10.99999999999998	1.000047583239562	-9.99995241676042	0.9999830587034093	0.0002126977308026801	-2.741260083538262
5	2	0.7722860981153556	2.22771390188465	0.7142857142857143	0.2574286993717847	6.474284610588905	0.897781352582123	-5.576503258006782	0.9984122921661756	0.01467893707125401	-1.528671852605406
10	4	0.9137190269738623	2.086280973026143	0.7142857142857143	0.3045730089912869	10.94428342279235	1.917287293378329	-9.026996129414023	0.9997138765425031	0.001894376518366103	-2.474546191074132
9	4	0.9998521052753466	1.940030082887189	0.6923076923076923	0.340099378574169	9.001331249406645	2.061823698139322	-6.939507551267323	0.9980378561357942	0.01021630108256533	-1.902308556770528
7	9	0.9927131287607451	2.004831223438098	0.4375	0.3311754596833713	7.051382516456149	4.489155942297149	-2.562226574159	0.8774246320836608	0.2564329132367452	-0.702376285406212
2	11	0.8980013760142258	1.999350370955135	0.1538461538461539	0.3099386800216916	2.227168079493362	5.50178706033653	3.274618980843167	0.1816140408320955	0.9449792504568149	0.8976625014671989
4	21	0.9995694252464725	2.000430574753532	0.16	0.3331898084154903	4.001723040912026	10.49773996910008	6.496016928188055	0.04634257115466415	0.9850555867772643	1.780735664040249
6	1	0.7123635873193809	1.839810973383256	0.8571428571428571	0.2791202444723297	8.422665204685654	0.5435340991368721	-7.879131105548781	0.9998680105078736	0.002518200750190269	-2.159885036693274
3	17	0.7396105685582194	2.260307897974625	0.15	0.2465435567030675	4.05618865864523	7.521099233972969	3.464910575327738	0.2358156403823536	0.9030434742870013	0.9498266249003375
4	1	0.9481571485206132	2.051004867779325	0.8	0.3161406897551847	4.218709953556859	0.4875658832944289	-3.73114407026243	0.9968420737558485	0.03731324590265284	-1.022808497428266
6	47	0.8208645397254763	2.179053519560757	0.1132075471698113	0.2736289870266602	7.309366782985404	21.5689975386534	14.259630755668	0.004148986714262751	0.9987240855405319	3.908954259721428
6	14	0.9796130352811216	2.018303792191235	0.3	0.326764580759589	6.124867456748539	6.93651771064675	0.8116502538982111	0.504575190818463	0.6808338942638041	0.2224955029861686
2	1	1.000000000000002	2.000000000000004	0.6666666666666666	0.3333333333333333	1.999999999999996	0.4999999999999991	-1.499999999999997	0.962962962962963	0.2592592592592592	-0.4111909691105782
2	0	0.7722860981153554	2.227713901884649	1	0.2574286993717848	2.589713844235563	0	-2.589713844235563	1	0.0662695352602487	-0.7099112968868693
6	22	0.8940108216875768	1.986361298251311	0.2142857142857143	0.3103803204797527	6.711328156715282	11.07552791094332	4.364199754228034	0.1869580620957079	0.9078442690561827	1.196346350888784
0	6	0.3016536405867992	2.698346359413207	0	0.1005512135289328	0	2.223584077362397	2.223584077362397	0.5294910713045672	0.4705089286954328	0.6095451277796644
1	0	0.7722860981153558	2.22771390188465	1	0.2574286993717848	1.294856922117781	0	-1.294856922117781	1	0.2574286993717847	-0.3549556484434345
7	1	0.9094023658230564	2.09059763417695	0.875	0.3031341219410182	7.697362864967517	0.478332120754404	-7.219030744213113	0.9999287017944125	0.001382540538128363	-1.978933498501369
2	3	0.7722860981153559	2.000922620180323	0.4	0.2784810580683508	2.589713844235561	1.499308353928069	-1.090405490307492	0.8641980428525388	0.4270979643876766	-0.2989099268553557
0	0	0	1.269381397523391	0	0	0	0	0	0	0	0
1	0	1.000000000000002	2.000000000000004	1	0.3333333333333333	0.9999999999999978	0	-0.9999999999999978	1	0.3333333333333333	-0.2741273127403854
1	2	0.1891320598180929	2.810837326693323	0.3333333333333333	0.06304466327839083	5.287310892514992	0.7115317492787124	-4.57577914323628	0.9885772696618702	0.1774606803142792	-1.254346040228867
4	1	0.9998227929081169	2.000113243081606	0.8	0.3332813703070375	4.000708953999209	0.4999716908325073	-3.500737263166702	0.9958879802568653	0.04524183395818504	-0.9596476985620213
2	5	0.8135980226676311	2.083087979452122	0.2857142857142857	0.2808720110057672	2.458216397137232	2.400282680962454	-0.05793371617477794	0.689996106197913	0.6286196017551893	-0.01588121393205611
15	2	1.000000000000002	1.999942831388588	0.8823529411764706	0.3333396855223171	14.99999999999997	1.000028585122792	-13.99997141487718	0.9999997288963606	4.484704892560032e-06	-3.8377745424025
2	1	0.9999582783217041	1.933000185358417	0.6666666666666666	0.3409384383394947	2.000083446838134	0.517330524629298	-1.482752922208836	0.960369650477565	0.2694563571672494	-0.4064630740230626
2	0	0.7722860981153556	2.22771390188465	1	0.2574286993717847	2.589713844235562	0	-2.589713844235562	1	0.0662695352602487	-0.7099112968868692
0	4	0.1869908895651208	2.812939316617148	0	0.06233174664522833	0	1.42200010372439	1.42200010372439	0.7730308915627725	0.2269691084372275	0.3898090671505172
1	3	0.999385702035455	2.000614297964551	0.25	0.3331285673451509	1.000614675558489	1.499539417993881	0.4989247424353913	0.5929566209816801	0.802226338352989	0.136768898903503
5	1	1.637822932050149	1.221222936243324	0.8333333333333334	0.5728564729280625	3.052833064036562	0.8188513090625036	-2.233981754974058	0.964659316201424	0.1934488142665731	-0.6123954152020898
3	0	0.9134857495991683	2.086514250400838	1	0.3044952498663888	3.284123481199768	0	-3.284123481199768	0.9999999999999999	0.02823199484488415	-0.9002679446088938
4	18	0.772633604852042	2.227283068443898	0.1818181818181818	0.2575516885951259	5.177098141836574	8.081595130418599	2.904496988582025	0.2950367437291371	0.8562023151062261	0.796201954342534
4	3	0.7724708766796801	2.227394599812225	0.5714285714285714	0.2575018389101304	5.178188745695169	1.346865077365685	-3.831323668329484	0.9853024570717123	0.07768811185348945	-1.050270461437799
3	4	0.9994869359903198	2.000471249404473	0.4285714285714285	0.3331669557450141	3.001539982138452	1.999528861607371	-1.002011120531081	0.8269587651530884	0.4289718596521895	-0.2746786158071682
9	0	1.000000000000002	1.999279904877115	1	0.3334133631122276	8.999999999999982	0	-8.999999999999982	1	5.091514913002637e-05	-2.467145814663469
5	0	0.7722860981153558	2.22771390188465	1	0.2574286993717848	6.474284610588904	0	-6.474284610588904	1	0.001130537083182115	-1.774778242217173
5	0	1.772085005078843	1.227669561583946	1	0.5907433310620069	2.821535076291411	0	-2.821535076291411	0.9999999999999999	0.07194392667498262	-0.7734598282665044
3	1	0.9134974018009312	2.086502598199075	0.75	0.3044991339336431	3.284081590254767	0.4792709105002463	-2.80481067975452	0.9914030530472212	0.08714146002173473	-0.768875214386642
6	0	1.000000000000002	2.000000000000004	1	0.3333333333333333	5.999999999999988	0	-5.999999999999988	1	0.001371742112482699	-1.644763876442313
3	0	1.000000000000002	2.000000000000004	1	0.3333333333333333	2.999999999999994	0	-2.999999999999994	1	0.03703703703703698	-0.8223819382211564
7	0	1.003560834963696	1.993965891499775	1	0.3347962925914302	6.975162597146614	0	-6.975162597146614	0.9999999999999994	0.0004714813093461556	-1.912082578683053
3	0	1.000000000000002	2.000000000000004	1	0.3333333333333333	2.999999999999994	0	-2.999999999999994	1	0.03703703703703698	-0.8223819382211564
3	0	0.7722860981153558	2.000000000000004	1	0.2785737369026837	3.884570766353342	0	-3.884570766353342	1	0.02161824876836405	-1.064866945330303
4	0	0.7722860981153558	2.22771390188465	1	0.2574286993717848	5.179427688471123	0	-5.179427688471123	1	0.004391651303609079	-1.419822593773738
2	1	0.8135091772993321	2.083167151772149	0.6666666666666666	0.2808422774525517	2.458484865087264	0.4800382912860836	-1.978446573801181	0.9778492998233238	0.192315754060856	-0.5423462426765414
0	11	0.1896980000356861	2.809933060245938	0	0.06324044398242631	0	3.914684002841416	3.914684002841416	0.4874268547921402	0.5125731452078598	1.073121805926695
6	21	1.129642680564999	1.107610150927918	0.2222222222222222	0.5049240142479512	5.311414045544966	18.95973956396744	13.64832551842248	0.002536419807263221	0.9993636590216294	3.741378797771189
0	11	0.7754915454821367	2.224508454517868	0	0.2584971818273785	0	4.944912651448699	4.944912651448699	0.03725982969591488	0.9627401703040851	1.355535616877569
6	1	0.9999930641654913	1.999407047273212	0.8571428571428571	0.3333976885417367	6.000041615295689	0.5001482821438478	-5.499893333151841	0.9995421343198956	0.00686612919930385	-1.507670979775679
2	7	0.8135195780368408	2.083298346190928	0.2222222222222222	0.2808321404092762	2.458453433691584	3.360056428210917	0.9016029945193331	0.5148089220502166	0.7676842864032061	0.2471540060462697
3	1	0.772378093383257	2.227621906616749	0.75	0.2574593644610852	3.884108088642266	0.4489092143642871	-3.435198874277979	0.9956062557759868	0.05508187724761948	-0.9416818361346213
0	0	1.000000000000002	1.773584246636725	0	0.360544303354986	0	0	0	0	0	0
0	9	0.1909071888330816	2.809092811166924	0	0.06363572961102705	0	3.203881325751324	3.203881325751324	0.5533545719261761	0.4466454280738239	0.8782713781673156
0	6	0.0004286284027895549	2.999571371597217	0	0.0001428761342631846	0	2.000285793101535	2.000285793101535	0.9991430493399407	0.000856950660059308	0.5483329691756956
9	4	0.9066388019452977	2.01084189401259	0.6923076923076923	0.3107608572017042	9.926775669306748	1.989216562431017	-7.937559106875731	0.9991091851583697	0.00525218123650828	-2.175901747685822
1	0	1.000000000000002	1.773374836041463	1	0.3605715271532993	0.999999999999998	0	-0.999999999999998	1	0.3605715271532992	-0.2741273127403854
1	1	0.7722860981153559	2.227713901884651	0.5	0.2574286993717848	1.294856922117781	0.4488906762910614	-0.8459662458267192	0.9337304647397513	0.4485878634833207	-0.2319024536375513
3	3	1.000000000000002	2.000000000000004	0.5	0.3333333333333333	2.999999999999994	1.499999999999997	-1.499999999999997	0.8998628257887519	0.3196159122085046	-0.4111909691105782
3	6	0.9993855927136084	2.000614407286398	0.3333333333333333	0.3331285309045353	3.001844355044353	2.999078672105688	-0.00276568293866486	0.6508107319085601	0.6223181322315972	-0.0007581492318681316
4	2	0.9132501385418831	2.086749861458123	0.6666666666666666	0.3044167128472938	4.379961010886344	0.9584282414196467	-3.421532769466697	0.9882937324716573	0.07403144222320301	-0.9379355835470763
6	5	0.9930759028898651	2.005959422788935	0.5454545454545454	0.3311317790713561	6.041834247049912	2.492572852270549	-3.549261394779363	0.9627309512920215	0.1188051538775563	-0.9729494883640609
0	8	0.8130904775177613	2.095198826741841	0	0.2795768895229491	0	3.818253379055427	3.818253379055427	0.07256063737828694	0.927439362621713	1.046687538162363
3	0	0.7722860981153555	2.086514250400837	1	0.2701434182055408	3.884570766353344	0	-3.884570766353344	0.9999999999999999	0.01971438222521493	-1.064866945330304
3	8	0.7937539297840513	2.181796527808039	0.2727272727272727	0.2667586858622394	3.779508847050597	3.666703057794884	-0.1128057892557122	0.6662511271951199	0.5954557099614626	-0.03092314787022668
3	4	0.999540261089638	2.00018407645131	0.4285714285714285	0.33321070492398	3.001379851102328	1.999815940489201	-1.001563910613127	0.8268915947673888	0.4290726807767196	-0.2745560233541287
2	9	0.8406272511024853	2.101496353118384	0.1818181818181818	0.2857212558631096	2.379175784959378	4.28266267826019	1.903486893300811	0.3506358477097711	0.8666629520399319	0.5217977468970971
1	0	0.7722860981153558	2.086514250400838	1	0.2701434182055408	1.294856922117781	0	-1.294856922117781	1	0.2701434182055408	-0.3549556484434345
2	1	0.9131281422951937	2.086871857704812	0.6666666666666666	0.3043760474317306	2.190273092419317	0.4791861063763743	-1.711086986042943	0.9718011485810263	0.2215366319125416	-0.4690556773489982
7	0	1.000000000000002	2.000000000000004	1	0.3333333333333333	6.999999999999986	0	-6.999999999999986	1	0.0004572473708274183	-1.918891189182698
1	0	1.000000000000002	2.000000000000004	1	0.3333333333333333	0.999999999999998	0	-0.999999999999998	1	0.3333333333333333	-0.2741273127403854
1	2	0.7722860981153558	2.227713901884651	0.3333333333333333	0.2574286993717847	1.294856922117781	0.8977813525821228	-0.397075569535658	0.8353107547592908	0.5905371726046265	-0.1088492588316682
2	0	1.000000000000002	1.9328455143584	1	0.3409657941764331	1.999999999999996	0	-1.999999999999996	1	0.1162576727983655	-0.5482546254807709
2	0	0.7722860981153559	2.227713901884651	1	0.2574286993717848	2.589713844235561	0	-2.589713844235561	1	0.0662695352602487	-0.7099112968868688
7	3	0.9135439699464533	2.086456030053552	0.7	0.3045146566488172	7.662466427762968	1.43784482241066	-6.224621605352309	0.9982271913698665	0.01157453549776688	-1.706338793500976
3	5	1.000000000000002	2.000000000000004	0.375	0.3333333333333333	2.999999999999995	2.499999999999996	-0.4999999999999991	0.7413504039018446	0.5317786922725192	-0.1370636563701927
1	5	0.7723548868340524	2.227645113165954	0.1666666666666667	0.2574516289446836	1.294741597478698	2.244522689206067	0.9497810917273688	0.5163437580044908	0.832371253198804	0.2603609383668536
1	4	0.7734261996729132	2.22650327311451	0.2	0.25781479421057	1.292948183579644	1.796539016268618	0.503590832688974	0.616331710712215	0.7748035884516696	0.1380480016857218
3	3	0.8136704661275266	2.083005862943955	0.5	0.2808979581050899	3.686996302419326	1.440226383117347	-2.246769919301979	0.9436722723827233	0.2211619213839207	-0.6159010003241855
1	0	1.000000000000001	2.000000000000003	1	0.3333333333333333	0.9999999999999987	0	-0.9999999999999987	1	0.3333333333333333	-0.2741273127403856
3	0	0.7722860981153555	2.22771390188465	1	0.2574286993717847	3.884570766353344	0	-3.884570766353344	1	0.01705968027001836	-1.064866945330304
3	0	0.8135089584759928	1.414204943408657	1	0.3651765865391255	3.687728289581623	0	-3.687728289581623	1	0.04869773637570352	-1.01090704613971
1	1	0.7722860981153558	2.227713901884651	0.5	0.2574286993717847	1.294856922117781	0.4488906762910614	-0.8459662458267194	0.9337304647397513	0.4485878634833207	-0.2319024536375514
6	2	0.9986506092627736	2.001318703776414	0.75	0.332886941517101	6.00810728431772	0.9993410825702445	-5.008766201747476	0.9974317080263196	0.01952484096816642	-1.373039619029905
0	1	0.7722860981153559	2.227713901884651	0	0.2574286993717848	0	0.4488906762910614	0.4488906762910614	0.7425713006282153	0.2574286993717847	0.1230531948058831
6	2	0.9475486807616871	2.050525371732107	0.75	0.3160524604032103	6.332128493046816	0.9753597919691053	-5.35676870107771	0.9981768802471765	0.01487757242002474	-1.468436608998241
5	6	0.9121503046304046	2.087849695369601	0.4545454545454545	0.3040501015434676	5.481552738203554	2.873770086662225	-2.607782651541329	0.9171013026567616	0.2193053633921654	-0.7148644504780228
3	2	0.9997806185734227	2.000219381426584	0.6	0.3332602061911402	3.000658288696045	0.9998903213174412	-2.000767967378604	0.9547686125549951	0.209768218587736	-0.5484651463145408
7	1	0.7722860981153552	2.000030568196359	0.875	0.2785706652850748	9.063998454824471	0.4999923580677102	-8.564006096756762	0.9999637353866829	0.000787595865884172	-2.347627977596213
4	0	1.000000000000002	1.999691193203974	1	0.333367648731835	3.999999999999991	0	-3.999999999999991	1	0.01235076356017162	-1.096509250961542
12	10	0.9998769618316122	2.000123038168394	0.5454545454545454	0.3332923206105367	12.0014766397037	4.999692423500839	-7.001784216202859	0.9884098601103045	0.03267277329123019	-1.919380291575739
5	0	0.7722860981153555	2.086514250400838	1	0.2701434182055407	6.474284610588906	0	-6.474284610588906	1	0.001438705666432671	-1.774778242217173
2	0	1.000000000000002	2.000000000000004	1	0.3333333333333333	1.999999999999996	0	-1.999999999999996	1	0.1111111111111109	-0.5482546254807709
3	1	0.8968496549321145	1.999532472128732	0.75	0.3096447967113401	3.345042263775058	0.5001169092969945	-2.844925354478064	0.9908070447509834	0.09117598299128327	-0.7798717423700616
3	0	0.7722860981153558	2.000000000000004	1	0.2785737369026837	3.884570766353342	0	-3.884570766353342	0.9999999999999999	0.02161824876836438	-1.064866945330303
7	9	0.9993222572791473	2.000677742720858	0.4375	0.3331074190930485	7.004747416572995	4.498475595455111	-2.506271821117884	0.8739138486161923	0.2619234815923693	-0.6870375593199988
10	4	0.865103378835813	2.03181039377666	0.7142857142857143	0.2986293161413818	11.55931215233167	1.968687635545036	-9.590624516786631	0.999764418162282	0.001601890781986692	-2.629052126288782
3	0	0.8135949172197414	1.414743994796902	1	0.3651127361427438	3.687338670024826	0	-3.687338670024826	1	0.04867219673611833	-1.010800240777614
3	14	0.7726742917944817	2.22684890706476	0.1764705882352941	0.2575990384366222	3.882619147367659	6.286910600707793	2.404291453340134	0.3267184730476337	0.8528710451651149	0.6590819551488079
5	1	1.000000000000002	2.000000000000004	0.8333333333333334	0.3333333333333333	4.99999999999999	0.499999999999999	-4.499999999999991	0.9986282578875173	0.01783264746227697	-1.233572907331735
9	0	1.771050543484155	1.228093529958995	1	0.5905186613629102	5.081729616984542	0	-5.081729616984542	0.9999999999999994	0.008731777070682734	-1.393040883977203
3	0	0.8149383314544649	2.081737997617017	1	0.281335654686587	3.6812601447348	0	-3.6812601447348	0.9999999999999997	0.02226764690274918	-1.009133950974435
6	0	1.6385691652917	1.221217337395425	1	0.5729690533723621	3.661731300144338	0	-3.661731300144338	0.9999999999999994	0.03538237618071605	-1.003780561285927
0	0	1.000000000000002	2.000000000000004	0	0.3333333333333333	0	0	0	0	0	0
3	0	1.000000000000002	2.000000000000004	1	0.3333333333333333	2.999999999999993	0	-2.999999999999993	1	0.03703703703703698	-0.8223819382211561
13	0	1.000000000000002	1.966607208092342	1	0.3370854076239653	12.99999999999998	0	-12.99999999999998	0.9999999999999997	7.25469871731832e-07	-3.563655065625012
0	0	0	3.000000000000006	0	0	0	0	0	0	0	0
6	0	1.10548245106031	1.394624780121849	1	0.4421740144872066	5.42749456967424	0	-5.42749456967424	0.9999999999999998	0.007474106798462055	-1.487824501297837
5	0	0.7722860981153558	2.22771390188465	1	0.2574286993717848	6.474284610588904	0	-6.474284610588904	1	0.001130537083182559	-1.774778242217173
4	4	0.998764776701026	2.001204478002764	0.5	0.3329250041929652	4.004947003850312	1.998796246944274	-2.006150756906037	0.9124736734021706	0.2578136597773941	-0.5499407159427433
0	1	0.9999089390201452	1.999568937852795	0	0.3333609981689831	0	0.5001077887686304	0.5001077887686304	0.6666390018310169	0.3333609981689831	0.1370932042156812
4	6	0.8652958356487221	2.067440368204912	0.4	0.2950472785488575	4.622696464268957	2.902139327582926	-1.720557136686031	0.8580964015333212	0.33722313995368	-0.4716517042960347
5	10	0.8141674335072563	2.082672089910032	0.3333333333333333	0.281053688658188	6.141242936309903	4.801523988556442	-1.33971894775346	0.7752094042650022	0.419087722426688	-0.3672535549750336
4	0	1.000000000000002	1.999782156646509	1	0.3333575399081355	3.999999999999992	0	-3.999999999999992	0.9999999999999999	0.01234926556223348	-1.096509250961542
1	3	0.1889142558974894	2.810870450805375	0.25	0.0629759380649452	5.293406764085767	1.067285046573539	-4.226121717512228	0.9781550854556803	0.2290912531163042	-1.158495389735412
1	0	0.7722860981153552	2.227713901884649	1	0.2574286993717847	1.294856922117782	0	-1.294856922117782	1	0.2574286993717847	-0.3549556484434347
14	2	1.000000000000002	1.99987269038657	0.875	0.3333474794462491	13.99999999999998	1.000063658858907	-12.99993634114107	0.9999992329177351	1.192391072635246e-05	-3.563637614993086
2	0	1.000000000000002	2.000000000000004	1	0.3333333333333333	1.999999999999996	0	-1.999999999999996	1	0.1111111111111109	-0.5482546254807709
5	0	0.5566495112910755	2.443350488708929	1	0.1855498370970249	8.982312745417051	0	-8.982312745417051	1	0.000219939324558549	-2.462297255094895
14	0	1.000000000000002	2.000000000000003	1	0.3333333333333334	13.99999999999998	0	-13.99999999999998	1	2.090751577421557e-07	-3.837782378365398
5	0	1.000000000000002	2.000000000000004	1	0.3333333333333333	4.999999999999991	0	-4.999999999999991	1	0.004115226337448097	-1.370636563701927
2	0	0.7722860981153558	2.22771390188465	1	0.2574286993717848	2.589713844235562	0	-2.589713844235562	1	0.0662695352602487	-0.7099112968868689
0	1	0.1866841920813447	2.813315807918661	0	0.06222806402711476	0	0.3554524512268735	0.3554524512268735	0.9377719359728852	0.06222806402711478	0.09743922526180593
3	0	0.8134670272910624	2.119187623328097	1	0.2773824824956183	3.687918378192096	0	-3.687918378192096	0.9999999999999999	0.02134209712353963	-1.010959154619682
1	0	0.7722860981153558	2.227713901884651	1	0.2574286993717847	1.294856922117781	0	-1.294856922117781	1	0.2574286993717847	-0.3549556484434345
4	0	1.000000000000002	1.99989081374037	1	0.3333454655815177	3.999999999999991	0	-3.999999999999991	1	0.01234747648057688	-1.096509250961542
0	1	0.0009497910527096669	1.270075332534967	0	0.0007472637913157267	0	0.787354871308367	0.787354871308367	0.9992527362086843	0.0007472637913157332	0.2158354750448151
5	1	0.8643912880484128	2.068272444568427	0.8333333333333334	0.2947461307734417	5.784417391906847	0.4834952970659838	-5.300922094840863	0.9993443249227436	0.01006887518903632	-1.453127528904863
5	0	1.000000000000002	1.933330170983193	1	0.3409094584346847	4.99999999999999	0	-4.99999999999999	1	0.004604635462215789	-1.370636563701927
0	0	0	3.000000000000006	0	0	0	0	0	0	0	0
6	12	0.9080951842826396	2.091178129926474	0.3333333333333333	0.3027717347333841	6.607236888652559	5.738392071086704	-0.8688448175658552	0.7127439261792659	0.4759958140507505	-0.2381740950277388
2	2	0.7722860981153555	2.22771390188465	0.5	0.2574286993717847	2.589713844235562	0.8977813525821232	-1.691932491653439	0.9449362328307542	0.2743147233121727	-0.4638049072751027
3	0	1.000000000000002	2.000000000000004	1	0.3333333333333333	2.999999999999994	0	-2.999999999999994	1	0.03703703703703698	-0.8223819382211564
0	0	0	1.269381397523391	0	0	0	0	0	0	0	0
8	0	0.7722860981153559	2.000000000000004	1	0.2785737369026837	10.35885537694224	0	-10.35885537694224	0.9999999999999993	3.626781237253685e-05	-2.839645187547475
5	0	1.000000000000002	2.000000000000004	1	0.3333333333333333	4.99999999999999	0	-4.99999999999999	1	0.004115226337448097	-1.370636563701927
0	1	0.7722860981153558	2.227683213659663	0	0.2574313327420041	0	0.4488968601407149	0.4488968601407149	0.7425686672579959	0.2574313327420041	0.1230548899679711
12	1	0.9486173500364159	2.050361028061472	0.9230769230769231	0.3163135009456386	12.64999000865769	0.4877189852488842	-12.16227102340881	0.9999996826558649	9.234227858367916e-06	-3.334010672467321
4	1	0.7723083387849633	2.227274146824159	0.8	0.2574719456758434	5.179278533096008	0.4489793056799438	-4.730299227416064	0.9988685129842685	0.01744706753614245	-1.296704215669489
4	7	0.8161472720608419	1.413129677759993	0.3636363636363636	0.3661040285400318	4.901076235787269	4.953543974177922	0.05246773839065266	0.6255423546049649	0.6182712377000951	0.0143828401305952
5	0	0.772286098115356	2.227713901884651	1	0.2574286993717847	6.474284610588902	0	-6.474284610588902	1	0.001130537083182337	-1.774778242217172
2	4	0.9997542907588766	2.000092043119309	0.3333333333333333	0.3332685009456466	2.000491539257985	1.999907961116465	-0.0005835781415202135	0.6805121455381342	0.6487059427754798	-0.0001599747077089648
13	1	0.8638981265339747	2.06882029621439	0.9285714285714286	0.2945724757729663	15.04807060082072	0.4833672609601906	-14.56470333986053	0.9999999629583515	1.278918636216098e-06	-3.992582987416891
4	0	1.000000000000002	1.950034170416332	1	0.3389791243871841	3.999999999999993	0	-3.999999999999993	1	0.01320358343469363	-1.096509250961542
6	4	0.8292755607789806	2.123167044915187	0.6	0.2808777922319693	7.235230704693499	1.883977998612816	-5.351252706080683	0.9928624555578061	0.03471375043496794	-1.466924524112616
3	0	1.000000000000002	1.935146806609833	1	0.3406984610609737	2.999999999999994	0	-2.999999999999994	1	0.03954672424149897	-0.8223819382211564
0	0	0.8139009143927599	1.41381298749189	0	0.3653525318956793	0	0	0	0	0	0
3	0	1.000000000000002	2.000000000000004	1	0.3333333333333333	2.999999999999994	0	-2.999999999999994	1	0.03703703703703698	-0.8223819382211564
6	0	1.000000000000002	2.000000000000004	1	0.3333333333333333	5.999999999999988	0	-5.999999999999988	1	0.001371742112482699	-1.644763876442313
4	0	0.7722860981153559	2.22771390188465	1	0.2574286993717848	5.179427688471122	0	-5.179427688471122	1	0.004391651303609079	-1.419822593773738
4	3	1.000879425440116	1.999120574559888	0.5714285714285714	0.3336264751467048	3.996485389077793	1.50065985922858	-2.495825529849213	0.9545633991156084	0.1737474192725684	-0.6841739455664149
4	1	0.8135651919259395	2.083115984489111	0.8	0.2808611450062352	4.916631192800747	0.4800500823986774	-4.436581110402069	0.9982523345117147	0.02412196290364366	-1.216188057549277
3	0	0.7722860981153556	2.22771390188465	1	0.2574286993717847	3.884570766353343	0	-3.884570766353343	1	0.01705968027001836	-1.064866945330303
11	0	1.000000000000002	2.000000000000004	1	0.3333333333333333	10.99999999999998	0	-10.99999999999998	1	5.645029269252255e-06	-3.01540044014424
0	0	0.8134251829604793	1.414288718924171	0	0.36513898049131	0	0	0	0	0	0
2	4	0.999974966774834	1.999738686947095	0.3333333333333333	0.333356807418636	2.000050067703688	2.000261347199622	0.0002112794959341358	0.6803377184116858	0.6488803861352225	5.791748045756794e-05
2	2	1.000000000000002	2.000000000000004	0.5	0.3333333333333333	1.999999999999996	0.999999999999998	-0.999999999999998	0.8888888888888891	0.4074074074074072	-0.2741273127403854
10	4	0.9100344848201928	2.089965515179813	0.7142857142857143	0.303344828273397	10.98859457174948	1.913907177389889	-9.074687394359586	0.9997250407797479	0.001830464501915041	-2.487619669374848
7	5	0.7722860981153553	2.227713901884649	0.5833333333333334	0.2574286993717848	9.063998454824471	2.244453381455309	-6.819545073369163	0.9966004431897986	0.0167967777792204	-1.869423565074627
2	1	0.8136134711380566	1.414100430746593	0.6666666666666666	0.3652235012986803	2.458169721799792	0.707163351525207	-1.751006370274585	0.9512834924089362	0.3027316025204733	-0.4799986708746692
5	1	0.9133362716283268	2.086663728371679	0.8333333333333334	0.3044454238761083	5.474434942877973	0.4792339016600181	-4.995201041217955	0.9992037366928819	0.01171141348440474	-1.369321038027056
1	3	0.7744580029148389	2.225541997085166	0.25	0.2581526676382793	1.291225600660443	1.347986245116541	0.05676064445609774	0.7244515452445108	0.6971286751322681	0.01555964293416256
9	4	0.9999023612823914	1.998143858447742	0.6923076923076923	0.3335179940529392	9.000878834266729	2.001857865783197	-6.999020968483531	0.9983443119909482	0.008859015943430304	-1.918622809904004
6	0	0.8520450794204055	2.044631249651076	1	0.2941457666046953	7.04188093437666	0	-7.04188093437666	0.9999999999999996	0.0006477025605957643	-1.930371897178432
12	0	1.771467790998239	1.228002423222754	1	0.5905935596891118	6.774043570522886	0	-6.774043570522886	1	0.001800795849684178	-1.856950360373728
8	1	0.7722860981153559	2.22771390188465	0.8888888888888888	0.2574286993717848	10.35885537694224	0.4488906762910615	-9.909964700651184	0.9999950350753454	0.0001338600133108381	-2.716591992741592
12	7	0.9897744697762165	1.749989450604537	0.631578947368421	0.3612626848661707	12.12397406321578	4.000024113049276	-8.123949950166505	0.9957394378999268	0.01506147347703413	-2.226996568676537
8	0	1.619104277148789	1.220226294091765	1	0.5702415539594509	4.941003561603732	0	-4.941003561603732	1	0.01118074884901721	-1.354464028583107
10	3	0.9138154967007355	2.08618450329927	0.7692307692307693	0.3046051655669113	10.943128056051	1.438031964697055	-9.505096091353947	0.9999150303560099	0.0007463222259229685	-2.605606448862003
6	5	0.9711125916500414	2.013697644424835	0.5454545454545454	0.3253515348858781	6.178480282914726	2.482994412712903	-3.695485870201823	0.9661320984406589	0.1104534484962971	-1.013033610868493
0	3	0.8134923433642455	2.083183985707236	0	0.2808364659868668	0	1.440103236479858	1.440103236479858	0.37194863881072	0.62805136118928	0.394771630284956
7	0	1.000000000000002	2.000000000000004	1	0.3333333333333333	6.999999999999988	0	-6.999999999999988	1	0.0004572473708274183	-1.918891189182698
11	0	0.7722860981153559	2.227713901884651	1	0.2574286993717848	14.24342614329559	0	-14.24342614329559	1.000000000000001	3.290232486463651e-07	-3.904512132877779
7	5	0.8650401628213117	2.067625803800284	0.5833333333333334	0.2949671638934829	8.092109824322648	2.418232540341696	-5.673877283980953	0.9915117364364819	0.03529152300304172	-1.555364732676418
6	0	0.8137121839343241	2.082964145137157	1	0.2809123600616975	7.373614551265302	0	-7.373614551265302	1	0.0004913886157199565	-2.021309142121764
3	1	0.7722860981153558	2.227559709251033	0.75	0.2574419312549127	3.884570766353342	0.4489217486952247	-3.435649017658117	0.9956074456999903	0.05507158116985567	-0.9418052327297666
3	0	0.7722860981153561	2.227713901884651	1	0.2574286993717848	3.88457076635334	0	-3.88457076635334	1	0.01705968027001825	-1.064866945330303
6	1	0.8539372963757833	1.373880466820765	0.8571428571428571	0.3833066198154939	7.026277017603928	0.7278653595782281	-6.298411658025699	0.9987843060988004	0.01490701149683615	-1.726566662347304
3	1	0.9134974119730015	2.086502588027003	0.75	0.3044991373243334	3.284081553685524	0.4792709128367773	-2.804810640848747	0.991403052664303	0.08714146264558553	-0.7688752037215068
4	0	0.8139915555236915	2.118663095095467	1	0.2775613403207354	4.914055892664083	0	-4.914055892664083	1	0.005935207460558756	-1.347076936512064
5	1	0.8146672808640534	2.081919387749498	0.8333333333333334	0.2812507872426248	6.137474914540442	0.4803259943128607	-5.657148920227581	0.9995050486872404	0.008084175219721379	-1.550779031274163
1	0	0.8135721448427171	2.119082505776441	1	0.2774183263177447	1.229147293622404	0	-1.229147293622404	1	0.2774183263177447	-0.3369428445628277
3	1	0.7723472827261596	2.227652717273846	0.75	0.2574490942420528	3.884263034383806	0.448903005502482	-3.435360028881324	0.9956069568111291	0.05507581150131902	-0.941726013012972
2	9	1.000632230048613	1.773901410870706	0.1818181818181818	0.3606488006817108	1.998736338827339	5.073562682146139	3.074826343318801	0.1802721086943466	0.9474267546847576	0.8428938826373303
4	1	0.8135274378636923	2.119127212755466	0.8	0.2774030817750517	4.916859363101415	0.4718923875738996	-4.444966975527516	0.9983573069960854	0.02303764100923722	-1.218486852221119
8	5	0.9989349155978456	2.001065084402159	0.6153846153846154	0.3329783051992813	8.008529760131704	2.498669353122918	-5.509860407008786	0.9912453820552765	0.0344352585162736	-1.510403226947968
4	0	0.813907764227832	2.118746886391327	1	0.2775327684956001	4.914561791648305	0	-4.914561791648305	0.9999999999999999	0.005932763985876055	-1.347215617241126
15	1	0.9999818607108366	1.998919705737562	0.9375	0.3334493775649716	15.00027209427305	0.5002702195239102	-14.50000187474914	0.9999999766396903	7.704999639424059e-07	-3.97484654865554
3	2	0.8975632001470326	2.001538626763625	0.6	0.3096004396311579	3.342383020503248	0.9992312780063041	-2.343151742496944	0.9654396061079354	0.1760112949931869	-0.64232189051364
6	8	0.9126643067156883	2.087335693284318	0.4285714285714285	0.3042214355718955	6.574158708574444	3.832636995447724	-2.74152171312672	0.9005006444208856	0.2302556364255826	-0.7515259800388472
7	0	0.8648192139230815	1.362894687961569	1	0.3882092818074362	8.094177242253769	0	-8.094177242253769	0.9999999999999994	0.001328805459984372	-2.218835056263414
7	4	0.7722860981153559	2.227713901884651	0.6363636363636364	0.2574286993717848	9.063998454824464	1.795562705164246	-7.268435749660219	0.9985356272625451	0.008981732213959592	-1.992476759880508
5	7	1.008416503322434	1.99158349667757	0.4166666666666667	0.3361388344408109	4.958268714887626	3.514791125593101	-1.443477589294525	0.816611148703041	0.3765231822355768	-0.3956966325542787
4	1	0.8652406459027283	2.067432147138915	0.8	0.2950348391936823	4.622991324947171	0.4836918113050934	-4.139299513642078	0.9977645420068386	0.02894281241835017	-1.134695052302289
6	4	0.8136352256997351	2.083055623793742	0.6	0.280884384276634	7.374311989552732	1.920255971232801	-5.454056018319931	0.9928614443589897	0.03471763378039117	-1.495105719837572
2	0	0.7722860981153559	2.000000000000004	1	0.2785737369026837	2.589713844235561	0	-2.589713844235561	0.9999999999999998	0.07760332689192584	-0.7099112968868688
5	1	0.9999883376944617	2.000011662305544	0.8333333333333334	0.3333294458981532	5.000058312207746	0.499997084440615	-4.500061227767131	0.998628353870772	0.01783168762132892	-1.233589691535006
4	2	0.8592915939244812	2.073390288157115	0.6666666666666666	0.2930053884039281	4.654997242241776	0.9646037272498529	-3.690393514991923	0.9902061658114317	0.06505574470578224	-1.011637657219283
2	0	0.7722860981153559	2.22771390188465	1	0.2574286993717848	2.589713844235561	0	-2.589713844235561	1	0.0662695352602487	-0.7099112968868688
6	3	0.9999385419231364	2.00006145807687	0.6666666666666666	0.3333128473077114	6.000368771125146	1.499953907858715	-4.500414863266432	0.9917218889510705	0.04240980682234663	-1.233686632684118
3	0	0.8134951133501946	2.083181215721287	1	0.2808374222504029	3.68779105217385	0	-3.68779105217385	0.9999999999999999	0.02214955137242036	-1.010924251080458
1	8	0.1900666160944702	2.809933383905536	0.1111111111111111	0.0633555386981566	5.261313220323566	2.847042583223369	-2.414270637100197	0.8926198430895	0.4451534065201322	-0.6618175219762965
6	0	0.7722860981153558	2.22771390188465	1	0.2574286993717848	7.769141532706684	0	-7.769141532706684	1.000000000000001	0.0002910326909146832	-2.129733890660607
6	2	1.000865061360055	1.999134938639951	0.75	0.3336216871200178	5.99481411794585	1.000432717843768	-4.994381400102083	0.9973941293021602	0.01975039289017355	-1.36909635201055
0	1	0.0004049855313098951	1.2696772874863	0	0.0003188655884060825	0	0.7876017078164753	0.7876017078164753	0.9996811344115939	0.0003188655884061031	0.215903139673469
1	0	1.000000000000001	1.805807154648689	1	0.3564036816796874	0.9999999999999987	0	-0.9999999999999987	1	0.3564036816796874	-0.2741273127403856
1	0	0.7722860981153559	2.000000000000004	1	0.2785737369026837	1.294856922117781	0	-1.294856922117781	1	0.2785737369026837	-0.3549556484434344
10	0	0.7722860981153555	2.22771390188465	1	0.2574286993717847	12.94856922117781	0	-12.94856922117781	1	1.278114096225913e-06	-3.549556484434346
18	0	1.000000000000002	2.000000000000003	1	0.3333333333333334	17.99999999999997	0	-17.99999999999997	0.9999999999999998	2.581175051474816e-09	-4.93429162932694
1	3	0.867972390950384	2.066065551928092	0.25	0.2958286183916383	1.152110378655078	1.452035245058097	0.2999248664030196	0.6590506887017584	0.7541255036477863	0.08221759765107904
6	3	1.000290173951207	1.999709826048799	0.6666666666666666	0.3334300579837351	5.998259461351733	1.500217662043329	-4.498041799308404	0.9917038709746949	0.04248186636181839	-1.233036111038343
2	3	1.000101255074713	1.999898744925293	0.4	0.3333670850249036	1.999797510353678	1.500075945150946	-0.4997215652027323	0.7900734517527179	0.5391613185259614	-0.1369873297874446
1	1	0.9998254437982471	2.000174556201759	0.5	0.3332751479327484	1.00017458667694	0.4999563647579613	-0.5002182219189787	0.8889276757704048	0.5554779716359014	-0.1371234769584237
4	3	1.000000000000002	2.000000000000004	0.5714285714285714	0.3333333333333333	3.999999999999992	1.499999999999997	-2.499999999999995	0.954732510288066	0.1732967535436669	-0.6853182818509634
21	2	1.769183832263021	1.23006300414812	0.9130434782608695	0.5898760351382091	11.86988012044979	1.625932975185364	-10.24394714526442	0.9999092759424681	0.0007437442604379951	-2.808145702785885
8	0	0.864330987851425	2.068323662767732	1	0.2947264819159471	9.25571350841718	0	-9.25571350841718	1	5.693158572261936e-05	-2.537243871557291
7	0	0.7722860981153553	2.227713901884649	1	0.2574286993717847	9.063998454824471	0	-9.063998454824471	1	7.492016709653715e-05	-2.484689539104043
2	0	0.813600534390208	1.414113367494442	1	0.3652176941131895	2.458208808207084	0	-2.458208808207084	1	0.1333839640933552	-0.6738621747485549
8	1	0.7722916423366003	2.227604278415943	0.8888888888888888	0.257439478814607	10.3587810115304	0.4489127668183073	-9.90986824471209	0.9999950332039417	0.0001339031976436145	-2.716565551534211
1	0	1.000000000000002	2.000000000000004	1	0.3333333333333333	0.999999999999998	0	-0.999999999999998	1	0.3333333333333333	-0.2741273127403854
3	1	0.9133245515752721	2.086675448424734	0.75	0.3044415171917568	3.284703115475981	0.4792312099875985	-2.805471905488383	0.9914095579918811	0.08709688048518238	-0.7690564744201804
7	3	0.7723474932892794	2.227652506710726	0.7	0.2574491644297593	9.063277942663278	1.346709143801649	-7.716568798861629	0.9994829803737917	0.004200006964771519	-2.115322268408246
5	0	1.770002507444344	1.227210378248088	1	0.5905494787819948	2.824854755273402	0	-2.824854755273402	1	0.07182596221045201	-0.7743698429449983
3	0	1.000000000000002	2.000000000000004	1	0.3333333333333333	2.999999999999993	0	-2.999999999999993	1	0.03703703703703698	-0.8223819382211561
2	2	0.7723949963889509	2.227577717797273	0.5	0.2574673405316193	2.589348726170244	0.8978362388979577	-1.691512487272286	0.9449134116888073	0.2743805458580788	-0.4636897726027581
3	0	1.000000000000002	1.772414491149954	1	0.3606964265957279	2.999999999999993	0	-2.999999999999993	1	0.04692729480899627	-0.8223819382211561
1	1	0.8136280743958789	2.119021725639374	0.5	0.27743785650305	1.229062800890324	0.4719158788701277	-0.7571469220201965	0.9230282357789932	0.477903948785093	-0.207554651083051
0	0	0	3.000000000000006	0	0	0	0	0	0	0	0
1	3	0.7722860981153559	2.227713901884651	0.25	0.2574286993717848	1.294856922117781	1.346672028873184	0.05181510675540357	0.7256852766878275	0.6959446557021109	0.014203935974215
3	0	0.8135091138727348	2.083167215198746	1	0.2808422555562161	3.687727585150717	0	-3.687727585150717	1	0.02215069499562783	-1.010906853035959
15	1	1.767268935794692	1.22847611467081	0.9375	0.5899263475441877	8.487672530301628	0.8140166406637593	-7.673655889637869	0.9997848384362498	0.002608194895669325	-2.103558667920865
2	1	0.7724024266223818	2.227578591096229	0.6666666666666666	0.2574691046577918	2.589323817567155	0.4489179434553118	-2.140405874111843	0.9829322855505143	0.1647355906608825	-0.5867437104440164
0	0	0.8134669450142026	2.119187705604956	0	0.2773824544401977	0	0	0	0	0	0
2	5	0.8384125756203412	2.057957909381876	0.2857142857142857	0.2894700729626097	2.385460402380297	2.429592936379243	0.04413253399894623	0.6708284689536237	0.647839571704995	0.01209793294955485
5	1	0.9996705404298986	2.000329459570108	0.8333333333333334	0.3332235134766321	5.001647840747411	0.4999176486731894	-4.501730192074222	0.9986309672564899	0.01780554707820625	-1.234047200235568
11	6	0.8775376578610167	2.034134466255036	0.6470588235294118	0.3013861521676058	12.53507459362179	2.949657507670258	-9.585417085951532	0.999312742177865	0.003368645890326594	-2.627624627267675
10	4	0.8651604829714166	2.03190583517076	0.7142857142857143	0.2986333027841159	11.55854919038227	1.968595163596172	-9.589954026786097	0.9997643870956697	0.001602073190432152	-2.628868326666716
6	2	0.8142195500544063	1.414015641342821	0.75	0.3654100577883097	7.369019817319639	1.414411511106552	-5.954608306213087	0.9952659552543556	0.03157681797384515	-1.632320773403775
13	0	1.771605641320361	1.228337265221455	1	0.5905464525531852	7.337976182053261	0	-7.337976182053261	1	0.001062436164399494	-2.011539691739217
8	2	0.9496496883128229	2.048871895032193	0.8	0.3167059705648129	8.424159033014636	0.9761469249733522	-7.448012108041284	0.9997708125606155	0.002355748082545572	-2.041703544435214
2	0	0.8134391728264515	2.119215477792707	1	0.2773729844578575	2.45869644198547	0	-2.45869644198547	0.9999999999999999	0.07693577250705896	-0.6739958484858252
0	0	0.7722860981153558	2.22771390188465	0	0.2574286993717848	0	0	0	0	0	0
1	1	1.000000000000002	2.000000000000004	0.5	0.3333333333333333	0.999999999999998	0.499999999999999	-0.499999999999999	0.8888888888888891	0.5555555555555555	-0.1370636563701927
2	0	0.8651341970201957	2.067520453598963	1	0.2950003665919353	2.311780076303367	0	-2.311780076303367	1	0.08702521628937621	-0.6337220599638064
3	0	0.7722860981153554	2.227713901884649	1	0.2574286993717848	3.884570766353344	0	-3.884570766353344	1	0.01705968027001825	-1.064866945330304
0	6	0.002397446395197551	2.997602553604808	0	0.000799148798399182	0	2.00159957589595	2.00159957589595	0.9952146765904022	0.004785323409597808	0.5486931129226529
8	0	1.000000000000002	1.999972736432921	1	0.3333363626460948	7.999999999999984	0	-7.999999999999984	1	0.0001524268717901789	-2.193018501923083
2	0	0.7722860981153558	2.22771390188465	1	0.2574286993717848	2.589713844235562	0	-2.589713844235562	1	0.0662695352602487	-0.7099112968868689
5	0	1.000000000000002	2.000000000000004	1	0.3333333333333333	4.999999999999991	0	-4.999999999999991	1	0.004115226337448097	-1.370636563701927
6	0	0.7722860981153554	2.086514250400837	1	0.2701434182055408	7.769141532706688	0	-7.769141532706688	1	0.0003886568665215639	-2.129733890660608
3	2	0.7724087747852467	2.22759122521476	0.6	0.2574695915950817	3.883953805203847	0.89783079469941	-2.986123010504437	0.9825535291537723	0.1115500885926177	-0.8185778763818126
2	3	0.8143307817458881	2.082778706461994	0.4	0.2810838820764152	2.456004420847375	1.440383460178583	-1.015620960668792	0.8610275033236002	0.4325390321018918	-0.2784094447109453
0	2	0.2008694050367136	2.799130594963292	0	0.06695646834557108	0	0.714507570171526	0.714507570171526	0.8705702319621692	0.1294297680378308	0.1958660401437832
10	0	0.7722860981153559	2.000000000000004	1	0.2785737369026837	12.94856922117781	0	-12.94856922117781	1	2.814502898962346e-06	-3.549556484434345
1	0	0.7722860981153558	2.22771390188465	1	0.2574286993717848	1.294856922117781	0	-1.294856922117781	1	0.2574286993717847	-0.3549556484434345
2	2	0.8135150610392005	2.083198807448332	0.5	0.2808406691075646	2.458467084119082	0.9600619935308812	-1.4984050905882	0.9300608532790551	0.314688463360397	-0.410753760879458
1	0	0.7722860981153559	2.086514250400838	1	0.2701434182055408	1.294856922117781	0	-1.294856922117781	1	0.2701434182055409	-0.3549556484434344
3	3	0.7723167959239813	2.227683204076025	0.5	0.2574389319746599	3.88441636363854	1.346690586215695	-2.537725777422845	0.9583420178349437	0.1813749647874865	-0.6956599478369314
0	0	0.7722860981153558	2.22771390188465	0	0.2574286993717848	0	0	0	0	0	0
7	11	0.999884447575166	2.00011555242484	0.3888888888888889	0.333294815858388	7.000808960451179	5.499682249190129	-1.50112671126105	0.7768467422873858	0.3913535821602231	-0.411499831440805
4	0	0.7722860981153556	2.086514250400838	1	0.2701434182055407	5.179427688471124	0	-5.179427688471124	1	0.005325710602129607	-1.419822593773738
0	5	0.1872167734616387	2.812752539845695	0	0.06240622950080797	0	1.777618161985304	1.777618161985304	0.7245586838722602	0.2754413161277398	0.4872936898235356
11	3	0.9990203672792259	1.952293191256825	0.7857142857142857	0.3385002465731812	11.01078652676308	1.536654439730282	-9.474132087032793	0.9999025287436266	0.0008019036625045439	-2.597118369565764
5	2	1.000000000000002	1.772815322982061	0.7142857142857143	0.3606442851464546	4.99999999999999	1.128149093745304	-3.871850906254687	0.9893592392210078	0.06301282248277873	-1.061380084263025
6	0	0.8830036448199096	2.116996355180097	1	0.2943345482733026	6.794988939398674	0	-6.794988939398674	0.9999999999999999	0.0006502007245696717	-1.862692058058004
6	1	0.8967169452696315	1.999981471491496	0.8571428571428571	0.3095651725705963	6.691074626894527	0.5000046321700397	-6.191069994724487	0.999727563894624	0.00452580742900488	-1.697141380641459
2	1	0.7722860981153558	2.22771390188465	0.6666666666666666	0.2574286993717848	2.589713844235562	0.4488906762910615	-2.1408231679445	0.9829403197299817	0.164689245240709	-0.5868581020809859
10	2	0.9997053331598655	1.933258595195148	0.8333333333333334	0.3408515609397766	10.00294753694274	1.034522750847056	-8.968424786095685	0.9999404741754743	0.0006664902862111299	-2.458490186126681
6	0	1.000000000000002	2.000000000000004	1	0.3333333333333333	5.999999999999988	0	-5.999999999999988	1	0.001371742112482699	-1.644763876442313
2	0	0.7722860981153559	2.000000000000004	1	0.2785737369026837	2.589713844235561	0	-2.589713844235561	0.9999999999999998	0.07760332689192584	-0.7099112968868688
6	11	0.7723697003175941	2.227593965669325	0.3529411764705883	0.2574596849537183	7.768300591715125	4.938063295882035	-2.83023729583309	0.8784014028439366	0.2579803032781188	-0.7758453443243417
6	2	0.772685879160619	2.227314120839386	0.75	0.2575619597202059	7.765121845526536	0.8979424955319188	-6.867179349994617	0.9995340297528124	0.004971737849034374	-1.882481421320295
3	19	0.7725761711608206	2.22682037806333	0.1363636363636364	0.2575772021077579	3.883112257387389	8.532345126338543	4.649232868951153	0.1437377665189791	0.9480146846501759	1.274481712669855
11	7	0.9968726883982779	2.003035050455572	0.6111111111111112	0.3323011156266908	11.03450834596965	3.494696709579752	-7.539811636389898	0.9961932762239583	0.01407905731949732	-2.066868302452255
4	0	0.7722860981153558	2.000000000000004	1	0.2785737369026837	5.179427688471123	0	-5.179427688471123	1	0.006022276344694988	-1.419822593773738
5	1	0.907125163393521	2.010470790598929	0.8333333333333334	0.3109152801477557	5.511918533154994	0.4973959356564913	-5.014522597498503	0.9990966575947381	0.01291586455530569	-1.374617604328205
8	4	0.7723781462847629	2.227621853715241	0.6666666666666666	0.2574593820949206	10.35762086030142	1.795636900099887	-8.56198396020153	0.9995027393340911	0.003402325572979925	-2.347073654736333
4	0	0.8143331644915901	2.118321486127569	1	0.2776778248743552	4.911994469115483	0	-4.911994469115483	1	0.005945177081380981	-1.346511844014266
5	1	1.000000000000002	1.999907736320409	0.8333333333333334	0.333343585168579	4.99999999999999	0.5000230669840202	-4.49997693301597	0.998628004736319	0.01783517891586572	-1.233566584041392
8	0	1.589574017996952	1.188475446075326	1	0.5721906821870739	5.032794893112891	0	-5.032794893112891	0.9999999999999999	0.01149016460255314	-1.379626539622575
3	2	0.7722860981153558	2.22771390188465	0.6	0.2574286993717848	3.884570766353342	0.8977813525821232	-2.986789413771219	0.9825638918146835	0.1115052556451397	-0.818760555718537
7	0	0.7725638899246334	2.226738416638669	1	0.2575812008793012	9.060739301034218	0	-9.060739301034218	0.9999999999999997	7.523140025555985e-05	-2.483796116033713
12	0	1.140798512660936	1.74575045935977	1	0.3952119031129165	10.51894779561884	0	-10.51894779561884	0.9999999999999999	1.451978534350307e-05	-2.883530892069399
10	2	0.7723168170681527	2.227621784278996	0.8333333333333334	0.2574442079319014	12.9480541909753	0.8978184780354583	-12.05023571293984	0.9999969814778277	4.955927127348048e-05	-3.303298733876429
6	3	0.8650474648700606	1.364693378580966	0.6666666666666666	0.3879587474978503	6.936035586094995	2.198296003399281	-4.737739582695713	0.9791353385071851	0.08652976953498737	-1.298743820268134