Observed S Changes	Observed NS Changes	E[S Sites]	E[NS Sites]	Observed S. Prop.	P{S}	dS	dN	dN-dS	P{S leq. observed}	P{S geq. observed}	Scaled dN-dS
0	0	0.9999999999999999	2	0	0.3333333333333334	0	0	0	0	0	0
0	0	0.9999999999999999	2	0	0.3333333333333334	0	0	0	0	0	0
0	0	1.771269145426324	1.228730854573675	0	0.5904230484754415	0	0	0	0	0	0
0	0	0.7712691454263244	2.086765931344635	0	0.269859929885015	0	0	0	0	0	0
1	0	1.278656474819319	1.721343525180681	1	0.4262188249397729	0.782070884317311	0	-0.782070884317311	1	0.4262188249397729	-2.785292062372184
1	0	0.9999999999999999	1.981898231352223	1	0.3353568507086584	1	0	-1	1	0.3353568507086584	-3.561431729815047
0	0	0.7712691454263244	2.228730854573675	0	0.2570897151421082	0	0	0	0	0	0
0	0	0.7712691454263244	2.228730854573675	0	0.2570897151421082	0	0	0	0	0	0
0	0	0.9999999999999999	2	0	0.3333333333333334	0	0	0	0	0	0
2	0	1	2	1	0.3333333333333333	2	0	-2	1	0.1111111111111109	-7.122863459630092
0	0	0.9999999999999999	2	0	0.3333333333333334	0	0	0	0	0	0
0	0	0.7712691454263244	2.228730854573675	0	0.2570897151421082	0	0	0	0	0	0
0	0	0.9999999999999999	1.9321405462032	0	0.3410477718385259	0	0	0	0	0	0
1	0	1	2	1	0.3333333333333333	1	0	-1	1	0.3333333333333333	-3.561431729815046
0	1	0.7601622255455616	2.239837774454438	0	0.2533874085151872	0	0.4464609050731685	0.4464609050731685	0.7466125914848127	0.2533874085151873	1.590040033449525
0	0	0.9999999999999999	2	0	0.3333333333333334	0	0	0	0	0	0
0	1	0.813212828740697	2.082499855341622	0	0.2808333966318252	0	0.4801921101867044	0.4801921101867044	0.7191666033681747	0.2808333966318253	1.710171417625772
0	0	0.9999999999999999	2	0	0.3333333333333334	0	0	0	0	0	0
0	0	0.9132340686553649	2.086765931344635	0	0.304411356218455	0	0	0	0	0	0
1	0	1	2	1	0.3333333333333333	1	0	-1	1	0.3333333333333333	-3.561431729815046
0	0	0.7712691454263244	2.228730854573675	0	0.2570897151421082	0	0	0	0	0	0
1	0	0.7712691454263243	2.228730854573675	1	0.2570897151421082	1.296564248589567	0	-1.296564248589567	1	0.2570897151421081	-4.617625054670689
0	1	0.8322646058114311	1.396466248762244	0	0.373425352865513	0	0.7160932109074233	0.7160932109074233	0.626574647134487	0.373425352865513	2.550317082830835
0	0	0.9132340686553649	2.086765931344635	0	0.304411356218455	0	0	0	0	0	0
0	0	0.8117911706434028	2.120349375559798	0	0.2768595699461212	0	0	0	0	0	0
1	0	1	2	1	0.3333333333333333	1	0	-1	1	0.3333333333333333	-3.561431729815046
0	0	0.9999999999999999	2	0	0.3333333333333334	0	0	0	0	0	0
0	0	0.7712691454263244	2.228730854573675	0	0.2570897151421082	0	0	0	0	0	0
0	0	0.9999999999999999	2	0	0.3333333333333334	0	0	0	0	0	0
0	0	0.9999999999999999	2	0	0.3333333333333334	0	0	0	0	0	0
0	0	0.8642810924064012	2.067859453796799	0	0.2947611408073703	0	0	0	0	0	0
0	0	1.771269145426324	1.228730854573675	0	0.5904230484754415	0	0	0	0	0	0
0	0	0.9999999999999999	2	0	0.3333333333333334	0	0	0	0	0	0
0	0	0.8642810924064012	1.364449762167274	0	0.3877906973974773	0	0	0	0	0	0
0	2	0.7728716072983536	2.227128392701646	0	0.2576238690994512	0	0.8980173781422072	0.8980173781422072	0.5511223197308688	0.4488776802691312	3.198227584440973
0	0	0.9999999999999999	2	0	0.3333333333333334	0	0	0	0	0	0
0	0	0.9999999999999999	1.771269145426324	0	0.3608454998499118	0	0	0	0	0	0
0	1	0.9335549472691222	2.066445052730877	0	0.3111849824230408	0	0.4839228600240137	0.4839228600240137	0.6888150175769592	0.3111849824230408	1.723458228472368
0	0	0.9999999999999999	2	0	0.3333333333333334	0	0	0	0	0	0
0	2	0.8957594600835547	2.023219844413032	0	0.3068742072626784	0	0.9885233211422119	0.9885233211422119	0.4804233645577404	0.5195766354422595	3.520558321578022
0	0	0.1882088293565972	2.811791170643402	0	0.06273627645219908	0	0	0	0	0	0
0	0	0.7712691454263244	2.086765931344635	0	0.269859929885015	0	0	0	0	0	0
0	1	0.7712691454263245	2.228730854573675	0	0.2570897151421082	0	0.4486858509397206	0.4486858509397206	0.7429102848578918	0.2570897151421082	1.597964026255785
0	0	0.7712691454263244	2.228730854573675	0	0.2570897151421082	0	0	0	0	0	0
0	0	0.9999999999999999	2	0	0.3333333333333334	0	0	0	0	0	0
1	0	0.7712691454263245	2.228730854573675	1	0.2570897151421082	1.296564248589567	0	-1.296564248589567	1	0.2570897151421081	-4.617625054670688
1	1	0.9219888020646119	1.306742052509064	0.5	0.4136833302112539	1.084611871381407	0.765261972001214	-0.3193498993801925	0.8288661023053265	0.6562327627278345	-1.13734286456586
0	0	0.9132340686553649	2.086765931344635	0	0.304411356218455	0	0	0	0	0	0
0	0	0.9999999999999999	2	0	0.3333333333333334	0	0	0	0	0	0
0	0	0.7712691454263244	2.228730854573675	0	0.2570897151421082	0	0	0	0	0	0
0	0	0.9999999999999999	1.9321405462032	0	0.3410477718385259	0	0	0	0	0	0
0	1	0.8117911706434027	2.11654848047049	0	0.2772189251798747	0	0.4724673255666267	0.4724673255666267	0.7227810748201253	0.2772189251798747	1.68266012457384
0	0	0.7712691454263244	2.228730854573675	0	0.2570897151421082	0	0	0	0	0	0
0	0	0.7712691454263244	2.086765931344635	0	0.269859929885015	0	0	0	0	0	0
0	0	0.9999999999999999	2	0	0.3333333333333334	0	0	0	0	0	0
1	0	1.771269145426325	1.228730854573675	1	0.5904230484754415	0.564566939237973	0	-0.564566939237973	1	0.5904230484754415	-2.01066661100668
0	0	0.1882088293565972	2.811791170643402	0	0.06273627645219908	0	0	0	0	0	0
0	0	0.7712691454263244	2.228730854573675	0	0.2570897151421082	0	0	0	0	0	0
0	0	0.9999999999999999	2	0	0.3333333333333334	0	0	0	0	0	0
0	0	1.771269145426324	1.228730854573675	0	0.5904230484754415	0	0	0	0	0	0
0	0	1.635550237832726	1.222484838938233	0	0.5722638784687657	0	0	0	0	0	0
0	0	0.9999999999999999	1.9321405462032	0	0.3410477718385259	0	0	0	0	0	0
0	0	0.7712691454263244	2.228730854573675	0	0.2570897151421082	0	0	0	0	0	0
0	0	0.9999999999999999	2	0	0.3333333333333334	0	0	0	0	0	0
0	1	0.8306762458813624	1.676711083511632	0	0.3312915544175052	0	0.5964056716948771	0.5964056716948771	0.6687084455824948	0.3312915544175052	2.12405808301579
0	0	0.7712691454263244	2.086765931344635	0	0.269859929885015	0	0	0	0	0	0
0	0	0.7712691454263244	2.228730854573675	0	0.2570897151421082	0	0	0	0	0	0
0	0	0.9999999999999999	2	0	0.3333333333333334	0	0	0	0	0	0
1	0	0.7712691454263246	2.228730854573675	1	0.2570897151421083	1.296564248589567	0	-1.296564248589567	1	0.2570897151421083	-4.617625054670687
0	0	0.8117911706434028	1.416939683930272	0	0.3642392121854871	0	0	0	0	0	0
1	0	0.7712691454263245	2.228730854573675	1	0.2570897151421082	1.296564248589567	0	-1.296564248589567	1	0.2570897151421082	-4.617625054670688
0	0	0.8642810924064012	2.031431591675917	0	0.2984692152496133	0	0	0	0	0	0
0	1	0.8117911706434028	2.09708275514553	0	0.2790740304852615	0	0.4768529031800673	0.4768529031800673	0.7209259695147385	0.2790740304852615	1.698279059839914
0	0	0	1.271437815187197	0	0	0	0	0	0	0	0
0	0	0.7712691454263244	2.228730854573675	0	0.2570897151421082	0	0	0	0	0	0
0	0	0.9999999999999999	2	0	0.3333333333333334	0	0	0	0	0	0
0	0	0.7712691454263244	2.228730854573675	0	0.2570897151421082	0	0	0	0	0	0
0	0	0.9999999999999999	2	0	0.3333333333333334	0	0	0	0	0	0
0	0	0.8117911706434028	2.120349375559798	0	0.2768595699461212	0	0	0	0	0	0
1	0	1.034138620521482	1.780392574390962	1	0.3674283740008973	0.9669883516155051	0	-0.9669883516155051	1	0.3674283740008973	-3.443862997805008
0	0	0.7712691454263244	2.228730854573675	0	0.2570897151421082	0	0	0	0	0	0
0	0	0.8117911706434028	2.083921513438916	0	0.2803424438846452	0	0	0	0	0	0
1	0	0.9999999999999998	2	1	0.3333333333333334	1	0	-1	1	0.3333333333333334	-3.561431729815047
0	1	0.7712691454263245	2.01103689442363	0	0.2772049998741037	0	0.4972559194577102	0.4972559194577102	0.7227950001258963	0.2772049998741037	1.770943009395044
0	0	0.7712691454263244	2.228730854573675	0	0.2570897151421082	0	0	0	0	0	0
0	0	0.7712691454263244	2.228730854573675	0	0.2570897151421082	0	0	0	0	0	0
0	0	0.7712691454263244	2.086765931344635	0	0.269859929885015	0	0	0	0	0	0
0	0	0.7712691454263244	2	0	0.2783090003001764	0	0	0	0	0	0
0	0	0.9999999999999999	2	0	0.3333333333333334	0	0	0	0	0	0
0	0	0.7712691454263244	2	0	0.2783090003001764	0	0	0	0	0	0
0	0	0.7712691454263244	2.228730854573675	0	0.2570897151421082	0	0	0	0	0	0
0	0	0.9999999999999999	2	0	0.3333333333333334	0	0	0	0	0	0
0	0	0.9999999999999999	2	0	0.3333333333333334	0	0	0	0	0	0
0	0	0.7712691454263244	2.228730854573675	0	0.2570897151421082	0	0	0	0	0	0
0	0	0.7712691454263244	2	0	0.2783090003001764	0	0	0	0	0	0
0	0	0.9999999999999999	2	0	0.3333333333333334	0	0	0	0	0	0
0	0	0.9999999999999999	2	0	0.3333333333333334	0	0	0	0	0	0
0	0	0.9999999999999999	2	0	0.3333333333333334	0	0	0	0	0	0
0	0	0.9482026058453171	2.051797394154682	0	0.3160675352817724	0	0	0	0	0	0
0	0	0.9999999999999999	1.771269145426324	0	0.3608454998499118	0	0	0	0	0	0
0	0	1.771269145426324	1.228730854573675	0	0.5904230484754415	0	0	0	0	0	0
0	0	0.9999999999999999	2	0	0.3333333333333334	0	0	0	0	0	0
0	0	0.9999999999999999	2	0	0.3333333333333334	0	0	0	0	0	0
0	0	0.9999999999999999	1.771269145426324	0	0.3608454998499118	0	0	0	0	0	0
1	0	0.9999999999999998	1.976134147564377	1	0.3360063593969326	1	0	-1	1	0.3360063593969327	-3.561431729815047
0	0	0.9999999999999999	2	0	0.3333333333333334	0	0	0	0	0	0
1	0	0.9999999999999999	2	1	0.3333333333333334	1	0	-1	1	0.3333333333333334	-3.561431729815047
0	0	1.771269145426324	1.228730854573675	0	0.5904230484754415	0	0	0	0	0	0
0	0	0.8642810924064012	2.067859453796799	0	0.2947611408073703	0	0	0	0	0	0
0	0	0.7712691454263244	2.228730854573675	0	0.2570897151421082	0	0	0	0	0	0
0	1	0.7860818121088923	2.213918187891107	0	0.2620272707029642	0	0.4516878742265366	0.4516878742265366	0.7379727292970358	0.2620272707029642	1.608655527243095
0	0	0.7712691454263244	2.228730854573675	0	0.2570897151421082	0	0	0	0	0	0
0	0	0.8117911706434028	2.120349375559798	0	0.2768595699461212	0	0	0	0	0	0
0	2	0.7792244295715318	2.220775570428467	0	0.259741476523844	0	0.9005862756379872	0.9005862756379872	0.5479826815790987	0.4520173184209013	3.207376537493086
0	0	0.7712691454263244	2.228730854573675	0	0.2570897151421082	0	0	0	0	0	0
0	1	0.7712691454263244	2.228730854573675	0	0.2570897151421082	0	0.4486858509397206	0.4486858509397206	0.7429102848578919	0.2570897151421081	1.597964026255785
0	0	0	1.271437815187197	0	0	0	0	0	0	0	0
0	1	0.9999999999999999	2	0	0.3333333333333334	0	0.5000000000000001	0.5000000000000001	0.6666666666666666	0.3333333333333334	1.780715864907523
0	0	0.9999999999999999	1.9321405462032	0	0.3410477718385259	0	0	0	0	0	0
0	0	0.9999999999999999	2	0	0.3333333333333334	0	0	0	0	0	0
0	1	1	2	0	0.3333333333333333	0	0.5	0.5	0.6666666666666667	0.3333333333333333	1.780715864907523
1	0	0.839160361223849	1.389570493349827	1	0.3765193807506059	1.191667345370769	0	-1.191667345370769	1	0.3765193807506059	-4.244041895187923
2	1	0.7712691454263244	2.228730854573675	0.6666666666666666	0.2570897151421082	2.593128497179134	0.4486858509397206	-2.144442646239414	0.9830076240073848	0.1643006129103199	-7.63728608308559
1	0	0.9999999999999998	1.939221023883813	1	0.3402262000285454	1	0	-1	1	0.3402262000285454	-3.561431729815047
0	1	0.9803622289748449	2.008756398255234	0	0.3279770230742951	0	0.497820442970875	0.497820442970875	0.6720229769257049	0.3279770230742951	1.772953521347056
1	0	0.7712691454263244	2.228730854573675	1	0.2570897151421082	1.296564248589567	0	-1.296564248589567	1	0.2570897151421081	-4.617625054670688
0	1	0.9468847023091085	2	0	0.3213171867793648	0	0.5000000000000001	0.5000000000000001	0.6786828132206353	0.3213171867793647	1.780715864907523
0	0	0.9999999999999999	2	0	0.3333333333333334	0	0	0	0	0	0
0	0	0.7712691454263244	2.086765931344635	0	0.269859929885015	0	0	0	0	0	0
0	1	0.5912549972573256	2.341339946091236	0	0.2016149549048208	0	0.4271058552046046	0.4271058552046046	0.7983850450951793	0.2016149549048207	1.521108344715469
0	0	0.9482026058453171	2.051797394154682	0	0.3160675352817724	0	0	0	0	0	0
0	2	0.9080627862242462	1.991963824379683	0	0.3131222254664561	0	1.004034297973669	1.004034297973669	0.471801077148154	0.528198922851846	3.575799606625999
0	0	0.9999999999999999	2	0	0.3333333333333334	0	0	0	0	0	0
0	2	0.818192017016914	2.181807982983086	0	0.2727306723389714	0	0.9166709516139417	0.9166709516139417	0.5289206749565247	0.4710793250434753	3.264661012877645
1	3	0.7881699777886653	2.168334110188153	0.25	0.2665884958501857	1.268761851099248	1.383550618838755	0.1147887677395072	0.7100011845764957	0.7106717289944866	0.4088123596538507
0	0	0.7712691454263244	2.228730854573675	0	0.2570897151421082	0	0	0	0	0	0
0	0	0.7712691454263244	2.228730854573675	0	0.2570897151421082	0	0	0	0	0	0
0	0	0.7712691454263244	2.228730854573675	0	0.2570897151421082	0	0	0	0	0	0
0	0	0.7712691454263244	2.228730854573675	0	0.2570897151421082	0	0	0	0	0	0
0	0	0.8957126840823187	2	0	0.309323742305663	0	0	0	0	0	0
1	0	1.632295439406825	1.220359449943824	1	0.5722022125776262	0.612634193454219	0	-0.612634193454219	1	0.5722022125776262	-2.181854855337505
0	0	0.7712691454263244	2.228730854573675	0	0.2570897151421082	0	0	0	0	0	0
0	0	0	1.271437815187197	0	0	0	0	0	0	0	0
0	0	1.635550237832726	1.222484838938233	0	0.5722638784687657	0	0	0	0	0	0
0	2	0.9173604519305911	2.082639548069409	0	0.305786817310197	0	0.9603198027493451	0.9603198027493451	0.4819319430203058	0.5180680569796942	3.420113416281244
0	2	0.7859095919766517	2.00502703619822	0	0.2815934923218217	0	0.9974927838341016	0.9974927838341016	0.5161079102743564	0.4838920897256436	3.55250245060831
0	0	1.583060316069727	1.188208829356597	0	0.5712401910447402	0	0	0	0	0	0
0	3	0.8043868208842568	2.117841335475593	0	0.2752648930349991	0	1.416536711106503	1.416536711106503	0.3806605743929446	0.6193394256070555	5.044898789382549
0	1	0.7712691454263245	2.109466467426728	0	0.2677334018384516	0	0.4740535180063177	0.4740535180063177	0.7322665981615484	0.2677334018384516	1.688309240658148
0	0	0.8117911706434028	2.083921513438916	0	0.2803424438846452	0	0	0	0	0	0
1	0	0.7712691454263245	2	1	0.2783090003001764	1.296564248589567	0	-1.296564248589567	1	0.2783090003001765	-4.617625054670688
0	0	0.9999999999999999	2	0	0.3333333333333334	0	0	0	0	0	0
1	0	0.9999999999999998	2	1	0.3333333333333334	1	0	-1	1	0.3333333333333334	-3.561431729815047
1	0	1.684584939377096	1.22474149954622	1	0.5790291927503768	0.5936180341074206	0	-0.5936180341074206	1	0.5790291927503768	-2.114130102060598
1	0	0.7712691454263245	2.228730854573675	1	0.2570897151421082	1.296564248589567	0	-1.296564248589567	1	0.2570897151421081	-4.617625054670688
0	0	0.9999999999999999	2	0	0.3333333333333334	0	0	0	0	0	0
0	0	0.9999999999999999	2	0	0.3333333333333334	0	0	0	0	0	0
0	0	0	3	0	0	0	0	0	0	0	0
0	0	0.9999999999999999	2	0	0.3333333333333334	0	0	0	0	0	0
0	0	0.7712691454263244	2.228730854573675	0	0.2570897151421082	0	0	0	0	0	0
0	0	0.7712691454263244	2.228730854573675	0	0.2570897151421082	0	0	0	0	0	0
0	2	0.8262471013767059	2.121651594710892	0	0.2802834108489845	0	0.9426618418338997	0.9426618418338997	0.5179919686991717	0.4820080313008283	3.357225793993142
0	2	0.811330165987391	1.887493843047487	0	0.3006235913387806	0	1.059606105401045	1.059606105401045	0.4891273609918648	0.5108726390081352	3.773714804881029
0	0	0.7712691454263244	2.228730854573675	0	0.2570897151421082	0	0	0	0	0	0
0	0	0.7712691454263244	2.228730854573675	0	0.2570897151421082	0	0	0	0	0	0
0	0	0.8117911706434028	2.083921513438916	0	0.2803424438846452	0	0	0	0	0	0
0	0	1.635550237832726	1.222484838938233	0	0.5722638784687657	0	0	0	0	0	0
0	0	0.7712691454263244	2	0	0.2783090003001764	0	0	0	0	0	0
0	0	0.9132340686553649	2.086765931344635	0	0.304411356218455	0	0	0	0	0	0
0	0	0	1.271437815187197	0	0	0	0	0	0	0	0
0	0	0.9999999999999999	2	0	0.3333333333333334	0	0	0	0	0	0
0	0	0.9999999999999999	2	0	0.3333333333333334	0	0	0	0	0	0
0	0	0.7712691454263244	2.228730854573675	0	0.2570897151421082	0	0	0	0	0	0
0	0	0.7712691454263244	2.228730854573675	0	0.2570897151421082	0	0	0	0	0	0
0	0	0.9999999999999999	2	0	0.3333333333333334	0	0	0	0	0	0
1	1	0.9389851703714085	2.061014829628591	0.5	0.3129950567904696	1.064979545528347	0.4851978673924471	-0.5797816781358998	0.9020340944247307	0.5280242080056698	-2.064852864878608
0	0	0.9999999999999999	2	0	0.3333333333333334	0	0	0	0	0	0
0	0	0.7712691454263244	2.228730854573675	0	0.2570897151421082	0	0	0	0	0	0
0	2	0.7915278607889256	2.18575756202285	0	0.2658555524184172	0	0.915014562799482	0.915014562799482	0.5389680699148673	0.4610319300851327	3.258761897196917
0	0	0.7712691454263244	2.228730854573675	0	0.2570897151421082	0	0	0	0	0	0
0	0	0.8117911706434028	1.416939683930272	0	0.3642392121854871	0	0	0	0	0	0
0	1	0.9333826327019059	2.066617367298094	0	0.3111275442339687	0	0.4838825105333385	0.4838825105333385	0.6888724557660313	0.3111275442339687	1.723314526515995
0	2	0.7722092897125548	2.226850566001215	0	0.2574837872079651	0	0.8981294167355944	0.8981294167355944	0.5513303262590266	0.4486696737409734	3.198626602242427
1	0	1.771269145426325	1.228730854573675	1	0.5904230484754415	0.564566939237973	0	-0.564566939237973	1	0.5904230484754415	-2.01066661100668
0	0	0.7712691454263244	2	0	0.2783090003001764	0	0	0	0	0	0
0	1	0.9999999999999998	2	0	0.3333333333333334	0	0.5000000000000001	0.5000000000000001	0.6666666666666666	0.3333333333333334	1.780715864907523
0	1	0.8462416083511254	1.38248924622255	0	0.3796966361436224	0	0.7233329320516266	0.7233329320516266	0.6203033638563775	0.3796966361436225	2.576100855428814
0	1	0.9999999999999999	1.976744618251708	0	0.3359374512239201	0	0.5058822423325627	0.5058822423325627	0.6640625487760798	0.3359374512239202	1.801665069393173
0	1	0.9999999999999999	1.773855034633411	0	0.3605091064653126	0	0.5637439252225378	0.5637439252225378	0.6394908935346875	0.3605091064653125	2.007735502778027
1	0	1	1.956657896975386	1	0.3382197179534989	1	0	-1	1	0.3382197179534989	-3.561431729815046
0	0	0.8957126840823187	2	0	0.309323742305663	0	0	0	0	0	0
0	1	0.9445822545724181	2.055417745427582	0	0.3148607515241393	0	0.4865191040724294	0.4865191040724294	0.6851392484758607	0.3148607515241393	1.732704574404738
0	0	0.9999999999999999	2	0	0.3333333333333334	0	0	0	0	0	0
1	0	1	2	1	0.3333333333333333	1	0	-1	1	0.3333333333333333	-3.561431729815046
0	0	0.9999999999999999	2	0	0.3333333333333334	0	0	0	0	0	0
0	0	0.9999999999999999	2	0	0.3333333333333334	0	0	0	0	0	0
0	0	0.8117911706434028	2.083921513438916	0	0.2803424438846452	0	0	0	0	0	0
0	0	0.8957126840823187	2	0	0.309323742305663	0	0	0	0	0	0
0	0	0.7712691454263244	2.228730854573675	0	0.2570897151421082	0	0	0	0	0	0
0	0	0.8117911706434028	1.416939683930272	0	0.3642392121854871	0	0	0	0	0	0
0	0	0.8117911706434028	1.416939683930272	0	0.3642392121854871	0	0	0	0	0	0
0	1	1	2	0	0.3333333333333333	0	0.5	0.5	0.6666666666666667	0.3333333333333333	1.780715864907523
0	0	0.9999999999999999	2	0	0.3333333333333334	0	0	0	0	0	0
1	0	0.913234068655365	2.086765931344635	1	0.304411356218455	1.095009520913284	0	-1.095009520913284	1	0.3044113562184549	-3.89980165223014
1	0	0.9999999999999999	2	1	0.3333333333333334	1	0	-1	1	0.3333333333333334	-3.561431729815047
0	0	0.7712691454263244	2.228730854573675	0	0.2570897151421082	0	0	0	0	0	0
0	0	0.9132340686553649	2.086765931344635	0	0.304411356218455	0	0	0	0	0	0
1	0	0.9999999999999998	1.939221023883813	1	0.3402262000285454	1	0	-1	1	0.3402262000285454	-3.561431729815047
0	0	0.9999999999999999	2	0	0.3333333333333334	0	0	0	0	0	0
0	0	0.8957126840823187	2	0	0.309323742305663	0	0	0	0	0	0
0	0	0.9999999999999999	2	0	0.3333333333333334	0	0	0	0	0	0
1	1	0.5805000442781241	1.745067281908582	0.5	0.2496165291546237	1.7226527540468	0.5730438077472286	-1.149608946299572	0.9376915883727989	0.4369246466820463	-4.094253778230536
0	1	0.9174640709999884	2.082535929000012	0	0.3058213569999961	0	0.4801837923056522	0.4801837923056522	0.6941786430000039	0.3058213569999961	1.710141794060267
0	0	0.9482026058453171	2.051797394154682	0	0.3160675352817724	0	0	0	0	0	0
0	2	0.8539086934957334	2.146091306504267	0	0.2846362311652444	0	0.9319267982394317	0.9319267982394317	0.5117453217614657	0.4882546782385343	3.318993669114857
1	2	1.012125038471428	1.987874961528572	0.3333333333333333	0.3373750128238093	0.9880202168600238	1.006099497556981	0.01807928069695741	0.7353356316234039	0.7090600053663316	0.0643881239263768
1	1	1	2	0.5	0.3333333333333333	1	0.5	-0.5	0.8888888888888891	0.5555555555555555	-1.780715864907523
1	0	0.7712691454263243	2.228730854573675	1	0.2570897151421082	1.296564248589567	0	-1.296564248589567	1	0.2570897151421081	-4.617625054670689
1	0	0.9040041633735172	1.969250791812045	1	0.314627200674273	1.106189595707447	0	-1.106189595707447	1	0.314627200674273	-3.93961872534378
0	1	0.2273799917304956	2.772620008269504	0	0.07579333057683189	0	0.3606696904074271	0.3606696904074271	0.9242066694231681	0.07579333057683191	1.28450047939958
0	0	0.7712691454263244	2.228730854573675	0	0.2570897151421082	0	0	0	0	0	0
0	0	0.9132340686553649	2.086765931344635	0	0.304411356218455	0	0	0	0	0	0
0	0	0.7712691454263244	2	0	0.2783090003001764	0	0	0	0	0	0
0	0	0	1.271437815187197	0	0	0	0	0	0	0	0
0	0	0.9999999999999999	2	0	0.3333333333333334	0	0	0	0	0	0
0	0	0.1882088293565972	2.811791170643402	0	0.06273627645219908	0	0	0	0	0	0
0	0	0.9999999999999999	2	0	0.3333333333333334	0	0	0	0	0	0
0	0	0.8117911706434028	2.083921513438916	0	0.2803424438846452	0	0	0	0	0	0
0	0	0.9999999999999999	2	0	0.3333333333333334	0	0	0	0	0	0
0	0	0.9999999999999999	1.9321405462032	0	0.3410477718385259	0	0	0	0	0	0
0	0	0.7712691454263244	2.228730854573675	0	0.2570897151421082	0	0	0	0	0	0
0	0	0.1882088293565972	2.811791170643402	0	0.06273627645219908	0	0	0	0	0	0
0	0	0.9999999999999999	2	0	0.3333333333333334	0	0	0	0	0	0
0	0	1.635550237832726	1.222484838938233	0	0.5722638784687657	0	0	0	0	0	0
0	0	0.9132340686553649	2.086765931344635	0	0.304411356218455	0	0	0	0	0	0
1	0	0.7712691454263243	2.228730854573675	1	0.2570897151421082	1.296564248589567	0	-1.296564248589567	1	0.2570897151421081	-4.617625054670689
0	0	0.7712691454263244	2.228730854573675	0	0.2570897151421082	0	0	0	0	0	0
0	0	0.9999999999999999	2	0	0.3333333333333334	0	0	0	0	0	0
0	0	0.9999999999999999	2	0	0.3333333333333334	0	0	0	0	0	0
0	0	0.7712691454263244	2.228730854573675	0	0.2570897151421082	0	0	0	0	0	0
0	0	1.771269145426324	1.228730854573675	0	0.5904230484754415	0	0	0	0	0	0
0	0	0.9132340686553649	2.086765931344635	0	0.304411356218455	0	0	0	0	0	0
0	0	0.9999999999999999	2	0	0.3333333333333334	0	0	0	0	0	0
0	0	0.9999999999999999	2	0	0.3333333333333334	0	0	0	0	0	0
1	0	1.060336349583722	1.939663650416278	1	0.3534454498612408	0.943096971439855	0	-0.943096971439855	1	0.3534454498612407	-3.358775478378374
1	0	0.9999999999999999	2	1	0.3333333333333334	1	0	-1	1	0.3333333333333334	-3.561431729815047
0	0	0.7712691454263244	2	0	0.2783090003001764	0	0	0	0	0	0
0	0	0.7712691454263244	2.228730854573675	0	0.2570897151421082	0	0	0	0	0	0
0	0	0.8117911706434028	2.083921513438916	0	0.2803424438846452	0	0	0	0	0	0
0	0	0.1882088293565972	2.811791170643402	0	0.06273627645219908	0	0	0	0	0	0
0	0	1.14196492322904	1.086765931344635	0	0.5123835033223346	0	0	0	0	0	0
0	2	0.7712691454263245	2.228730854573675	0	0.2570897151421082	0	0.8973717018794412	0.8973717018794412	0.5519156913476339	0.4480843086523661	3.19592805251157
0	0	0.9999999999999999	2	0	0.3333333333333334	0	0	0	0	0	0
0	0	0.8117911706434028	2.083921513438916	0	0.2803424438846452	0	0	0	0	0	0
0	0	0.7712691454263244	2.228730854573675	0	0.2570897151421082	0	0	0	0	0	0
0	0	0.9999999999999999	1.771269145426324	0	0.3608454998499118	0	0	0	0	0	0
0	0	0.1882088293565972	2.811791170643402	0	0.06273627645219908	0	0	0	0	0	0
0	0	0	3	0	0	0	0	0	0	0	0
1	0	0.9146770840570306	2.018714192504087	1	0.3118155737918904	1.093282008951751	0	-1.093282008951751	1	0.3118155737918904	-3.893649236316703
0	0	0.9999999999999999	1.771269145426324	0	0.3608454998499118	0	0	0	0	0	0
0	0	0.7712691454263244	2.228730854573675	0	0.2570897151421082	0	0	0	0	0	0
0	0	0.9999999999999999	2	0	0.3333333333333334	0	0	0	0	0	0
0	0	0.9999999999999999	2	0	0.3333333333333334	0	0	0	0	0	0
0	0	0.9132340686553649	2.086765931344635	0	0.304411356218455	0	0	0	0	0	0
0	0	0.9999999999999999	2	0	0.3333333333333334	0	0	0	0	0	0
0	1	0.8075630892329348	2.099030967619303	0	0.2778382785615077	0	0.4764103128665074	0.4764103128665074	0.7221617214384923	0.2778382785615077	1.696702804653893
0	0	0.7712691454263244	2.086765931344635	0	0.269859929885015	0	0	0	0	0	0
0	2	0.7770366361836485	2.216496709260778	0	0.2595717323029478	0	0.9023248226102795	0.9023248226102795	0.5482340196048575	0.4517659803951425	3.213568253843982
0	0	0.9999999999999999	2	0	0.3333333333333334	0	0	0	0	0	0
0	1	0.8208727656170036	2.114542186343988	0	0.2796445405678073	0	0.4729156062518597	0.4729156062518597	0.7203554594321927	0.2796445405678073	1.684256645630092
0	0	0.7712691454263244	2.086765931344635	0	0.269859929885015	0	0	0	0	0	0
0	0	0.9132340686553649	2.086765931344635	0	0.304411356218455	0	0	0	0	0	0
0	0	0.9999999999999999	2	0	0.3333333333333334	0	0	0	0	0	0
0	0	0.9999999999999999	2	0	0.3333333333333334	0	0	0	0	0	0
0	0	0.7712691454263244	2.228730854573675	0	0.2570897151421082	0	0	0	0	0	0
0	0	0.9999999999999999	1.9321405462032	0	0.3410477718385259	0	0	0	0	0	0
0	0	0.7712691454263244	2.228730854573675	0	0.2570897151421082	0	0	0	0	0	0
0	0	0.9132340686553649	2.086765931344635	0	0.304411356218455	0	0	0	0	0	0
0	0	0.9999999999999999	2	0	0.3333333333333334	0	0	0	0	0	0
0	0	0.7712691454263244	2.228730854573675	0	0.2570897151421082	0	0	0	0	0	0
0	0	0.7712691454263244	2.228730854573675	0	0.2570897151421082	0	0	0	0	0	0
0	0	0.8117911706434028	2.083921513438916	0	0.2803424438846452	0	0	0	0	0	0
1	0	0.9999999999999998	2	1	0.3333333333333334	1	0	-1	1	0.3333333333333334	-3.561431729815047
1	0	0.7712691454263245	2.228730854573675	1	0.2570897151421082	1.296564248589567	0	-1.296564248589567	1	0.2570897151421081	-4.617625054670688
0	0	0.8117911706434028	1.416939683930272	0	0.3642392121854871	0	0	0	0	0	0
0	0	0.7712691454263244	2.228730854573675	0	0.2570897151421082	0	0	0	0	0	0
0	0	0.9999999999999999	2	0	0.3333333333333334	0	0	0	0	0	0
0	0	0.7712691454263244	2.228730854573675	0	0.2570897151421082	0	0	0	0	0	0
0	0	0.9482026058453171	2.051797394154682	0	0.3160675352817724	0	0	0	0	0	0
0	0	0.9132340686553649	2.086765931344635	0	0.304411356218455	0	0	0	0	0	0
0	0	0.9999999999999999	2	0	0.3333333333333334	0	0	0	0	0	0
1	0	0.7712691454263245	2	1	0.2783090003001764	1.296564248589567	0	-1.296564248589567	1	0.2783090003001765	-4.617625054670688
0	0	0.9999999999999999	2	0	0.3333333333333334	0	0	0	0	0	0
0	0	0.9999999999999999	2	0	0.3333333333333334	0	0	0	0	0	0
1	0	0.7712691454263243	2.086765931344635	1	0.269859929885015	1.296564248589567	0	-1.296564248589567	1	0.2698599298850151	-4.617625054670689
0	0	0.9999999999999999	2	0	0.3333333333333334	0	0	0	0	0	0
0	0	0.8957126840823187	2	0	0.309323742305663	0	0	0	0	0	0
0	0	0.7712691454263244	2	0	0.2783090003001764	0	0	0	0	0	0
0	0	0.9999999999999999	2	0	0.3333333333333334	0	0	0	0	0	0
0	0	0.8642810924064012	2.031431591675917	0	0.2984692152496133	0	0	0	0	0	0
0	0	0.8117911706434028	1.416939683930272	0	0.3642392121854871	0	0	0	0	0	0
0	1	0.7712691454263244	2.228730854573675	0	0.2570897151421082	0	0.4486858509397205	0.4486858509397205	0.7429102848578919	0.2570897151421081	1.597964026255785
0	0	0.9999999999999999	2	0	0.3333333333333334	0	0	0	0	0	0
0	0	1.771269145426324	1.228730854573675	0	0.5904230484754415	0	0	0	0	0	0
0	0	0.8117911706434028	2.083921513438916	0	0.2803424438846452	0	0	0	0	0	0
0	0	1.635550237832726	1.222484838938233	0	0.5722638784687657	0	0	0	0	0	0
0	0	0.9999999999999999	2	0	0.3333333333333334	0	0	0	0	0	0
0	0	0.9999999999999999	2	0	0.3333333333333334	0	0	0	0	0	0
1	0	1	1.983681686368214	1	0.3351563957270577	1	0	-1	1	0.3351563957270578	-3.561431729815046
0	0	0	3	0	0	0	0	0	0	0	0
2	0	1.130082573687215	1.40948846808025	1	0.444989549455845	1.76978217925654	0	-1.76978217925654	1	0.1980156991249158	-6.302958408065463
0	0	0.7712691454263244	2.228730854573675	0	0.2570897151421082	0	0	0	0	0	0
0	0	0.9999999999999999	2	0	0.3333333333333334	0	0	0	0	0	0
0	0	0.9999999999999999	2	0	0.3333333333333334	0	0	0	0	0	0
0	0	0.8642810924064012	2.067859453796799	0	0.2947611408073703	0	0	0	0	0	0
0	0	0.8117911706434028	2.083921513438916	0	0.2803424438846452	0	0	0	0	0	0
0	0	0.9999999999999999	2	0	0.3333333333333334	0	0	0	0	0	0
0	0	0.1882088293565972	2.811791170643402	0	0.06273627645219908	0	0	0	0	0	0
1	0	0.7712691454263245	2.228730854573675	1	0.2570897151421082	1.296564248589567	0	-1.296564248589567	1	0.2570897151421081	-4.617625054670688
0	0	0.9999999999999999	2	0	0.3333333333333334	0	0	0	0	0	0
0	0	0.9999999999999999	2	0	0.3333333333333334	0	0	0	0	0	0
1	0	0.7553180113041337	2.244681988695866	1	0.2517726704347112	1.323945656046779	0	-1.323945656046779	1	0.2517726704347112	-4.715142067995798
3	0	0.9999999999999999	2	1	0.3333333333333334	3	0	-3	0.9999999999999999	0.0370370370370372	-10.68429518944514
0	0	0.9999999999999999	2	0	0.3333333333333334	0	0	0	0	0	0
0	0	0.7712691454263244	2.228730854573675	0	0.2570897151421082	0	0	0	0	0	0
0	0	0.1882088293565972	2.811791170643402	0	0.06273627645219908	0	0	0	0	0	0
0	0	0.8117911706434028	2.120349375559798	0	0.2768595699461212	0	0	0	0	0	0
0	0	0.7712691454263244	2.228730854573675	0	0.2570897151421082	0	0	0	0	0	0
0	0	0.9999999999999999	2	0	0.3333333333333334	0	0	0	0	0	0
0	0	0	1.271437815187197	0	0	0	0	0	0	0	0
0	0	0.8642810924064012	2.067859453796799	0	0.2947611408073703	0	0	0	0	0	0
0	0	0.9999999999999999	1.9321405462032	0	0.3410477718385259	0	0	0	0	0	0
0	0	0	3	0	0	0	0	0	0	0	0
1	1	0.9971868775437283	2.002813122456272	0.5	0.3323956258479094	1.002821058439117	0.4992977072037501	-0.5035233512353672	0.8895131479171765	0.5543043996129955	-1.793264039792443
1	0	0.7712691454263245	2.228730854573675	1	0.2570897151421082	1.296564248589567	0	-1.296564248589567	1	0.2570897151421081	-4.617625054670688
0	0	0.9999999999999999	2	0	0.3333333333333334	0	0	0	0	0	0
0	0	0	1.271437815187197	0	0	0	0	0	0	0	0
0	0	0.7712691454263244	2	0	0.2783090003001764	0	0	0	0	0	0
0	0	0.9999999999999999	2	0	0.3333333333333334	0	0	0	0	0	0
0	0	0.7712691454263244	2.228730854573675	0	0.2570897151421082	0	0	0	0	0	0
0	0	0.9482026058453171	2.051797394154682	0	0.3160675352817724	0	0	0	0	0	0
0	0	0.7712691454263244	2.228730854573675	0	0.2570897151421082	0	0	0	0	0	0
0	0	0.8117911706434028	1.416939683930272	0	0.3642392121854871	0	0	0	0	0	0
0	0	0.7712691454263244	2.228730854573675	0	0.2570897151421082	0	0	0	0	0	0
0	0	0.9999999999999999	2	0	0.3333333333333334	0	0	0	0	0	0
0	0	0.8642810924064012	2.067859453796799	0	0.2947611408073703	0	0	0	0	0	0
1	0	1	1.967523687600047	1	0.3369813033602907	1	0	-1	1	0.3369813033602906	-3.561431729815046
1	2	0.8241331829479901	2.149928525604327	0.3333333333333333	0.2771069546331482	1.213396112049415	0.9302634837303796	-0.283132628319035	0.8121923312286607	0.6222346330546885	-1.008357526241341
0	0	0.9999999999999999	1.9321405462032	0	0.3410477718385259	0	0	0	0	0	0
0	0	0.8117911706434028	1.416939683930272	0	0.3642392121854871	0	0	0	0	0	0
0	0	0.9999999999999999	2	0	0.3333333333333334	0	0	0	0	0	0
0	0	0.9999999999999999	2	0	0.3333333333333334	0	0	0	0	0	0
0	0	0.7712691454263244	2.228730854573675	0	0.2570897151421082	0	0	0	0	0	0
1	0	1	2	1	0.3333333333333333	1	0	-1	1	0.3333333333333333	-3.561431729815046
0	0	0.8117911706434028	2.083921513438916	0	0.2803424438846452	0	0	0	0	0	0
0	0	0.7712691454263244	2.228730854573675	0	0.2570897151421082	0	0	0	0	0	0
0	0	0.9999999999999999	2	0	0.3333333333333334	0	0	0	0	0	0
0	0	0.8117911706434028	1.416939683930272	0	0.3642392121854871	0	0	0	0	0	0
0	0	0.9999999999999999	2	0	0.3333333333333334	0	0	0	0	0	0
0	0	0.9999999999999999	2	0	0.3333333333333334	0	0	0	0	0	0
0	0	0.9132340686553649	2.086765931344635	0	0.304411356218455	0	0	0	0	0	0
1	2	0.7712691454263245	2.228730854573675	0.3333333333333333	0.2570897151421082	1.296564248589567	0.8973717018794409	-0.3991925467101263	0.8356993870896801	0.5899761565233888	-1.421697002159119
0	0	0.8117911706434028	1.416939683930272	0	0.3642392121854871	0	0	0	0	0	0
0	0	0.9132340686553649	2.086765931344635	0	0.304411356218455	0	0	0	0	0	0
1	0	0.7712691454263245	2.228730854573675	1	0.2570897151421082	1.296564248589567	0	-1.296564248589567	1	0.2570897151421081	-4.617625054670688
0	0	0.9999999999999999	2	0	0.3333333333333334	0	0	0	0	0	0
1	0	0.8369119018259552	2.058800782256363	1	0.2890175901865006	1.194868895780097	0	-1.194868895780097	1	0.2890175901865006	-4.255443998400305
0	0	1.771269145426324	1.228730854573675	0	0.5904230484754415	0	0	0	0	0	0
0	0	0.7712691454263244	2.228730854573675	0	0.2570897151421082	0	0	0	0	0	0
2	0	0.957651359201498	1.94356523542441	1	0.3300861304100532	2.088442710160852	0	-2.088442710160852	0.9999999999999999	0.1089568534890828	-7.437846133867786
1	0	1.60818104725228	1.204612710212023	1	0.5717379893156597	0.6218205355103449	0	-0.6218205355103449	1	0.5717379893156597	-2.214571385417126
0	0	0.9132340686553649	2.086765931344635	0	0.304411356218455	0	0	0	0	0	0
0	1	0.95096529845563	2.024517350772185	0	0.319600350787601	0	0.4939448899356595	0.4939448899356595	0.6803996492123989	0.3196003507876011	1.759151003796859
0	0	0.8117911706434028	2.083921513438916	0	0.2803424438846452	0	0	0	0	0	0
2	0	1	2	1	0.3333333333333333	2	0	-2	1	0.1111111111111109	-7.122863459630092
0	0	0.7712691454263244	2.228730854573675	0	0.2570897151421082	0	0	0	0	0	0
0	0	0.8642810924064012	2.067859453796799	0	0.2947611408073703	0	0	0	0	0	0
0	0	0.8117911706434028	2.083921513438916	0	0.2803424438846452	0	0	0	0	0	0
0	0	0.7712691454263244	2.228730854573675	0	0.2570897151421082	0	0	0	0	0	0
0	0	0.7712691454263244	2.228730854573675	0	0.2570897151421082	0	0	0	0	0	0
1	0	0.8453166924316894	1.383414162141986	1	0.3792816394572625	1.182988587535565	0	-1.182988587535565	1	0.3792816394572625	-4.213133091658246
1	0	0.9132340686553648	2.086765931344635	1	0.3044113562184551	1.095009520913284	0	-1.095009520913284	1	0.3044113562184551	-3.899801652230141
0	0	0.8117911706434028	2.120349375559798	0	0.2768595699461212	0	0	0	0	0	0
0	0	0.8117911706434028	2.083921513438916	0	0.2803424438846452	0	0	0	0	0	0
0	0	0.8117911706434028	2.120349375559798	0	0.2768595699461212	0	0	0	0	0	0
0	0	0.7712691454263244	2.228730854573675	0	0.2570897151421082	0	0	0	0	0	0
1	0	0.9999999999999999	1.772248535923698	1	0.3607180189805044	1	0	-1	1	0.3607180189805044	-3.561431729815047
0	0	0.8117911706434028	2.120349375559798	0	0.2768595699461212	0	0	0	0	0	0
2	0	0.9999999999999999	2	1	0.3333333333333334	2	0	-2	1	0.111111111111111	-7.122863459630094
0	0	0.8117911706434028	2.120349375559798	0	0.2768595699461212	0	0	0	0	0	0
1	0	0.9999999999999999	1.9992340207363	1	0.333418463876488	1	0	-1	1	0.333418463876488	-3.561431729815047
0	0	0.8957126840823187	2	0	0.309323742305663	0	0	0	0	0	0
0	0	0.9132340686553649	2.086765931344635	0	0.304411356218455	0	0	0	0	0	0
0	0	0.8642810924064012	1.364449762167274	0	0.3877906973974773	0	0	0	0	0	0
0	0	0.7712691454263244	2.228730854573675	0	0.2570897151421082	0	0	0	0	0	0
1	0	1	2	1	0.3333333333333333	1	0	-1	1	0.3333333333333333	-3.561431729815046
0	0	0.8642810924064012	2.067859453796799	0	0.2947611408073703	0	0	0	0	0	0
0	0	0.8117911706434028	2.083921513438916	0	0.2803424438846452	0	0	0	0	0	0
0	0	0.7712691454263244	2	0	0.2783090003001764	0	0	0	0	0	0
0	0	0.9999999999999999	2	0	0.3333333333333334	0	0	0	0	0	0
1	0	0.8588042767424715	2.073336269460729	1	0.2928932850284167	1.164409664787765	0	-1.164409664787765	1	0.2928932850284167	-4.146965526678446
0	0	0.7712691454263244	2.228730854573675	0	0.2570897151421082	0	0	0	0	0	0
3	0	1	2	1	0.3333333333333333	3	0	-3	1	0.03703703703703698	-10.68429518944514
0	0	0.8117911706434028	2.083921513438916	0	0.2803424438846452	0	0	0	0	0	0
0	0	0.1882088293565972	2.811791170643402	0	0.06273627645219908	0	0	0	0	0	0
0	0	0.7712691454263244	2.228730854573675	0	0.2570897151421082	0	0	0	0	0	0
0	0	0.9999999999999999	2	0	0.3333333333333334	0	0	0	0	0	0
0	0	0	1.271437815187197	0	0	0	0	0	0	0	0
2	0	1	1.817429998025945	1	0.3549333969967871	2	0	-2	0.9999999999999998	0.125977716303679	-7.122863459630092
0	0	0.7712691454263244	2	0	0.2783090003001764	0	0	0	0	0	0
0	0	0.7712691454263244	2.228730854573675	0	0.2570897151421082	0	0	0	0	0	0
0	0	0.9999999999999999	2	0	0.3333333333333334	0	0	0	0	0	0
0	0	0.8642810924064012	2.067859453796799	0	0.2947611408073703	0	0	0	0	0	0
0	0	0.9999999999999999	2	0	0.3333333333333334	0	0	0	0	0	0
0	0	0.9999999999999999	2	0	0.3333333333333334	0	0	0	0	0	0
0	0	0.9999999999999999	2	0	0.3333333333333334	0	0	0	0	0	0
0	0	0.9999999999999999	2	0	0.3333333333333334	0	0	0	0	0	0
0	0	1.771269145426324	1.228730854573675	0	0.5904230484754415	0	0	0	0	0	0
0	0	0.8642810924064012	2.067859453796799	0	0.2947611408073703	0	0	0	0	0	0
0	0	0.7712691454263244	2.228730854573675	0	0.2570897151421082	0	0	0	0	0	0
0	0	0.8117911706434028	1.416939683930272	0	0.3642392121854871	0	0	0	0	0	0
1	0	0.7712691454263245	2.228730854573675	1	0.2570897151421082	1.296564248589567	0	-1.296564248589567	1	0.2570897151421081	-4.617625054670688
0	0	0.9999999999999999	2	0	0.3333333333333334	0	0	0	0	0	0
0	0	0.9132340686553649	2.086765931344635	0	0.304411356218455	0	0	0	0	0	0
0	0	0.7712691454263244	2.228730854573675	0	0.2570897151421082	0	0	0	0	0	0
0	0	1.771269145426324	1.228730854573675	0	0.5904230484754415	0	0	0	0	0	0
0	0	0.9999999999999999	2	0	0.3333333333333334	0	0	0	0	0	0
1	0	0.7712691454263245	2.228730854573675	1	0.2570897151421082	1.296564248589567	0	-1.296564248589567	1	0.2570897151421081	-4.617625054670688
0	0	0.9999999999999999	1.771269145426324	0	0.3608454998499118	0	0	0	0	0	0
0	0	0.8117911706434028	2.120349375559798	0	0.2768595699461212	0	0	0	0	0	0
0	0	0	3	0	0	0	0	0	0	0	0
0	0	0.7712691454263244	2.228730854573675	0	0.2570897151421082	0	0	0	0	0	0
0	0	0.8117911706434028	2.083921513438916	0	0.2803424438846452	0	0	0	0	0	0
1	0	1.770887200444732	1.228713276814104	1	0.5903743561419368	0.5646887050450559	0	-0.5646887050450559	1	0.5903743561419368	-2.011100271615632
0	0	0.7712691454263244	2.228730854573675	0	0.2570897151421082	0	0	0	0	0	0
0	0	0.8117911706434028	2.120349375559798	0	0.2768595699461212	0	0	0	0	0	0
0	1	0.863192620214553	2.032520063867766	0	0.2980933242995782	0	0.4920000632599212	0.4920000632599212	0.7019066757004218	0.2980933242995782	1.752224636364893
0	0	0.9999999999999999	2	0	0.3333333333333334	0	0	0	0	0	0
0	1	0.8866674768502177	2.036864247321818	0	0.3032864222129582	0	0.490950735334893	0.490950735334893	0.6967135777870418	0.3032864222129582	1.748487526597717
0	0	0.8642810924064012	2.031431591675917	0	0.2984692152496133	0	0	0	0	0	0
0	0	0.8117911706434028	1.416939683930272	0	0.3642392121854871	0	0	0	0	0	0
0	0	1.771269145426324	1.228730854573675	0	0.5904230484754415	0	0	0	0	0	0
0	0	0.9482026058453171	2.051797394154682	0	0.3160675352817724	0	0	0	0	0	0
0	0	0.8117911706434028	2.120349375559798	0	0.2768595699461212	0	0	0	0	0	0
0	0	0.7712691454263244	2.228730854573675	0	0.2570897151421082	0	0	0	0	0	0
0	0	0.9999999999999999	2	0	0.3333333333333334	0	0	0	0	0	0
0	0	0.8642810924064012	2.067859453796799	0	0.2947611408073703	0	0	0	0	0	0
1	0	0.7712691454263243	2.228730854573675	1	0.2570897151421082	1.296564248589567	0	-1.296564248589567	1	0.2570897151421081	-4.617625054670689
0	0	0	3	0	0	0	0	0	0	0	0
0	0	0.9999999999999999	2	0	0.3333333333333334	0	0	0	0	0	0
0	0	0.7712691454263244	2.228730854573675	0	0.2570897151421082	0	0	0	0	0	0
0	0	0.9999999999999999	2	0	0.3333333333333334	0	0	0	0	0	0
1	0	0.7712691454263243	2.086765931344635	1	0.269859929885015	1.296564248589567	0	-1.296564248589567	1	0.2698599298850151	-4.617625054670689
0	0	0.7712691454263244	2.228730854573675	0	0.2570897151421082	0	0	0	0	0	0
0	0	0.8117911706434028	2.083921513438916	0	0.2803424438846452	0	0	0	0	0	0
1	0	0.1964571834122578	2.803542816587743	1	0.06548572780408592	5.090167651958741	0	-5.090167651958741	1	0.0654857278040859	-18.12828458576401
0	0	0.7712691454263244	2	0	0.2783090003001764	0	0	0	0	0	0
0	0	0.7712691454263244	2.228730854573675	0	0.2570897151421082	0	0	0	0	0	0
0	0	0.8117911706434028	2.083921513438916	0	0.2803424438846452	0	0	0	0	0	0
0	0	0.7712691454263244	2.086765931344635	0	0.269859929885015	0	0	0	0	0	0
0	0	0.7712691454263244	2.228730854573675	0	0.2570897151421082	0	0	0	0	0	0
0	0	0.7712691454263244	2.228730854573675	0	0.2570897151421082	0	0	0	0	0	0
0	0	0.9999999999999999	2	0	0.3333333333333334	0	0	0	0	0	0
0	0	0.7712691454263244	2.086765931344635	0	0.269859929885015	0	0	0	0	0	0
0	0	0.1882088293565972	2.811791170643402	0	0.06273627645219908	0	0	0	0	0	0
1	0	1	1.971412034617581	1	0.3365403344772746	1	0	-1	1	0.3365403344772746	-3.561431729815046
0	0	0.9999999999999999	1.771269145426324	0	0.3608454998499118	0	0	0	0	0	0
0	0	0.9132340686553649	2.086765931344635	0	0.304411356218455	0	0	0	0	0	0
0	0	0.8957126840823187	2	0	0.309323742305663	0	0	0	0	0	0
0	0	0.7712691454263244	2.228730854573675	0	0.2570897151421082	0	0	0	0	0	0
0	0	0.9999999999999999	1.9321405462032	0	0.3410477718385259	0	0	0	0	0	0
0	0	0.9999999999999999	2	0	0.3333333333333334	0	0	0	0	0	0
0	0	0.7712691454263244	2	0	0.2783090003001764	0	0	0	0	0	0
0	0	0.7712691454263244	2.228730854573675	0	0.2570897151421082	0	0	0	0	0	0
1	0	0.7712691454263245	2.228730854573675	1	0.2570897151421082	1.296564248589567	0	-1.296564248589567	1	0.2570897151421081	-4.617625054670688
0	1	0.7712691454263245	2.228730854573675	0	0.2570897151421082	0	0.4486858509397205	0.4486858509397205	0.7429102848578919	0.2570897151421081	1.597964026255785
3	0	1	2	1	0.3333333333333333	3	0	-3	1	0.03703703703703698	-10.68429518944514
0	0	0.7712691454263244	2	0	0.2783090003001764	0	0	0	0	0	0
1	0	0.8980753682392423	2.002331512001328	1	0.3096377181965424	1.11349229181131	0	-1.11349229181131	1	0.3096377181965424	-3.965626778961274
1	0	0.7712691454263245	2.228730854573675	1	0.2570897151421082	1.296564248589567	0	-1.296564248589567	1	0.2570897151421081	-4.617625054670688
0	0	0.8117911706434028	2.120349375559798	0	0.2768595699461212	0	0	0	0	0	0
0	0	0.9999999999999999	2	0	0.3333333333333334	0	0	0	0	0	0
0	0	1.583060316069727	1.188208829356597	0	0.5712401910447402	0	0	0	0	0	0
0	0	0.7712691454263244	2.228730854573675	0	0.2570897151421082	0	0	0	0	0	0
0	0	0.7712691454263244	2.228730854573675	0	0.2570897151421082	0	0	0	0	0	0
1	0	1.141964923229041	1.82081921384709	1	0.3854364241182979	0.8756836393646681	0	-0.8756836393646681	1	0.3854364241182979	-3.118687498513245
0	0	0.7712691454263244	2.228730854573675	0	0.2570897151421082	0	0	0	0	0	0
0	0	0.8642810924064012	1.364449762167274	0	0.3877906973974773	0	0	0	0	0	0