dN/dS,LRT,p-value,Log(L)
1,0,1,0
3.56177816643962,1.096564567187819,0.1475106381576308,-11.75949516441441
1,0,1,0
1,0,1,0
1,0,1,0
1,0,1,0
1,0,1,0
1,0,1,0
1,0,1,0
1,0,1,0
5.64667360488876e-15,0.2797361026062539,0.2984371183087526,-11.63483539082694
2.804502661847769e-15,0.6219435392429062,0.2151629851825654,-10.83236142810045
5.64667360488876e-15,0.2891370105674191,0.2953870428124372,-10.57978789723203
1,0,1,0
5.64667360488876e-15,0.4882143701787989,0.2423624580365457,-11.40348775154518
1,0,1,0
1,0,1,0
1,0,1,0
3.90034471982268,1.231575415460394,0.1335504379933647,-12.69706691436743
1.038263951005382e-15,0.5846291610749716,0.2222517682771348,-10.25021410283112
1,0,1,0
1,0,1,0
1,0,1,0
1,0,1,0
1,0,1,0
1,0,1,0
1,0,1,0
1,0,1,0
1,0,1,0
1,0,1,0
1,0,1,0
4.936130869128893e-15,0.7547625900035939,0.1924862715321436,-10.30219780313137
1,0,1,0
1,0,1,0
1,0,1,0
1,0,1,0
1,0,1,0
1,0,1,0
1,0,1,0
1,0,1,0
2.269969926313108e-14,0.288966425016298,0.2954418159675553,-10.59714037204013
1,0,1,0
1,0,1,0
1,0,1,0
1,0,1,0
3.430270465319697,1.044519424705914,0.153386348937343,-9.946933081772848
3.282937561334327,0.9823519710613304,0.1608094157378658,-9.205644259955172
1,0,1,0
1,0,1,0
1,0,1,0
2.804502661847769e-15,0.647940179198816,0.210425041651564,-10.13368378382659
1.038263951005382e-15,0.6017201457142569,0.2189612321229183,-10.62014173140109
1,0,1,0
1,0,1,0
1,0,1,0
3.446579621838697,1.051125912468592,0.1526239608134208,-18.2923036228714
1,0,1,0
1,0,1,0
1,0,1,0
1,0,1,0
1,0,1,0
1,0,1,0
1,0,1,0
1,0,1,0
1,0,1,0
2.92443119348865,0.8269786997834316,0.1815738134640804,-8.990853854472055
1,0,1,0
4.0479524494288e-15,0.6219291386554389,0.2151656541025464,-10.14161687008835
2.984814943600726,0.8538148714065876,0.1777376822954428,-9.793902191348961
2.72867206679489,0.7378672118843639,0.1951724719711159,-16.4372977015498
4.936130869128893e-15,0.5846291610752381,0.2222517682770829,-11.50172066735904
1,0,1,0
5.766226733143373,1.844091807842521,0.08723605934193041,-10.53935414373605
1,0,1,0
1,0,1,0
1,0,1,0
1,0,1,0
3.103387222711092,0.9058072496932361,0.170614665870106,-8.799481081338799
1,0,1,0
1,0,1,0
1,0,1,0
2.269969926313108e-14,0.2891369521605895,0.2953870615626665,-18.54367864732016
1,0,1,0
1,0,1,0
1,0,1,0
1,0,1,0
1,0,1,0
1,0,1,0
4.936130869128893e-15,0.6747364579733528,0.2057025599896855,-9.517613054826954
4.936130869128893e-15,0.5846291610749681,0.2222517682771355,-10.244375635263
6.884482829115093,4.278457682152549,0.01929917859222258,-17.93726674138201
1,0,1,0
1,0,1,0
1,0,1,0
1,0,1,0
1,0,1,0
1,0,1,0
2.804502661847769e-15,0.5662748220354956,0.2258715058692117,-9.914602906687763
1,0,1,0
1,0,1,0
1,0,1,0
1,0,1,0
1,0,1,0
1,0,1,0
1,0,1,0
1,0,1,0
4.936130869128893e-15,0.7375759359012335,0.195219250257031,-10.46374711198299
1,0,1,0
3.021309955587892,0.8706671811074962,0.1753853354903782,-9.785305827537865
1,0,1,0
1,0,1,0
1,0,1,0
1,0,1,0
1,0,1,0
1,0,1,0
1,0,1,0
1,0,1,0
2.093959926088373e-15,0.6017201456722248,0.2189612321309185,-9.516273370603891
3.50737091326025,1.077406472798629,0.1496392355429404,-13.3913775814939
1,0,1,0
1,0,1,0
2.804502661847769e-15,0.6673660460365305,0.2069857166238387,-10.27399391192588
1,0,1,0
1,0,1,0
2.80161584510856,0.7715931184338949,0.1898623296151489,-9.890241263414289
1,0,1,0
1,0,1,0
1,0,1,0
1,0,1,0
1,0,1,0
1,0,1,0
1.028145822447522e-15,0.7674833974178021,0.1904983555954703,-12.77636902471838
2.449231293967717e-15,0.585696460228494,0.2220440563406927,-12.67776871492586
1,0,1,0
1,0,1,0
2.804502661847769e-15,0.4882141933369653,0.2423624975864516,-11.39988764164553
1,0,1,0
1,0,1,0
1,0,1,0
1,0,1,0
1,0,1,0
1,0,1,0
1,0,1,0
1,0,1,0
1,0,1,0
1.038263951005382e-15,0.6017201467721591,0.2189612319215614,-9.384413569835882
1,0,1,0
1,0,1,0
1,0,1,0
1,0,1,0
1,0,1,0
1,0,1,0
8.289562832788892,4.921351246437972,0.01326338109491482,-16.09847833594209
3.014495425146067,0.8676341224105677,0.1758055586576048,-10.47852183344937
1,0,1,0
1,0,1,0
1,0,1,0
2.890873301600613,0.8119594972637145,0.1837707791270391,-10.0276436242559
4.936130869128893e-15,0.5022496943173884,0.2392566452343663,-10.35825870793668
3.623312361966492,1.121641231981922,0.1447826643069915,-12.57896881401099
1,0,1,0
1,0,1,0
1,0,1,0
1,0,1,0
1,0,1,0
1,0,1,0
1,0,1,0
1,0,1,0
1,0,1,0
4.936130869128893e-15,0.3010485036719359,0.2916129243323056,-10.76565420910877
1,0,1,0
1,0,1,0
1,0,1,0
1,0,1,0
1,0,1,0
1,0,1,0
1,0,1,0
1,0,1,0
1,0,1,0
7.090468378438804,2.192021474819427,0.06936357124074871,-11.76214440535463
4.936130869128893e-15,0.5931054235009832,0.2206103884901403,-9.935551840431469
1,0,1,0
3.433989336193549,1.045956921175346,0.1532200426404647,-10.35015978793876
1,0,1,0
1,0,1,0
1,0,1,0
1,0,1,0
6.13888574466988,3.888155280123527,0.02431390401292455,-16.22582313631069
1,0,1,0
1,0,1,0
2.98297717879724,0.8529959387002926,0.1778530903141541,-12.13375233246726
1,0,1,0
1,0,1,0
1,0,1,0
1,0,1,0
1,0,1,0
1,0,1,0
4.936130869128893e-15,0.6017201467721662,0.21896123192156,-10.63602027378738
2.804502661847769e-15,0.5919415148845815,0.2208346637753176,-9.496588424226603
3.407634529076251,1.03565032373082,0.1544176269190473,-10.17052189457027
2.804502661847769e-15,0.5846291279877249,0.2222517747210507,-11.48611509833195
2.801138004964792,0.771482584998985,0.1898793966392723,-11.02490619657376
1,0,1,0
1,0,1,0
1,0,1,0
1,0,1,0
1,0,1,0
3.612203082329435,1.11784425899322,0.1451915573665596,-10.01697109587897
1,0,1,0
1,0,1,0
1,0,1,0
1,0,1,0
1,0,1,0
1,0,1,0
9.137688919831245,5.262698536053794,0.01089360606427797,-13.68769023319196
1,0,1,0
1,0,1,0
1,0,1,0
1,0,1,0
1,0,1,0
1,0,1,0
1,0,1,0
7.483337771367348,4.556628560276387,0.01639578213101822,-18.25692651012312
1,0,1,0
1,0,1,0
1,0,1,0
1,0,1,0
4.936130869128893e-15,0.5856964608091317,0.2220440562277739,-11.94147236063711
1,0,1,0
1,0,1,0
3.452246266437156,1.054998862600343,0.1521793032203423,-11.5484385842576
2.804502661847769e-15,0.5930663006264076,0.2206179214401124,-9.229002728408926
1,0,1,0
1,0,1,0
1,0,1,0
8.783834359186681,7.669988110621532,0.002807341351377612,-20.62058219678502
1,0,1,0
1,0,1,0
3.340435379765087,1.007319058839911,0.1577729836754184,-9.773036926769709
1,0,1,0
1,0,1,0
2.804502661847769e-15,0.6017201467721662,0.21896123192156,-9.939953749074672
1,0,1,0
1,0,1,0
15.42732370932469,17.83666063367953,1.203503485847079e-05,-30.98566495252857
1,0,1,0
1,0,1,0
1,0,1,0
1,0,1,0
1,0,1,0
1,0,1,0
1,0,1,0
8.48884454792928e-15,0.6017201451431831,0.2189612322316142,-16.48564015328306
1,0,1,0
1,0,1,0
1,0,1,0
1,0,1,0
1,0,1,0
1,0,1,0
2.093959926088373e-15,0.2987441734756828,0.2923353921767396,-10.88514807796665
1.028145822447522e-15,0.5394565160928231,0.2313290255693387,-10.34640388568318
3.421686160051701,1.039847862082144,0.1539284289281364,-12.32094573181583
1,0,1,0
1,0,1,0
1,0,1,0
1,0,1,0
1,0,1,0
1,0,1,0
4.936130869128893e-15,0.6673660460365269,0.2069857166238393,-10.55660540220313
4.936130869128893e-15,0.5846291610752381,0.2222517682770829,-11.50167453492988
1,0,1,0
1,0,1,0
1,0,1,0
1,0,1,0
1,0,1,0
1,0,1,0
1,0,1,0
1,0,1,0
1,0,1,0
1,0,1,0
1,0,1,0
1,0,1,0
1,0,1,0
2.297418525274005,0.5325401536042307,0.2327704398507675,-9.075893681343084
2.820291699863959,0.7800333460432327,0.1885654708137239,-10.28812921703901
1,0,1,0
2.986104938501775,0.8543980852120079,0.1776555554759914,-9.328690747129333
1,0,1,0
1,0,1,0
1,0,1,0
2.623466891646934,0.6892313118960836,0.2032129815928378,-9.372537862919485
1,0,1,0
1,0,1,0
1,0,1,0
4.936130869128893e-15,0.5018340399484771,0.2393476838109312,-13.01333325525
1,0,1,0
1,0,1,0
5.64667360488876e-15,0.5394420405453531,0.2313320274943368,-9.651982310099431
1,0,1,0
1,0,1,0
1,0,1,0
1,0,1,0
1,0,1,0
3.76376643139702,1.176989081306843,0.1389849061340352,-18.44682587458682
1,0,1,0
1,0,1,0
3.003249383796789,0.8618323139476054,0.1766132195770254,-10.96081751873186
1,0,1,0
1,0,1,0
1,0,1,0
1,0,1,0
3.44879272521298,1.051183034223797,0.1526173903946763,-9.382028173503155
1,0,1,0
1,0,1,0
4.0479524494288e-15,0.7190250324310661,0.1982319512717021,-10.04133342626439
1.038263951005382e-15,0.5389839130018927,0.231427065586523,-11.10007199994173
1,0,1,0
1,0,1,0
1,0,1,0
1,0,1,0
1,0,1,0
1,0,1,0
1,0,1,0
1,0,1,0
3.345921643640704,1.009584007927117,0.1575012592566079,-10.74173982178345
1,0,1,0
1,0,1,0
1,0,1,0
1,0,1,0
1,0,1,0
1,0,1,0
1.038263951005382e-15,0.3010002481324534,0.2916280167842186,-12.20341964931972
1,0,1,0
1,0,1,0
2.804502661847769e-15,0.7674833330403992,0.1904983655821735,-10.74663927227559
1,0,1,0
1,0,1,0
1,0,1,0
3.340434532786854,1.007318703660033,0.1577730263341973,-9.772831019538158
1,0,1,0
1,0,1,0
1,0,1,0
1,0,1,0
1,0,1,0
1,0,1,0
1,0,1,0
4.0479524494288e-15,0.6978541169948613,0.2017528414182276,-10.99379999943328
1,0,1,0
2.093959926088373e-15,0.7676539273446537,0.1904719043185595,-23.38539953993919
1,0,1,0
1,0,1,0
8.48884454792928e-15,0.6673660450268954,0.2069857168004203,-19.58641591252525
1,0,1,0
1,0,1,0
1,0,1,0
1,0,1,0
1,0,1,0
1,0,1,0
1,0,1,0
1,0,1,0
1,0,1,0
1,0,1,0
4.936130869128893e-15,0.6017201456180281,0.2189612321412341,-9.969988192596619
1,0,1,0
1,0,1,0
1,0,1,0
1,0,1,0
1,0,1,0
1,0,1,0
1,0,1,0
1,0,1,0
5.707310627798198,1.825214909738964,0.0883468918550116,-11.56510046205074
2.449231293967717e-15,0.5931242206693206,0.2206067693127922,-10.62262420631265
1,0,1,0
1.038263951005382e-15,0.6479433744148331,0.2104244689695624,-10.19429218204036
4.936130869128893e-15,0.7676539334596093,0.1904719033701482,-11.46170069492871
1,0,1,0
1,0,1,0
1,0,1,0
1,0,1,0
1,0,1,0
1,0,1,0
1,0,1,0
1,0,1,0
1,0,1,0
4.936130869128893e-15,0.5856964608448649,0.2220440562208246,-10.68342613229259
1,0,1,0
1,0,1,0
1,0,1,0
1.038263951005382e-15,0.5394638432411085,0.2313275060960671,-11.04618129112032
2.804502661847769e-15,0.5930666658786095,0.2206178511104599,-9.236491635395694
1,0,1,0
4.936130869128893e-15,0.5394566399704495,0.2313289998799842,-10.35265010766581
1,0,1,0
1,0,1,0
1,0,1,0
1,0,1,0
1,0,1,0
1,0,1,0
1,0,1,0
1,0,1,0
1,0,1,0
1,0,1,0
1.038263951005382e-15,0.5856964597088137,0.222044056441757,-16.36990309286869
1.028145822447522e-15,0.5930668725347914,0.2206178113186343,-9.238066653720116
1,0,1,0
1,0,1,0
1,0,1,0
1,0,1,0
1,0,1,0
1,0,1,0
1,0,1,0
1,0,1,0
1,0,1,0
1,0,1,0
4.400736561837643,1.413084360918756,0.1172725229779371,-11.48775712481053
1,0,1,0
1,0,1,0
1,0,1,0
1,0,1,0
1,0,1,0
1,0,1,0
4.936130869128893e-15,0.3592352422908327,0.2744656347096138,-10.32308725529646
2.093959926088373e-15,0.6746982128300658,0.2057091879884756,-9.113811260875163
1,0,1,0
1,0,1,0
1,0,1,0
1,0,1,0
1,0,1,0
1,0,1,0
1,0,1,0
1,0,1,0
1,0,1,0
1,0,1,0
1,0,1,0
1,0,1,0
1,0,1,0
2.804502661847769e-15,0.4654325733869484,0.2475479685012429,-10.63619164368842
1,0,1,0
1,0,1,0
4.936130869128893e-15,0.6673660450836287,0.2069857167904978,-9.842651376989968
3.10530615008296,0.9065644033149916,0.170513814986556,-11.1600281796768
1,0,1,0
1,0,1,0
1,0,1,0
1,0,1,0
1,0,1,0
1,0,1,0
1,0,1,0
1,0,1,0
1,0,1,0
1,0,1,0
1,0,1,0
1,0,1,0
1,0,1,0
1,0,1,0
1,0,1,0
1,0,1,0
1,0,1,0
1,0,1,0
1,0,1,0
1,0,1,0
1,0,1,0
1,0,1,0
1,0,1,0
1,0,1,0
1,0,1,0
6.198163694343228,3.920327740454621,0.02385278955682307,-14.26692869773002
3.558577625128334,1.095314922878195,0.1476482934436585,-9.64636462355489
1,0,1,0
1,0,1,0
1,0,1,0
1,0,1,0
1,0,1,0
1,0,1,0
1,0,1,0
1,0,1,0
1,0,1,0
1,0,1,0
1,0,1,0
1,0,1,0
1,0,1,0
4.127712061649143,1.314868893481929,0.1257575021428295,-16.05398561071498
1,0,1,0
1,0,1,0
1,0,1,0
1,0,1,0
1,0,1,0
1,0,1,0
1,0,1,0
1,0,1,0
3.029787226119045,0.8743206601048072,0.1748809689479398,-10.88126657611078
1,0,1,0
2.845566292431461,0.7911131496786687,0.1868818728309192,-10.83785769219927
1,0,1,0
1,0,1,0
1,0,1,0
1,0,1,0
1,0,1,0
1,0,1,0
1,0,1,0
1,0,1,0
2.983499621506815,0.8532247423864305,0.1778208358427416,-10.48764079919156
1,0,1,0
1,0,1,0
1,0,1,0
1,0,1,0
1,0,1,0
1,0,1,0
1,0,1,0
1,0,1,0
1,0,1,0
1,0,1,0
1,0,1,0
1,0,1,0
1,0,1,0
4.936130869128893e-15,0.3592168971852665,0.274470736368444,-10.02995123219906
1,0,1,0
1,0,1,0
1,0,1,0
1,0,1,0
1,0,1,0
1,0,1,0
1,0,1,0
1,0,1,0
1,0,1,0
1,0,1,0
1,0,1,0
1,0,1,0
1,0,1,0
4.936130869128893e-15,0.5394566409329009,0.2313289996803941,-10.35271694023696
1,0,1,0
1,0,1,0
1,0,1,0
1,0,1,0
1,0,1,0
1,0,1,0
5.957123857081971,3.787080089682313,0.02582483772251043,-14.75835073686436
1,0,1,0
1,0,1,0
1,0,1,0
1,0,1,0
3.875408520600903,1.222132241907147,0.1344713021553828,-10.81601724352974
1,0,1,0
3.347299772760723,1.010150920662177,0.1574333429331603,-10.04800866027453
3.325252466249434,1.000936167566834,0.1585420443786329,-11.42573262781656
1,0,1,0
1,0,1,0
1,0,1,0
1,0,1,0
1,0,1,0
1,0,1,0
1,0,1,0
1,0,1,0
1,0,1,0
1,0,1,0
4.936130869128893e-15,0.566271674349494,0.225872134497292,-9.855312543311413
1,0,1,0
1,0,1,0
1,0,1,0
1,0,1,0
1,0,1,0
1,0,1,0
3.734141368300771,1.165673057942403,0.1401460488420211,-9.929994291494719
1,0,1,0
1,0,1,0