Observed S Changes	Observed NS Changes	E[S Sites]	E[NS Sites]	Observed S. Prop.	P{S}	dS	dN	dN-dS	P{S leq. observed}	P{S geq. observed}	Scaled dN-dS
1	0	0.9999999999999994	1.999999999999999	1	0.3333333333333334	1.000000000000001	0	-1.000000000000001	1	0.3333333333333334	-0.2741295936072036
3	2	0.9999999999999996	1.999999999999999	0.6	0.3333333333333333	3.000000000000001	1	-2.000000000000001	0.9547325102880663	0.2098765432098761	-0.5482591872144071
1	0	1.772245473361538	1.227711235288352	1	0.590757016010116	0.5642559199788684	0	-0.5642559199788684	1	0.590757016010116	-0.1546792460342659
0	0	0.7722867690734305	2.086513995486949	0	0.2701436135904319	0	0	0	0	0	0
3	0	1.243203868904637	1.756796131095362	1	0.4144012896348792	2.413119903369704	0	-2.413119903369704	0.9999999999999997	0.07116448238284745	-0.6615075784361909
5	0	1	1.984167398335262	1	0.3351018446746173	5	0	-5	1	0.004225558248709294	-1.370647968036017
6	2	0.772707128703901	2.227292871296097	0.75	0.2575690429013005	7.76490830369857	0.8979510623747332	-6.866957241323837	0.9995339437721733	0.004972481368559656	-1.882436197882146
0	0	0.7722867690734305	2.227713230926568	0	0.257428923024477	0	0	0	0	0	0
1	0	0.9999999999999994	1.999999999999999	1	0.3333333333333334	1.000000000000001	0	-1.000000000000001	1	0.3333333333333334	-0.2741295936072036
3	0	1	2	1	0.3333333333333333	3	0	-3	1	0.03703703703703698	-0.8223887808216103
0	0	0.9999999999999994	1.999999999999999	0	0.3333333333333334	0	0	0	0	0	0
3	0	0.7722867690734305	2.227713230926568	1	0.257428923024477	3.884567391461752	0	-3.884567391461752	0.9999999999999999	0.01705972473413708	-1.064874880361204
2	0	0.9999999999999996	1.932924345406073	1	0.3409566297086147	2.000000000000001	0	-2.000000000000001	1	0.1162514233422574	-0.5482591872144071
8	0	0.9999999999999994	1.999999999999999	1	0.3333333333333334	8.000000000000005	0	-8.000000000000005	1	0.0001524157902758061	-2.193036748857629
2	5	0.6729753886573804	2.3177311065918	0.2857142857142857	0.2250222112154504	2.971876882437113	2.157282173837866	-0.8145947085992473	0.8063754468719574	0.4908707788199902	-0.22330451642289
2	0	0.9999999999999993	1.999999999999999	1	0.3333333333333333	2.000000000000001	0	-2.000000000000001	1	0.1111111111111109	-0.5482591872144073
1	4	0.8139399359472815	2.082736713784346	0.2	0.2809909542449937	1.228591884776089	1.920550002084504	0.6919581173084148	0.5676550827688853	0.8078361146660327	0.1896861974909614
1	0	0.9999999999999993	1.999999999999999	1	0.3333333333333333	1.000000000000001	0	-1.000000000000001	1	0.3333333333333333	-0.2741295936072036
2	0	0.9121412925903781	2.08785870740962	1	0.3040470975301262	2.192642758579897	0	-2.192642758579897	1	0.09244463751649401	-0.6010682683352848
8	2	0.9996922146780071	2.000307785321992	0.8	0.3332307382260025	8.002463040663708	0.9998461310183112	-7.002616909645396	0.9996453003006991	0.003396453761762674	-1.919624527628023
0	5	0.7722867690734305	2.227713230926568	0	0.257428923024477	0	2.244454057455304	2.244454057455304	0.2257824324644661	0.7742175675355338	0.6152712786402614
1	2	0.7723503158787834	2.227545657080766	0.3333333333333333	0.257459032860003	1.294749260071443	0.8978491613146246	-0.3969000987568182	0.8352759622746633	0.5905873493155285	-0.1088020627748655
0	8	0.8733015388235141	1.361230998599565	0	0.3908206858471742	0	5.877033367760803	5.877033367760803	0.01896536393205637	0.9810346360679436	1.611068768720243
0	2	0.9136458968975003	2.086354103102498	0	0.304548632299167	0	0.9586100446831696	0.9586100446831696	0.4836526048369593	0.5163473951630407	0.2627833819767804
0	0	0.8134257619866473	2.119229110966796	0	0.2773683904943972	0	0	0	0	0	0
6	0	0.9999999999999998	2	1	0.3333333333333334	6.000000000000002	0	-6.000000000000002	0.9999999999999999	0.001371742112482921	-1.644777561643221
0	0	0.9999999999999994	1.999999999999999	0	0.3333333333333334	0	0	0	0	0	0
2	0	0.7722867690734307	2.227713230926568	1	0.257428923024477	2.589711594307833	0	-2.589711594307833	1	0.06626965040954214	-0.7099165869074694
2	0	0.9999999999999994	1.999999999999999	1	0.3333333333333334	2.000000000000001	0	-2.000000000000001	1	0.111111111111111	-0.5482591872144073
1	0	0.9999999999999996	1.999999999999999	1	0.3333333333333333	1	0	-1	1	0.3333333333333333	-0.2741295936072036
8	0	0.8648303879168111	2.067824485036633	1	0.2948967489808476	9.250368756433577	0	-9.250368756433577	0.9999999999999996	5.719523890934664e-05	-2.535799827917908
4	0	1.770652207746931	1.229130480920384	1	0.5902601593229282	2.259054591578888	0	-2.259054591578888	0.9999999999999999	0.1213874764503442	-0.6192737171260075
3	0	0.9999999999999996	1.999999999999999	1	0.3333333333333333	3.000000000000001	0	-3.000000000000001	1	0.03703703703703698	-0.8223887808216107
3	0	0.8651657297329569	1.362547501193611	1	0.3883649464940828	3.467543728212609	0	-3.467543728212609	0.9999999999999997	0.05857604859205989	-0.9505563530301296
0	15	0.7747340493445254	2.225265950655473	0	0.2582446831148419	0	6.740767320679854	6.740767320679854	0.01132165769856756	0.9886783423014325	1.847843806218686
3	1	0.9999302622531042	2.000069737746894	0.75	0.3333100874177016	3.000209227831765	0.4999825661711745	-2.50022666166059	0.9876577644667753	0.1110904491557394	-0.6853861186869126
0	2	0.9999999999999996	1.774597373653281	0	0.3604126528395402	0	1.127016206432614	1.127016206432614	0.4090719746477546	0.5909280253522454	0.3089484946581045
1	6	0.833701727758412	2.166234597685265	0.1428571428571428	0.2779064744432905	1.199469746438834	2.76978310955393	1.570313363115096	0.3781422272424368	0.8976343714971066	0.4304693640667022
3	3	0.9982504692460763	2.001687225803443	0.5	0.3327570672195572	3.005257790928698	1.498735647271692	-1.506522143657007	0.9004309937001894	0.3184781021655134	-0.4129823030009482
2	9	0.8602827790726704	2.061670304963347	0.1818181818181818	0.2944204627284379	2.32481696559807	4.365392457917758	2.040575492319688	0.3272590514833679	0.879380031628491	0.5593821304344152
1	1	0.1894507876288203	2.810549212371178	0.5	0.06315026254294012	5.278415637728785	0.3558023448222524	-4.922613292906533	0.9960120443407577	0.1223125694266379	-1.349433981469885
2	0	0.7722867690734305	2.086513995486949	1	0.2701436135904319	2.589711594307834	0	-2.589711594307834	0.9999999999999999	0.0729775719636967	-0.7099165869074696
0	12	0.7725601546915419	2.227336118696241	0	0.2575289557658904	0	5.387601763053226	5.387601763053226	0.02806430258851685	0.9719356974114831	1.476901081823234
3	2	0.7732024628588731	2.226797537141126	0.6	0.2577341542862911	3.879966947994018	0.8981508047506195	-2.981816143243399	0.9824863796841662	0.1118403715987722	-0.8174040475587117
1	0	0.9999999999999994	1.999999999999999	1	0.3333333333333334	1.000000000000001	0	-1.000000000000001	1	0.3333333333333334	-0.2741295936072036
4	1	0.7722867690734307	2.227643223555678	0.8	0.2574349304720296	5.179423188615667	0.448904918626888	-4.730518269988779	0.998869326086096	0.01743768695118086	-1.296775050903475
3	6	0.9045670990465242	1.332638513675941	0.3333333333333333	0.4043289959145742	3.316503555305301	4.502346239003433	1.185842683698132	0.4717722253344141	0.7762683378833972	0.3250745729642444
1	1	0.9136459905219024	2.086354009478097	0.5	0.3045486635073009	1.094515830391561	0.4793050438502288	-0.6152107865413319	0.9072501115559166	0.5163474385705187	-0.1686474828973433
1	1	0.9999466115380621	2.000053388461936	0.5	0.3333155371793542	1.000053391312418	0.4999866532407974	-0.5000667380716205	0.8889007526748386	0.555531827033547	-0.1370830916840532
1	0	0.7722867690734304	2.227713230926568	1	0.257428923024477	1.294855797153917	0	-1.294855797153917	1	0.257428923024477	-0.3549582934537349
3	0	0.9999999999999994	1.936562768813533	1	0.3405341818741481	3.000000000000002	0	-3.000000000000002	1	0.03948954548366357	-0.8223887808216108
2	5	0.8144175037784339	2.10998735962476	0.2857142857142857	0.2784899977326253	2.455742896881683	2.369682442500129	-0.08606045438155396	0.695263014215509	0.6231936036458732	-0.02359171738526666
4	0	0.7722867690734307	2.227713230926569	1	0.257428923024477	5.179423188615667	0	-5.179423188615667	0.9999999999999997	0.004391666565403241	-1.419833173814939
2	0	0.7722867690734309	2.08651399548695	1	0.2701436135904319	2.589711594307833	0	-2.589711594307833	1	0.07297757196369636	-0.7099165869074693
2	0	0.9999999999999994	1.999999999999999	1	0.3333333333333334	2.000000000000001	0	-2.000000000000001	1	0.111111111111111	-0.5482591872144073
5	0	1.772171840112327	1.227687889476609	1	0.5907515683592192	2.821396823280455	0	-2.821396823280455	0.9999999999999998	0.07194894272851005	-0.7734283645705261
1	2	0.1881591769284126	2.811840823071586	0.3333333333333333	0.06271972564280424	5.314649098302879	0.7112778161515022	-4.603371282151377	0.988692157241603	0.1766046095721513	-1.261920298799228
0	0	0.7722867690734305	2.227713230926568	0	0.257428923024477	0	0	0	0	0	0
1	0	0.9999999999999994	1.999999999999999	1	0.3333333333333334	1.000000000000001	0	-1.000000000000001	1	0.3333333333333334	-0.2741295936072036
0	0	1.77228676907343	1.227713230926568	0	0.5907622563578103	0	0	0	0	0	0
1	0	1.637564531912464	1.221182902452757	1	0.5728258859901982	0.6106629574054886	0	-0.6106629574054886	1	0.5728258859901982	-0.1674007883445396
7	0	0.9999999999999996	1.933957128305678	1	0.3408366094897531	7.000000000000004	0	-7.000000000000004	1	0.0005343473442339652	-1.918907155250425
1	0	0.7722867690734305	2.227713230926568	1	0.257428923024477	1.294855797153917	0	-1.294855797153917	1	0.2574289230244771	-0.3549582934537348
2	0	0.9999999999999996	1.999999999999999	1	0.3333333333333333	2.000000000000001	0	-2.000000000000001	1	0.1111111111111109	-0.5482591872144071
3	3	0.8362926075441517	1.631052498715074	0.5	0.3389443193101049	3.587261172629242	1.839303150795802	-1.74795802183344	0.8942277052248129	0.3307446729287191	-0.4791670221676523
1	0	0.7722867690734306	2.086513995486949	1	0.2701436135904319	1.294855797153917	0	-1.294855797153917	1	0.2701436135904319	-0.3549582934537348
1	0	0.7722867690734305	2.227713230926568	1	0.257428923024477	1.294855797153917	0	-1.294855797153917	1	0.257428923024477	-0.3549582934537348
0	3	0.9897953308565737	2.010204669143425	0	0.3299317769521914	0	1.492385350631157	1.492385350631157	0.3008548853341137	0.6991451146658862	0.409106989673863
2	1	0.7725674404552549	2.227432559544744	0.6666666666666666	0.2575224801517517	2.588770760027693	0.4489473747319137	-2.13982338529578	0.9829216685109141	0.1647968203723558	-0.5865889150023225
3	1	0.8135533303860909	1.416363033353752	0.75	0.3648358044342355	3.687527157655761	0.7060336767136165	-2.981493480942145	0.9822830152640429	0.141095164409039	-0.8173155962731965
3	0	0.7722867690734309	2.227713230926569	1	0.257428923024477	3.88456739146175	0	-3.88456739146175	0.9999999999999999	0.01705972473413708	-1.064874880361204
0	0	0.8653097459068886	2.031366903824739	0	0.2987250047350153	0	0	0	0	0	0
2	3	0.8160688110111591	2.092652035755815	0.4	0.2805593434372414	2.45077372522285	1.433587595424804	-1.017186129798046	0.8616693525196597	0.4314431904528917	-0.2788408203844224
0	0	0	1.269380508186221	0	0	0	0	0	0	0	0
1	0	0.7722867690734306	2.227713230926568	1	0.257428923024477	1.294855797153917	0	-1.294855797153917	1	0.2574289230244771	-0.3549582934537348
2	0	1.000237968444104	1.999762031555895	1	0.3334126561480348	1.999524176342807	0	-1.999524176342807	1	0.1111639992796877	-0.548128749868632
1	0	0.7722867690734305	2.227713230926568	1	0.257428923024477	1.294855797153917	0	-1.294855797153917	1	0.257428923024477	-0.3549582934537348
0	4	0.9996000730628651	2.000399926937134	0	0.3332000243542885	0	1.999600153017656	1.999600153017656	0.1976889074209552	0.8023110925790449	0.5481495773236319
0	0	0.8134257619866473	2.119229110966796	0	0.2773683904943972	0	0	0	0	0	0
7	0	1.067576640714036	1.562451551400919	1	0.4059183258623312	6.556906298847202	0	-6.556906298847202	1	0.001815810867445977	-1.797442059023496
3	0	0.7722867690734307	2.227713230926568	1	0.257428923024477	3.88456739146175	0	-3.88456739146175	0.9999999999999998	0.01705972473413719	-1.064874880361204
1	4	0.8290924706058432	2.075367868164697	0.2	0.2854549120670034	1.206138079229292	1.927369148071714	0.7212310688424219	0.5583434818809774	0.813727737216306	0.1977107797986621
3	0	0.9999999999999996	1.999999999999999	1	0.3333333333333333	3.000000000000001	0	-3.000000000000001	1	0.03703703703703698	-0.8223887808216107
0	2	0.772286769073431	2.024618539246224	0	0.2761218861347191	0	0.9878404060967507	0.9878404060967507	0.5239995237331567	0.4760004762668433	0.2707962890720771
0	0	0.7722867690734305	2.227713230926568	0	0.257428923024477	0	0	0	0	0	0
1	4	0.7722994425953937	2.227668727000986	0.2	0.2574358789611091	1.294834548422558	1.79559911737192	0.5007645689493623	0.6171304959361135	0.7742281422732148	0.1372743877789751
0	0	0.7722867690734305	2.086513995486949	0	0.2701436135904319	0	0	0	0	0	0
0	0	0.7722867690734305	1.999999999999999	0	0.2785739115046705	0	0	0	0	0	0
1	0	0.9999999999999997	1.999999999999999	1	0.3333333333333333	1	0	-1	1	0.3333333333333333	-0.2741295936072036
0	0	0.7722867690734305	1.999999999999999	0	0.2785739115046705	0	0	0	0	0	0
0	1	0.7722867690734306	2.218419726175749	0	0.2582288734451976	0	0.4507713252820118	0.4507713252820118	0.7417711265548024	0.2582288734451976	0.1235697602093384
2	0	0.9999999999999996	1.999999999999999	1	0.3333333333333333	2.000000000000001	0	-2.000000000000001	1	0.1111111111111109	-0.5482591872144071
7	1	0.9999586458494759	1.99980423778668	0.875	0.3333458958720691	7.000289491025324	0.5000489453441544	-6.500240545681169	0.9998475382501593	0.002591711850405631	-1.781908299136646
0	0	0.7722867690734305	2.227713230926568	0	0.257428923024477	0	0	0	0	0	0
0	1	0.7722867690734305	2.000070111919419	0	0.2785668664695347	0	0.499982472634584	0.499982472634584	0.7214331335304653	0.2785668664695347	0.1370599920340432
1	4	0.9999999999999994	1.999999999999999	0.2	0.3333333333333334	1.000000000000001	2.000000000000001	1.000000000000001	0.4609053497942386	0.8683127572016461	0.2741295936072036
2	1	0.9999999999999994	1.999999999999999	0.6666666666666666	0.3333333333333334	2.000000000000001	0.5000000000000003	-1.500000000000001	0.9629629629629628	0.2592592592592594	-0.4111943904108054
3	0	1.000954819995705	1.999045180004294	1	0.3336516066652351	2.997138272447575	0	-2.997138272447575	1	0.03714322947782522	-0.8216042966106495
4	0	0.9483849562783	2.051265194434267	1	0.3161651888147726	4.217696594109845	0	-4.217696594109845	1	0.009992086889708762	-1.156195453301818
0	0	0.9999999999999994	1.77228676907343	0	0.3607130442476647	0	0	0	0	0	0
3	0	1.771539592300075	1.227548480957274	1	0.5906927536062597	1.693442253867414	0	-1.693442253867414	1	0.2061032923598538	-0.464222636849941
0	3	0.9990350733967364	2.000964926603262	0	0.3330116911322457	0	1.499276654035436	1.499276654035436	0.2967253595050994	0.7032746404949006	0.4109960998755018
0	0	0.9999999999999994	1.999999999999999	0	0.3333333333333334	0	0	0	0	0	0
2	2	0.9999999999999994	1.773478837223787	0.5	0.3605580062766894	2.000000000000001	1.127727017668172	-0.8722729823318289	0.8632084620280642	0.4557277601901556	-0.2391158381611676
10	0	0.9999999999999998	1.967641567149654	1	0.3369679179148562	10	0	-10	1	1.887493847774202e-05	-2.741295936072035
0	0	0.9999999999999994	1.999999999999999	0	0.3333333333333334	0	0	0	0	0	0
3	1	0.9966483134932898	2.003351686506709	0.75	0.3322161044977635	3.010088874263869	0.4991634802493033	-2.510925394014566	0.9878190060949971	0.1101205152086946	-0.6883189578392201
6	0	1.771456509707147	1.227673108181502	1	0.5906568689599455	3.387043355070515	0	-3.387043355070515	1	0.04246308600867033	-0.9284888184554594
4	0	0.8626807403212524	2.069974132632191	1	0.2941637450343608	4.636709518414015	0	-4.636709518414015	1	0.00748784048229123	-1.271059295957486
1	0	0.7722867690734304	2.227713230926568	1	0.257428923024477	1.294855797153917	0	-1.294855797153917	1	0.257428923024477	-0.3549582934537349
2	8	0.8094876964103135	2.190512303589686	0.2	0.2698292321367712	2.470698453934548	3.652113702758052	1.181415248823504	0.4669839714205544	0.7977355967974715	0.3238608820413404
1	6	0.7749409325114277	2.191089487587035	0.1428571428571428	0.2612720784184345	1.290420931514356	2.738363738218458	1.447942806704102	0.4172918905440076	0.8799418629672048	0.3969239731682691
0	0	0.8134257619866473	2.119229110966796	0	0.2773683904943972	0	0	0	0	0	0
1	6	0.7854908809193308	2.214509119080669	0.1428571428571428	0.2618302936397769	1.273089254492184	2.709404060838024	1.43631480634584	0.4159453806152834	0.8805754735299663	0.3937363941555942
0	0	0.7722867690734305	2.227713230926568	0	0.257428923024477	0	0	0	0	0	0
1	1	0.7722867690734305	2.227713230926567	0.5	0.257428923024477	1.294855797153917	0.4488908114910609	-0.8459649856628563	0.9337303495904579	0.448588195639412	-0.2319040377256825
0	0	0	1.269380508186221	0	0	0	0	0	0	0	0
2	7	0.9975950515754715	2.002404948424528	0.2222222222222222	0.3325316838584906	2.004821492289342	3.495796394983707	1.490974902694365	0.3791512246519832	0.8558029411928403	0.408720344154146
2	0	0.9999999999999996	1.932944988157065	1	0.3409542299763202	2.000000000000001	0	-2.000000000000001	0.9999999999999999	0.1162497869387455	-0.5482591872144071
3	0	0.9999999999999994	1.999999999999999	1	0.3333333333333334	3.000000000000002	0	-3.000000000000002	0.9999999999999999	0.0370370370370372	-0.8223887808216108
1	1	0.9999999999999998	2	0.5	0.3333333333333334	1	0.5000000000000001	-0.5000000000000001	0.888888888888889	0.5555555555555556	-0.1370647968036018
2	0	0.829784375679969	1.3979288552466	1	0.3724825817615844	2.410264712879288	0	-2.410264712879288	1	0.1387432737157754	-0.6607248862273822
5	6	0.7725221370003793	2.227477862999621	0.4545454545454545	0.2575073790001264	6.472306436957864	2.693629463019728	-3.778676973938136	0.9606044711784815	0.1270437728060679	-1.035847183238559
5	0	0.9999999999999997	1.939861544927193	1	0.3401520733945874	5.000000000000002	0	-5.000000000000002	0.9999999999999999	0.00455371255122583	-1.370647968036018
0	6	0.9837005474517538	1.998629100480572	0	0.3298429964419801	0	3.002057759770082	3.002057759770082	0.0905856413687509	0.9094143586312491	0.8229528736711242
3	0	0.7722867690734305	2.227713230926568	1	0.257428923024477	3.884567391461752	0	-3.884567391461752	0.9999999999999999	0.01705972473413708	-1.064874880361204
2	2	0.9470279543245217	2.000862320190854	0.5	0.3212561751404436	2.111870078245496	0.9995690257234834	-1.112301052522013	0.8993324889393194	0.3859440139653135	-0.3049146354967241
1	7	0.9999999999999996	1.999999999999999	0.125	0.3333333333333333	1	3.500000000000002	2.500000000000001	0.1950922115531171	0.9609815576893765	0.685323984018009
0	0	0.7722867690734305	2.086513995486949	0	0.2701436135904319	0	0	0	0	0	0
0	10	0.4635278637821134	2.491549026950952	0	0.1568581397105799	0	4.013567420038914	4.013567420038914	0.1815542905677992	0.8184457094322009	1.10023760577038
1	0	0.9485286707963764	2.051407677396952	1	0.3161829321370819	1.05426438945742	0	-1.05426438945742	1	0.3161829321370819	-0.289005068636509
3	19	0.9245972038835498	1.983571856570745	0.1363636363636364	0.3179310365605483	3.24465614583217	9.578679964157052	6.334023818324882	0.04802946689654251	0.9864259073559319	1.736343375215747
6	0	0.9999999999999996	1.999789253425802	1	0.3333567512644381	6.000000000000003	0	-6.000000000000003	1	0.001372320434568919	-1.644777561643221
0	11	0.8264773153321292	2.171388559470054	0	0.2756885564090372	0	5.065882820477163	5.065882820477163	0.02878583387297465	0.9712141661270254	1.388708398839118
2	11	0.7824300052801682	2.192447299736205	0.1538461538461539	0.2630125296128345	2.556139190091325	5.017224359884736	2.461085169793411	0.2946905082464893	0.8932881857427183	0.6746562774281831
1	0	0.7722867690734305	2.227713230926568	1	0.257428923024477	1.294855797153917	0	-1.294855797153917	1	0.2574289230244771	-0.3549582934537348
0	0	0.7722867690734305	2.227713230926568	0	0.257428923024477	0	0	0	0	0	0
1	0	0.7722867690734305	2.227713230926568	1	0.257428923024477	1.294855797153917	0	-1.294855797153917	1	0.2574289230244771	-0.3549582934537348
1	0	0.7722867690734305	2.227713230926568	1	0.257428923024477	1.294855797153917	0	-1.294855797153917	1	0.257428923024477	-0.3549582934537348
3	2	0.8965595872865343	2.000403892999331	0.6	0.3094825300310876	3.346124499186489	0.9997980942744891	-2.346326404912	0.9654878979025827	0.1758497165866334	-0.6431975038483774
4	0	1.628553347024415	1.214448721097077	1	0.5728287591786657	2.456167620980017	0	-2.456167620980017	0.9999999999999998	0.1076711261289418	-0.6733082317704236
1	0	0.7722867690734305	2.227713230926568	1	0.257428923024477	1.294855797153917	0	-1.294855797153917	1	0.2574289230244771	-0.3549582934537348
0	0	0	1.269380508186221	0	0	0	0	0	0	0	0
5	0	1.638102271477534	1.221131816632166	1	0.5729164597923908	3.052312475881072	0	-3.052312475881072	0.9999999999999997	0.06172434615828581	-0.8367291785754752
2	3	0.9293431523753013	2.067305161117988	0.4	0.3101275342156972	2.152057606373076	1.451164567488244	-0.7008930388848322	0.823265566751797	0.4925162270576319	-0.1921355239116169
5	4	0.78337275699494	2.120864312464947	0.5555555555555556	0.2697344391174744	6.382657496515795	1.886023531298451	-4.496633965217343	0.9852147248096748	0.06595061039648686	-1.232660441485378
4	7	1.553300578086431	1.222868991811523	0.3636363636363636	0.5595121403709958	2.575161598747198	5.724243599987275	3.149082001240078	0.1575868165537552	0.9464745679960176	0.8632565692357015
2	10	0.7939466853353598	2.160237557463964	0.1666666666666667	0.2687532733513711	2.519060834866019	4.629120517532163	2.110059682666144	0.3348676908821081	0.8735289963103507	0.5784298032962149
0	4	0.772708565269224	2.148196392493166	0	0.2645442342160872	0	1.862027147042016	1.862027147042016	0.2925675994521496	0.7074324005478504	0.5104367451042083
5	1	0.8149745846418143	2.081861798064726	0.8333333333333334	0.2813326253105037	6.135160647000455	0.48033928137285	-5.654821365627605	0.999504183935817	0.008095222541451119	-1.550153882880827
3	0	0.7722867690734307	2	1	0.2785739115046705	3.88456739146175	0	-3.88456739146175	0.9999999999999997	0.02161828941747523	-1.064874880361204
0	1	0.9999999999999993	1.999249740586498	0	0.3334167163433517	0	0.5001876352409286	0.5001876352409286	0.6665832836566483	0.3334167163433517	0.1371162331759439
4	1	0.9980175086647695	2.000991245667614	0.8	0.332782459278596	4.00794571765733	0.4997523113432504	-3.50819340631408	0.9959186660260058	0.0449960147371341	-0.9616996327683496
8	2	1.664483506694951	1.224343596711959	0.8	0.5761796906197532	4.806295747492891	1.633528370116941	-3.172767377375949	0.9663052582669812	0.1318784906373436	-0.8697494317702618
4	0	0.7722867690734306	2.227713230926568	1	0.257428923024477	5.179423188615668	0	-5.179423188615668	0.9999999999999997	0.004391666565403241	-1.419833173814939
5	0	0.9999999999999997	1.999999999999999	1	0.3333333333333333	5.000000000000002	0	-5.000000000000002	1	0.004115226337448097	-1.370647968036018
4	0	0.9999999999999997	1.999999999999999	1	0.3333333333333333	4.000000000000002	0	-4.000000000000002	1	0.01234567901234551	-1.096518374428814
0	0	0	2.999999999999998	0	0	0	0	0	0	0	0
1	0	0.9999999999999992	1.999999999999998	1	0.3333333333333333	1.000000000000001	0	-1.000000000000001	1	0.3333333333333333	-0.2741295936072037
1	0	0.7722867690734306	2.227713230926568	1	0.257428923024477	1.294855797153917	0	-1.294855797153917	1	0.2574289230244771	-0.3549582934537348
1	2	0.7723121668640249	2.227624044875061	0.3333333333333333	0.2574428628988446	1.294813215309687	0.8978175669279831	-0.3969956483817043	0.835294509539368	0.5905606019798877	-0.1088282557547048
1	3	0.8199992526402234	2.128818688811835	0.25	0.2780772733078391	1.219513306603893	1.409232273169492	0.1897189665655994	0.6901227831932999	0.7283793051763412	0.05200758320420638
1	9	0.8136243116417192	1.743348552603679	0.1	0.3181982581898976	1.229068484915617	5.162478832221223	3.933410347305605	0.1230087013928096	0.9782939367622604	1.078264179997255
0	1	0.7722867690734305	2.227502650126501	0	0.2574469941558117	0	0.4489332481571725	0.4489332481571725	0.7425530058441883	0.2574469941558117	0.1230658888740875
1	0	0.7722867690734305	2.227713230926568	1	0.257428923024477	1.294855797153917	0	-1.294855797153917	1	0.2574289230244771	-0.3549582934537348
1	0	0.8139043240940776	2.08277232563755	1	0.2809786602068562	1.22864564101322	0	-1.22864564101322	1	0.2809786602068562	-0.3368081302582161
4	0	1.638200816424072	1.221094828722063	1	0.5729385903850267	2.441703092744975	0	-2.441703092744975	1	0.1077537270877869	-0.6693430765236319
0	0	0.7722867690734305	1.999999999999999	0	0.2785739115046705	0	0	0	0	0	0
1	0	0.9134860045130494	2.086513995486949	1	0.3044953348376833	1.094707521581645	0	-1.094707521581645	1	0.3044953348376833	-0.3000917280099253
0	0	0	1.269380508186221	0	0	0	0	0	0	0	0
3	0	0.9999999999999997	1.998982679862649	1	0.3334464072482736	3.000000000000001	0	-3.000000000000001	0.9999999999999998	0.03707474112917331	-0.8223887808216106
1	1	0.9999733505421855	2.000026649457813	0.5	0.3333244501807286	1.000026650168027	0.4999933377243197	-0.5000333124437073	0.8888948109117148	0.5555437112731723	-0.1370739287302573
0	0	0.7722867690734305	2.227713230926568	0	0.257428923024477	0	0	0	0	0	0
0	0	0.7722867690734305	2.227713230926568	0	0.257428923024477	0	0	0	0	0	0
5	0	0.9999999999999998	2	1	0.3333333333333334	5.000000000000001	0	-5.000000000000001	1	0.004115226337448541	-1.370647968036018
4	5	0.9473286683757807	2.052671331624219	0.4444444444444444	0.315776222791927	4.222399398994335	2.435850261543647	-1.786549137450688	0.8806973223010489	0.3071820315517229	-0.4897459890086569
4	0	0.9999999999999994	1.999999999999999	1	0.3333333333333334	4.000000000000003	0	-4.000000000000003	1	0.01234567901234573	-1.096518374428815
2	3	0.7723247030684183	2.227613198432544	0.4	0.2574468967114287	2.589584396373795	1.346732907719772	-1.242851488654023	0.8884747945129868	0.3828927310846455	-0.3407023734988351
0	8	0.8242489108148112	2.123236853670008	0	0.2796447469726385	0	3.767832112640672	3.767832112640672	0.07250597886644784	0.9274940211335522	1.032874285818358
0	1	0.7735517285207704	2.224377514548703	0	0.2580286810667881	0	0.4495639761953298	0.4495639761953298	0.741971318933212	0.258028681066788	0.1232387900948643
0	0	0.8134257619866473	1.41428746893992	0	0.3651393503859206	0	0	0	0	0	0
3	8	0.9349165297337855	2.065083470266214	0.2727272727272727	0.3116388432445952	3.208842612777678	3.873935419650956	0.665092806873278	0.5354373828408509	0.7163126529386805	0.1823216208592459
1	7	0.7727895896348113	2.226847919598745	0.125	0.2576276590941378	1.294013290826755	3.143456694277231	1.849443403450475	0.3483666389835147	0.9077483247391174	0.506987168587402
7	1	1.765804896066588	1.234038213422231	0.875	0.588632415635725	3.964197865569872	0.81034767734364	-3.153850188226232	0.9855870328072056	0.09499334081993305	-0.8645636703964592
0	0	0.7722867690734305	1.999999999999999	0	0.2785739115046705	0	0	0	0	0	0
5	5	0.9989363538425133	2.001063646157486	0.5	0.3329787846141711	5.005323893526326	2.498671149016763	-2.506652744509562	0.9237990297357647	0.2124023780754536	-0.6871476981667876
1	1	0.8416240099411321	1.386089220985436	0.5	0.3777972847928354	1.188179030289245	0.7214542793205282	-0.4667247509687166	0.8572692116031613	0.612863781188832	-0.1279430663094775
1	7	0.9999999999999993	1.939893512479568	0.125	0.340148374679251	1.000000000000001	3.608445491965491	2.60844549196549	0.1841510363503304	0.9640606410638215	0.7150521026590417
0	3	1	1.787369268092194	0	0.3587612202829684	0	1.678444434261839	1.678444434261839	0.2636691608016487	0.7363308391983513	0.4601112906564706
1	0	0.9999999999999998	1.953551306422121	1	0.3385754626390364	1	0	-1	1	0.3385754626390364	-0.2741295936072035
0	2	0.8964794010415897	2.00025259599055	0	0.3094795797333277	0	0.9998737179538942	0.9998737179538942	0.4768184508052617	0.5231815491947382	0.2740949759612246
2	1	0.9403303216906336	2.059669678309365	0.6666666666666666	0.3134434405635447	2.126912164657385	0.485514745656123	-1.641397419001262	0.9692051879825704	0.2331507472620781	-0.4499556074187285
1	1	0.9880272738673671	2.011972726132631	0.5	0.3293424246224558	1.012117809345251	0.4970246301112528	-0.5150931792339982	0.8915335673438018	0.5502184165887137	-0.1412022838932583
5	0	1	2	1	0.3333333333333333	4.999999999999999	0	-4.999999999999999	1	0.004115226337448097	-1.370647968036017
3	0	0.9999999999999993	1.999999999999999	1	0.3333333333333333	3.000000000000002	0	-3.000000000000002	1	0.03703703703703698	-0.8223887808216109
1	0	0.9999999999999993	1.999999999999999	1	0.3333333333333333	1.000000000000001	0	-1.000000000000001	1	0.3333333333333333	-0.2741295936072036
1	1	0.8137202686313871	2.08295638110024	0.5	0.2809151199899296	1.228923548484199	0.480086865511696	-0.7488366829725031	0.9210866953610435	0.4829169353409026	-0.2052782955814185
2	0	0.8968955573796178	2.000217031728299	1	0.3095825687795555	2.229914044666725	0	-2.229914044666725	1	0.09584136689214806	-0.6112854308434846
5	0	0.7722867690734306	2.227713230926568	1	0.257428923024477	6.474278985769585	0	-6.474278985769585	0.9999999999999993	0.001130541994214918	-1.774791467268674
0	0	0.8134257619866473	1.41428746893992	0	0.3651393503859206	0	0	0	0	0	0
2	0	0.8134895077722459	1.414223723154322	1	0.3651679652833471	2.458544309289289	0	-2.458544309289289	1	0.1333476428691797	-0.6739597523707754
0	5	1	2	0	0.3333333333333333	0	2.5	2.5	0.131687242798354	0.868312757201646	0.6853239840180085
4	1	0.9999999999999998	2	0.8	0.3333333333333334	4.000000000000001	0.5000000000000001	-3.500000000000001	0.9958847736625515	0.04526748971193417	-0.9594535776252123
2	8	0.914916725474229	2.085083274525771	0.2	0.304972241824743	2.185991297692519	3.836777215442157	1.650785917749638	0.3696267625690439	0.8582763923844783	0.4525292727652026
5	0	0.9999999999999999	2	1	0.3333333333333334	5.000000000000001	0	-5.000000000000001	1	0.004115226337448541	-1.370647968036018
3	2	0.7722867690734306	2.227713230926567	0.6	0.2574289230244771	3.884567391461751	0.8977816229821218	-2.986785768479629	0.9825638351498425	0.1115055008256121	-0.8187663689050995
1	1	0.9137798846690931	2.086220115330906	0.5	0.3045932948896978	1.094355453405641	0.4793358057720506	-0.6150196476335906	0.9072229247082375	0.5164095144876333	-0.1685950860662417
4	0	0.9999999999999998	1.945751939375913	1	0.3394718973559803	4.000000000000001	0	-4.000000000000001	1	0.01328052705426008	-1.096518374428814
6	2	0.9957387866870344	2.002161614211095	0.75	0.3321453862805865	6.025676693747021	0.9989203597772767	-5.026756333969745	0.997469175207262	0.0192992098217285	-1.377982670993562
0	10	0.8975826056287454	1.999436237374578	0	0.3098297437024008	0	5.001409803960946	5.001409803960946	0.02452236708394566	0.9754776329160544	1.371034437022897
2	4	0.9999999999999996	1.999999999999999	0.3333333333333333	0.3333333333333333	2.000000000000001	2.000000000000001	0	0.6803840877914954	0.6488340192043894	0
7	2	0.6333984666169749	1.776464573614899	0.7777777777777778	0.2628358774098756	11.05149502080023	1.125831626312836	-9.925663394487396	0.9998429069011798	0.001852302716402132	-2.720918072612725
3	3	0.7640984836051821	2.235880817230936	0.5	0.254701251902712	3.926195463502755	1.341753092061231	-2.584442371441524	0.959868454930768	0.1769404635514937	-0.7084721369845021
2	0	0.9482409268529339	2.051122399262876	1	0.3161474032160386	2.10916861249355	0	-2.10916861249355	0.9999999999999999	0.0999491805602446	-0.5781855345919259
5	28	0.8409724453979242	2.159027554602076	0.1515151515151515	0.2803241484659747	5.945498009312472	12.96880159788447	7.023303588571994	0.06728159987162741	0.9737860854782414	1.925295358515254
9.5	12.5	1.002647016378277	1.997352983621721	0.4318181818181818	0.3342156721260925	9.474919732285777	6.258282888653083	-3.216636843632694	0.8772606066774453	0.2307420759175253	-0.881775350726988
6	1	0.9999999999999993	1.999999999999999	0.8571428571428571	0.3333333333333333	6.000000000000004	0.5000000000000003	-5.500000000000004	0.9995427526291726	0.00685871056241405	-1.50771276483962
3	0	0.7722867690734307	2.227713230926569	1	0.257428923024477	3.88456739146175	0	-3.88456739146175	0.9999999999999998	0.01705972473413719	-1.064874880361204
4	6	0.8729080755242378	2.01232230610301	0.4	0.3025436308597043	4.58238400142849	2.981629722934086	-1.600754278494404	0.8453342470180879	0.3571884119362037	-0.4388141198286632
0	1	0.277142213409975	2.722857786590024	0	0.09238073780332502	0	0.3672611933406745	0.3672611933406745	0.907619262196675	0.09238073780332501	0.1006771616781757
0	0	0.7722867690734305	2.227713230926568	0	0.257428923024477	0	0	0	0	0	0
2	0	0.9108048652887717	2.089195134711226	1	0.3036016217629241	2.195860031298689	0	-2.195860031298689	1	0.09217394473707752	-0.6019502179982106
0	1	0.7722867690734305	2.000910675275296	0	0.2784824321280155	0	0.4997724348001764	0.4997724348001764	0.7215175678719845	0.2784824321280155	0.1370024144478549
0	0	0	1.269380508186221	0	0	0	0	0	0	0	0
1	0	0.9999999999999994	1.999999999999999	1	0.3333333333333334	1.000000000000001	0	-1.000000000000001	1	0.3333333333333334	-0.2741295936072036
0	1	0.1870748770546677	2.812925122945331	0	0.06235829235155595	0	0.3555018197402032	0.3555018197402032	0.937641707648444	0.06235829235155599	0.09745356937200321
7	0	0.9999999999999994	1.999999999999999	1	0.3333333333333334	7.000000000000004	0	-7.000000000000004	1	0.0004572473708274183	-1.918907155250425
0	0	0.8134257619866473	2.08325088774498	0	0.2808134494618203	0	0	0	0	0	0
10	0	1	2	1	0.3333333333333333	10	0	-10	1.000000000000001	1.693508780764574e-05	-2.741295936072035
4	0	0.9999999999999996	1.932862349932874	1	0.3409638369229594	4.000000000000002	0	-4.000000000000002	1	0.0135155361459165	-1.096518374428814
1	0	0.7722867690734306	2.227713230926568	1	0.257428923024477	1.294855797153917	0	-1.294855797153917	1	0.2574289230244771	-0.3549582934537348
0	1	0.1862287795791334	2.813771220420865	0	0.06207625985971118	0	0.3553949207890564	0.3553949207890564	0.9379237401402888	0.06207625985971121	0.09742426520596831
1	1	0.999930171986633	2.000069828013365	0.5	0.3333100573288779	1.000069832889659	0.4999825436061313	-0.5000872892835275	0.8889044056834201	0.5555245203411758	-0.1370887253794214
3	0	1.638207335506212	1.221124805221517	1	0.5729335575157322	1.831270032173912	0	-1.831270032173912	0.9999999999999999	0.188067079605159	-0.502005309704885
5	0	0.9134860045130494	2.086513995486949	1	0.3044953348376833	5.473537607908226	0	-5.473537607908226	1	0.002617599602537157	-1.500458640049627
2	1	0.7722993914007835	2.227668906774306	0.6666666666666666	0.2574358508623511	2.589669268510537	0.4488997431166794	-2.140769525393858	0.9829388979126148	0.1646974477528975	-0.5868482800029041
1	0	0.7722867690734306	2.227713230926568	1	0.257428923024477	1.294855797153917	0	-1.294855797153917	1	0.2574289230244771	-0.3549582934537348
1	0	0.9999999999999993	1.999999999999999	1	0.3333333333333333	1.000000000000001	0	-1.000000000000001	1	0.3333333333333333	-0.2741295936072036
4	0	0.9999999999999996	1.999792717717466	1	0.3333563662895004	4.000000000000002	0	-4.000000000000002	0.9999999999999997	0.01234909165584286	-1.096518374428814
4	0	0.7722867690734305	2.227713230926568	1	0.257428923024477	5.179423188615669	0	-5.179423188615669	0.9999999999999997	0.004391666565403241	-1.419833173814939
1	0	1.77228676907343	1.227713230926568	1	0.5907622563578103	0.5642427723605985	0	-0.5642427723605985	1	0.5907622563578103	-0.1546756418830127
0	0	0.9134860045130493	2.086513995486949	0	0.3044953348376833	0	0	0	0	0	0
4	0	0.9999999999999997	1.999999999999999	1	0.3333333333333333	4.000000000000002	0	-4.000000000000002	1	0.01234567901234551	-1.096518374428814
1	0	0.9999999999999994	1.999999999999999	1	0.3333333333333334	1.000000000000001	0	-1.000000000000001	1	0.3333333333333334	-0.2741295936072036
2	0	1.023840212069495	1.974495067704622	1	0.3414695544477692	1.953429818855607	0	-1.953429818855607	1	0.116601456614758	-0.5354929223830805
2	0	0.9999999999999997	1.999999999999999	1	0.3333333333333333	2.000000000000001	0	-2.000000000000001	1	0.1111111111111109	-0.5482591872144071
1	0	0.7722867690734305	1.999999999999999	1	0.2785739115046705	1.294855797153917	0	-1.294855797153917	1	0.2785739115046706	-0.3549582934537348
3	0	0.7722867690734305	2.227713230926568	1	0.257428923024477	3.884567391461752	0	-3.884567391461752	0.9999999999999999	0.01705972473413708	-1.064874880361204
0	1	0.8134513515803519	2.083225298151276	0	0.2808222835834013	0	0.4800248925967986	0.4800248925967986	0.7191777164165987	0.2808222835834013	0.1315890287289019
0	2	0.1854421417987857	2.814557858201212	0	0.06181404726626197	0	0.7105911836817607	0.7105911836817607	0.8801928819069118	0.1198071180930882	0.1947940724035427
3	4	1.124373053618874	1.109184392980736	0.4285714285714285	0.5034001052136048	2.668153590433609	3.606253410445769	0.9380998200121597	0.4925626137776248	0.7789777797847188	0.257160922422924
0	4	0.779888795818927	2.220111204181072	0	0.2599629319396424	0	1.801711550514639	1.801711550514639	0.2999258479854616	0.7000741520145384	0.4939024551399823
5	0	0.9999999999999994	1.99972980665492	1	0.3333633575202317	5.000000000000003	0	-5.000000000000003	1	0.004117080016219576	-1.370647968036018
0	2	0.8136056795089337	2.083070970222694	0	0.2808755611656941	0	0.9601209121483684	0.9601209121483684	0.5171399585287554	0.4828600414712446	0.2631975554610097
0	1	0.7723568231143526	2.227643176885646	0	0.257452274371451	0	0.4489049280316288	0.4489049280316288	0.7425477256285491	0.2574522743714509	0.1230581254895813
3	0	0.9999999999999994	1.7751238490667	1	0.3603442780891775	3.000000000000002	0	-3.000000000000002	1	0.04678998337147344	-0.8223887808216108
0	1	0.1873233991405443	2.812676600859454	0	0.06244113304684814	0	0.3555332311202914	0.3555332311202914	0.9375588669531518	0.06244113304684817	0.09746218016086143
0	0	0	2.999999999999998	0	0	0	0	0	0	0	0
6	3	0.9101738858970845	2.013521211723813	0.6666666666666666	0.3113094407955609	6.592146943532979	1.489927189508793	-5.102219754024187	0.9945874231022859	0.03038757263545122	-1.398669427665296
3	0	0.9999999999999994	1.7743374021568	1	0.3604464255943018	3.000000000000002	0	-3.000000000000002	0.9999999999999999	0.04682978559951156	-0.8223887808216108
0	1	0.7722867690734306	2.227713230926568	0	0.257428923024477	0	0.4488908114910607	0.4488908114910607	0.7425710769755229	0.2574289230244771	0.1230542557280523
1	2	0.9999999999999996	1.999999999999999	0.3333333333333333	0.3333333333333333	1	1	0	0.7407407407407408	0.7037037037037037	0
2	3	0.9966483134932899	2.003351686506709	0.4	0.3322161044977635	2.006725916175912	1.49749044074791	-0.5092354754280024	0.7917758322016002	0.53688593545709	-0.1395965139294493
1	0	0.9134860045130493	2.086513995486949	1	0.3044953348376833	1.094707521581646	0	-1.094707521581646	1	0.3044953348376833	-0.3000917280099254
2	7	0.9771336971335726	2.021923964430975	0.2222222222222222	0.3258135745959022	2.046802813030614	3.46204907956071	1.415246266530097	0.3958675354108522	0.8460686768237899	0.3879608838980074
0	4	0.8155315197231553	2.101405731709109	0	0.2795848691372144	0	1.903487717598796	1.903487717598796	0.2693588832896927	0.7306411167103073	0.5218023144616613
2	0	0.7722867690734306	2.086513995486949	1	0.2701436135904319	2.589711594307834	0	-2.589711594307834	0.9999999999999999	0.0729775719636967	-0.7099165869074695
3	5	0.7901209916620386	2.189555553788238	0.375	0.2651700544035523	3.796886846012567	2.283568458150925	-1.513318387861643	0.8641331721105386	0.3595821303029541	-0.4148453546628204
3	1	0.9998596804029383	2.000070122365069	0.75	0.3332943589147909	3.000421017868243	0.4999824700233544	-2.500438547844889	0.987660093962995	0.1110764702215287	-0.6854442029605052
1	5	0.8342151650722002	2.105904736821714	0.1666666666666667	0.2837350832307316	1.198731504615421	2.374276439278127	1.175544934662707	0.4559802037660286	0.8649663280497992	0.3222516552060943
1	0	0.7722867690734305	2.086513995486949	1	0.2701436135904319	1.294855797153917	0	-1.294855797153917	1	0.2701436135904318	-0.3549582934537348
3	0	0.9128141585391508	2.087185841460848	1	0.3042713861797171	3.286539732031697	0	-3.286539732031697	1	0.02816977246476005	-0.9009378011157766
2	0	0.9999999999999994	1.999999999999999	1	0.3333333333333334	2.000000000000001	0	-2.000000000000001	1	0.111111111111111	-0.5482591872144073
0	0	0.9999999999999994	1.999999999999999	0	0.3333333333333334	0	0	0	0	0	0
2	0	0.7722867690734306	2.227713230926568	1	0.257428923024477	2.589711594307834	0	-2.589711594307834	1	0.06626965040954214	-0.7099165869074695
2	0	0.9999999999999994	1.932717196040482	1	0.3409807128181738	2.000000000000001	0	-2.000000000000001	0.9999999999999998	0.1162678465139901	-0.5482591872144073
0	0	0.7722867690734305	2.227713230926568	0	0.257428923024477	0	0	0	0	0	0
3	0	0.9134860045130494	2.086513995486949	1	0.3044953348376833	3.284122564744936	0	-3.284122564744936	0.9999999999999999	0.02823201847983225	-0.900275184029776
2	1	0.9999999999999999	2	0.6666666666666666	0.3333333333333334	2	0.5000000000000001	-1.5	0.9629629629629628	0.2592592592592594	-0.4111943904108053
0	0	0.7722867690734305	2.227713230926568	0	0.257428923024477	0	0	0	0	0	0
0	2	0.7729150909491102	2.227084909050888	0	0.2576383636497036	0	0.8980349118580916	0.8980349118580916	0.5511007991246899	0.4488992008753101	0.2461779454327394
0	1	0.8135539975300348	2.083122652201594	0	0.280857719347242	0	0.4800485458420455	0.4800485458420455	0.7191422806527581	0.2808577193472419	0.1315955127834089
1	0	0.9999999999999998	2	1	0.3333333333333334	1	0	-1	1	0.3333333333333334	-0.2741295936072035
3	0	0.7722867690734311	2.227713230926569	1	0.257428923024477	3.884567391461748	0	-3.884567391461748	0.9999999999999998	0.01705972473413719	-1.064874880361204
1	0	0.8134416642210178	1.41427156670555	1	0.3651464887528117	1.229344455767012	0	-1.229344455767012	1	0.3651464887528117	-0.3369996960626798
2	0	0.7722867690734305	2.227713230926568	1	0.257428923024477	2.589711594307834	0	-2.589711594307834	1	0.06626965040954214	-0.7099165869074696
3	2	0.9994989971901883	2.00050100280981	0.6	0.3331663323967297	3.001503761818332	0.9997495613303335	-2.001754200487998	0.9548149282498645	0.2096291964066801	-0.5487400654812873
0	0	0.7722867690734305	2.227713230926568	0	0.257428923024477	0	0	0	0	0	0
6	2	0.9467462843969414	2.050617819588763	0.75	0.3158596191693957	6.337495165161256	0.9753158198932877	-5.362179345267968	0.9981842293119683	0.01482984031445866	-1.469932044767248
2	0	0.9134860045130494	2.086513995486949	1	0.3044953348376833	2.189415043163291	0	-2.189415043163291	0.9999999999999998	0.09271740893791303	-0.6001834560198507
0	0	0.9999999999999994	1.999999999999999	0	0.3333333333333334	0	0	0	0	0	0
7	0	0.772286769073431	2	1	0.2785739115046705	9.063990580077414	0	-9.063990580077414	0.9999999999999996	0.0001301916393730007	-2.484708054176142
3	0	0.9999999999999994	1.998946476041938	1	0.3334504326732157	3.000000000000002	0	-3.000000000000002	0.9999999999999999	0.03707608386419237	-0.8223887808216108
1	3	0.9999999999999994	1.999999999999999	0.25	0.3333333333333334	1.000000000000001	1.500000000000001	0.5000000000000002	0.5925925925925926	0.8024691358024691	0.1370647968036018
3	0	0.7722867690734307	2.08651399548695	1	0.2701436135904319	3.88456739146175	0	-3.88456739146175	1	0.01971442500132869	-1.064874880361204
3	0	0.9999999999999996	1.999999999999999	1	0.3333333333333333	3.000000000000001	0	-3.000000000000001	1	0.03703703703703698	-0.8223887808216107
2	0	0.896820338546925	2.000142457480163	1	0.3095726116251233	2.230101073800918	0	-2.230101073800918	1	0.09583520186839944	-0.6113367010640336
1	0	0.7722867690734305	1.999999999999999	1	0.2785739115046705	1.294855797153917	0	-1.294855797153917	1	0.2785739115046706	-0.3549582934537348
5	3	0.9997335492536107	2.000266450746389	0.625	0.3332445164178703	5.001332608806558	1.499800188560162	-3.501532420246396	0.9803656393088241	0.08785297197169473	-0.959873659364592
1	0	0.8652294937056665	2.031447156025961	1	0.2986972998128143	1.155762728010032	0	-1.155762728010032	1	0.2986972998128143	-0.316828766935743
1	1	0.8135059947407626	1.415401154722024	0.5	0.364979759222736	1.229247241526065	0.7065134832367674	-0.5227337582892977	0.8667897753577136	0.5967492938031855	-0.1432967927246113
0	4	0.7722867690734307	2.227713230926569	0	0.257428923024477	0	1.795563245964243	1.795563245964243	0.3040549779881994	0.6959450220118006	0.492217022912209
6	0	0.9999999999999996	1.999999999999999	1	0.3333333333333333	6.000000000000003	0	-6.000000000000003	1	0.001371742112482699	-1.644777561643221
5	0	1.771748112468382	1.227687200046918	1	0.5906938899717793	2.822071582756788	0	-2.822071582756788	1	0.07191382569336224	-0.7736133361115557
4	0	0.8140936057413953	2.082583043990233	1	0.2810440046239954	4.913439894122739	0	-4.913439894122739	0.9999999999999996	0.006238745944105561	-1.346919281389287
2	0	1.638592856764234	1.221252398350214	1	0.5729655665228149	1.220559452425201	0	-1.220559452425201	0.9999999999999999	0.3282895404208104	-0.3345914666667513
1	0	0.9999999999999996	1.999999999999999	1	0.3333333333333333	1	0	-1	1	0.3333333333333333	-0.2741295936072036
2	0	0.9999999999999997	1.999999999999999	1	0.3333333333333333	2.000000000000001	0	-2.000000000000001	1	0.1111111111111109	-0.5482591872144071
5	0	1	1.96933859495998	1	0.3367753349844825	5	0	-5	1	0.004332129036043852	-1.370647968036017
0	0	0	2.999999999999998	0	0	0	0	0	0	0	0
6	0	1.114933631183852	1.433853862267382	1	0.437436873041995	5.381486244727515	0	-5.381486244727515	0.9999999999999994	0.007006358096297793	-1.475224637269909
1	0	0.7722867690734305	2.227713230926568	1	0.257428923024477	1.294855797153917	0	-1.294855797153917	1	0.2574289230244771	-0.3549582934537348
3	1	0.9997509263448465	2.000249073655152	0.75	0.3332503087816157	3.000747407124885	0.4999377393399571	-2.500809667784928	0.9876666163266212	0.1110373252957364	-0.6855459379188479
2	0	0.9999999999999996	1.999999999999999	1	0.3333333333333333	2.000000000000001	0	-2.000000000000001	1	0.1111111111111109	-0.5482591872144071
0	0	0.8653097459068886	2.067345127046554	0	0.2950602042835832	0	0	0	0	0	0
1	2	0.8136375186884838	2.083039131043144	0.3333333333333333	0.2808865527893374	1.229048534551255	0.9601355875626014	-0.2689129469886531	0.8076305896515159	0.6281290698869543	-0.07371699687371491
4	0	0.9999999999999996	1.999813386934145	1	0.3333540694083024	4.000000000000002	0	-4.000000000000002	0.9999999999999998	0.01234875131012081	-1.096518374428814
0	0	0.1865742380133521	2.813425761986646	0	0.06219141267111741	0	0	0	0	0	0
2	0	0.7722867690734309	2.227713230926569	1	0.257428923024477	2.589711594307833	0	-2.589711594307833	1	0.06626965040954191	-0.7099165869074693
12	0	0.9999999999999997	1.99989625435957	1	0.3333448610253637	12	0	-12	1	1.882457461577225e-06	-3.289555123286442
1	0	0.9999999999999993	1.999999999999999	1	0.3333333333333333	1.000000000000001	0	-1.000000000000001	1	0.3333333333333333	-0.2741295936072036
4	0	0.594799802939629	2.405200197060369	1	0.1982666009798764	6.724951790890207	0	-6.724951790890207	0.9999999999999999	0.00154524819506674	-1.843508301464768
9	0	1	2	1	0.3333333333333333	9	0	-9	1.000000000000001	5.080526342449154e-05	-2.467166342464831
6	0	0.9999999999999996	1.999999999999999	1	0.3333333333333333	6.000000000000003	0	-6.000000000000003	1	0.001371742112482699	-1.644777561643221
1	0	0.7722867690734305	2.227713230926568	1	0.257428923024477	1.294855797153917	0	-1.294855797153917	1	0.2574289230244771	-0.3549582934537348
0	0	0.1865742380133521	2.813425761986646	0	0.06219141267111741	0	0	0	0	0	0
1	0	0.8134577195871325	2.119197153366311	1	0.2773792876513657	1.229320191967133	0	-1.229320191967133	1	0.2773792876513657	-0.3369930446370795
1	0	0.7722867690734306	2.227713230926568	1	0.257428923024477	1.294855797153917	0	-1.294855797153917	1	0.2574289230244771	-0.3549582934537348
2	0	0.9999999999999994	1.999999999999999	1	0.3333333333333334	2.000000000000001	0	-2.000000000000001	1	0.111111111111111	-0.5482591872144073
0	0	0	1.269380508186221	0	0	0	0	0	0	0	0
6	0	0.8647184650760834	2.06793640787736	1	0.2948585846398063	6.938674542438598	0	-6.938674542438598	1	0.00065717745955296	-1.902096032491341
2	0	0.9999999999999996	1.932758548600942	1	0.3409759049128149	2.000000000000001	0	-2.000000000000001	0.9999999999999999	0.116264567731113	-0.5482591872144071
0	0	0	2.999999999999998	0	0	0	0	0	0	0	0
6	15	0.9262930981137418	2.073260843659099	0.2857142857142857	0.3088102818268607	6.47743140072846	7.234979643722249	0.7575482429937885	0.5151051342690661	0.6696605657003742	0.2076663919897383
1	0	0.7722867690734307	2.227713230926569	1	0.257428923024477	1.294855797153917	0	-1.294855797153917	1	0.2574289230244771	-0.3549582934537347
0	0	0.9999999999999994	1.999999999999999	0	0.3333333333333334	0	0	0	0	0	0
0	0	0	1.269380508186221	0	0	0	0	0	0	0	0
2	0	0.7722867690734305	1.999999999999999	1	0.2785739115046705	2.589711594307834	0	-2.589711594307834	1	0.07760342417101207	-0.7099165869074696
2	0	0.9999999999999996	1.999999999999999	1	0.3333333333333333	2.000000000000001	0	-2.000000000000001	1	0.1111111111111109	-0.5482591872144071
1	0	0.7722867690734305	2.227713230926568	1	0.257428923024477	1.294855797153917	0	-1.294855797153917	1	0.2574289230244771	-0.3549582934537348
4	0	0.9487308114694025	2.051013803745356	1	0.3162705273833722	4.216159053382872	0	-4.216159053382872	1	0.01000541002978372	-1.155773967887178
2	0	0.7722867690734306	2.227713230926568	1	0.257428923024477	2.589711594307834	0	-2.589711594307834	1	0.06626965040954214	-0.7099165869074695
5	0	0.8145545373666139	1.413158693559954	1	0.3656460472822249	6.138324410007681	0	-6.138324410007681	1	0.006535885191213953	-1.682696375944583
2	0	0.7722867690734304	2.227713230926568	1	0.257428923024477	2.589711594307835	0	-2.589711594307835	1	0.06626965040954191	-0.7099165869074697
1	1	0.9999299333235678	2.000070066676431	0.5	0.3333099777745228	1.000070071586115	0.4999824839445383	-0.500087587641577	0.8889044587159471	0.5555244142649927	-0.1370888071681922
6	0	0.8615718872634411	2.071082985690002	1	0.2937856394931879	6.96401552638566	0	-6.96401552638566	0.9999999999999998	0.0006429591476714291	-1.909042746122356
3	0	0.9999999999999999	1.956782144023053	1	0.3382055056106978	3	0	-3	1	0.03868494818145651	-0.8223887808216105
2	6	0.8545141999687584	2.103728172251983	0.25	0.2888587520728662	2.340511134950269	2.852079503017334	0.5115683680670653	0.5801421330261582	0.7220368879191141	0.1402360288405249
2	0	0.9999999999999993	1.934205361125438	1	0.3408077748233824	2.000000000000001	0	-2.000000000000001	1	0.1161499393800653	-0.5482591872144073
3	0	0.8139208570149059	1.413792373911662	1	0.3653615939949207	3.685862051751131	0	-3.685862051751131	1	0.04877178829868623	-1.010403866338751
1	0	0.9999999999999994	1.999999999999999	1	0.3333333333333334	1.000000000000001	0	-1.000000000000001	1	0.3333333333333334	-0.2741295936072036
2	0	0.9999999999999994	1.999999999999999	1	0.3333333333333334	2.000000000000001	0	-2.000000000000001	1	0.111111111111111	-0.5482591872144073
2	0	0.7722867690734305	2.227713230926568	1	0.257428923024477	2.589711594307834	0	-2.589711594307834	1	0.06626965040954214	-0.7099165869074696
3	0	1.000713107990643	1.999286892009356	1	0.3335710359968811	2.997862200509969	0	-2.997862200509969	1	0.03711632777420648	-0.8218027467161945
1	0	0.8134417182470638	2.083234931484564	1	0.2808189579331983	1.229344374118114	0	-1.229344374118114	1	0.2808189579331983	-0.3369996736803005
0	0	0.7722867690734305	2.227713230926568	0	0.257428923024477	0	0	0	0	0	0
2	0	0.9999999999999998	2	1	0.3333333333333334	2	0	-2	1	0.111111111111111	-0.548259187214407
0	0	0.8134257619866473	1.41428746893992	0	0.3651393503859206	0	0	0	0	0	0
0	0	0.9999999999999994	1.999999999999999	0	0.3333333333333334	0	0	0	0	0	0
1	0	0.9999999999999996	1.999999999999999	1	0.3333333333333333	1	0	-1	1	0.3333333333333333	-0.2741295936072036
3	1	0.9120523736889716	2.087947626311027	0.75	0.3040174578963241	3.289284789497254	0.4789392163858027	-2.810345573111452	0.9914573208940359	0.08676918046132065	-0.7703988898528455
3	3	0.7722867690734307	2.227713230926568	0.5	0.257428923024477	3.88456739146175	1.346672434473182	-2.537894956988568	0.9583476673000532	0.1813586689512778	-0.6957121131770473
0	0	0.8134257619866473	1.41428746893992	0	0.3651393503859206	0	0	0	0	0	0
0	0	0.9134860045130493	2.086513995486949	0	0.3044953348376833	0	0	0	0	0	0
3	1	0.7815802738242501	2.218419726175749	0.75	0.2605267579414168	3.838377324086092	0.4507713252820118	-3.38760599880408	0.9953930941141759	0.05691145468790992	-0.928643055753487
5	0	0.9999999999999998	1.998755780099857	1	0.3334716373491076	5.000000000000001	0	-5.000000000000001	1	0.004123770709757113	-1.370647968036018
4	0	0.846705209530891	2.049971440200737	1	0.2923022870396448	4.72419438899657	0	-4.72419438899657	0.9999999999999999	0.007300100743623972	-1.295041487977061
1	0	1.77228676907343	1.227713230926568	1	0.5907622563578103	0.5642427723605985	0	-0.5642427723605985	1	0.5907622563578103	-0.1546756418830127
1	0	0.7722867690734305	2.227713230926568	1	0.257428923024477	1.294855797153917	0	-1.294855797153917	1	0.2574289230244771	-0.3549582934537348
5	1	0.9848294772738783	1.781584423997473	0.8333333333333334	0.3559949857182554	5.077021063423667	0.5612981268416265	-4.515722936582041	0.9979645366584576	0.02412872843114244	-1.237893293447962
3	1	1.595323200230238	1.242141615570249	0.75	0.5622354121702742	1.880496691558825	0.8050611842200572	-1.075435507338768	0.9000753158959758	0.4111358757432021	-0.2948086985775332
0	1	0.9142836951280584	2.085716304871941	0	0.3047612317093529	0	0.4794515906425722	0.4794515906425722	0.6952387682906471	0.3047612317093529	0.1314318696971756
3.5	3.5	0.9582233525849098	2.019174644742283	0.5	0.3218324703130404	3.652593093831805	1.733381512646085	-1.91921158118572	0.9024659777784559	0.2794783838384142	-0.5261126907966798
0	0	0.8134257619866473	2.08325088774498	0	0.2808134494618203	0	0	0	0	0	0
3	0	0.9999999999999998	2	1	0.3333333333333334	3.000000000000001	0	-3.000000000000001	0.9999999999999999	0.0370370370370372	-0.8223887808216106
0	0	0.7722867690734305	2.227713230926568	0	0.257428923024477	0	0	0	0	0	0
1	0	0.8652779344247647	2.067376938528678	1	0.2950493569512164	1.155698025126225	0	-1.155698025126225	1	0.2950493569512165	-0.3168110299604998
1	0	0.8134897041682927	2.083186945563335	1	0.2808355237867717	1.22927185786868	0	-1.22927185786868	1	0.2808355237867717	-0.3369797948303132
4	0	0.7722867690734305	2.227713230926568	1	0.257428923024477	5.179423188615669	0	-5.179423188615669	0.9999999999999997	0.004391666565403241	-1.419833173814939
2	0	0.7722867690734306	2.227713230926568	1	0.257428923024477	2.589711594307834	0	-2.589711594307834	1	0.06626965040954214	-0.7099165869074695
4	0	0.8491623917638381	1.378550839162731	1	0.3811811951265593	4.710524204553381	0	-4.710524204553381	0.9999999999999994	0.02111182948316759	-1.291294085871114
2	0	0.9134860045130495	2.08651399548695	1	0.3044953348376833	2.189415043163291	0	-2.189415043163291	0.9999999999999998	0.09271740893791303	-0.6001834560198507
1	0	0.8137291620844485	2.118925710868995	1	0.2774718462745502	1.228910117266045	0	-1.228910117266045	1	0.2774718462745502	-0.3368806310259216
5	0	0.8155502332826188	2.081126416449008	1	0.2815468662538425	6.1308302002132	0	-6.1308302002132	0.9999999999999996	0.001769104507480912	-1.680641991259214
2	0	0.8134736976817807	2.119181175271663	1	0.2773847359892508	2.458592091790498	0	-2.458592091790498	1	0.07694229175982614	-0.6739728509684134
2	0	0.7722867690734306	2.227713230926568	1	0.257428923024477	2.589711594307834	0	-2.589711594307834	1	0.06626965040954214	-0.7099165869074695
3	1	0.9999999999999994	1.774523960483113	0.75	0.3604221892630096	3.000000000000002	0.563531415900268	-2.436468584099734	0.9831249106402262	0.1366560909766238	-0.6679081427959784
0	0	0.8134257619866473	2.119229110966796	0	0.2773683904943972	0	0	0	0	0	0
6	1	0.9982482709502527	2.001751729049746	0.8571428571428571	0.3327494236500844	6.01052881793472	0.4995624509712357	-5.510966366963484	0.9995483300647034	0.006791693456256409	-1.510718970558666
4	0	0.8139690698813926	2.11868580307205	1	0.2775536519446128	4.91419164192917	0	-4.91419164192917	1	0.005934549873139461	-1.347125357709959
2	0	0.9999999999999996	1.999295257405943	1	0.3334116564652219	2.000000000000001	0	-2.000000000000001	1	0.1111633326668831	-0.5482591872144071
2	0	0.8973325115102168	2.00065024139924	1	0.3096403905818043	2.228828192833431	0	-2.228828192833431	1	0.09587717147965225	-0.6109877667217061
4	0	0.913262239656763	2.086737760343236	1	0.3044207465522545	4.379902974531548	0	-4.379902974531548	0.9999999999999998	0.008588097903195591	-1.200661022447315
2	0	0.8650858136039008	1.362627417322667	1	0.3883290728780596	2.311909371936303	0	-2.311909371936303	1	0.1507994688423332	-0.6337627765855838
1	0	0.7722867690734304	2.227713230926568	1	0.257428923024477	1.294855797153917	0	-1.294855797153917	1	0.257428923024477	-0.3549582934537349
4	0	1.031518813062265	1.968481186937735	1	0.3438396043540883	3.877777069450842	0	-3.877777069450842	0.9999999999999997	0.01397730987981971	-1.063013452147892
1	0	0.865261813574718	2.067393059378725	1	0.2950438599354594	1.155719557146095	0	-1.155719557146095	1	0.2950438599354595	-0.3168169325243562
1	0	0.8134898401282432	2.083186809603385	1	0.2808355707233017	1.229271652418369	0	-1.229271652418369	1	0.2808355707233017	-0.3369797385103029
1	0	0.7722867690734306	1.999999999999999	1	0.2785739115046705	1.294855797153917	0	-1.294855797153917	1	0.2785739115046706	-0.3549582934537348
2	1	0.9999999999999994	1.999999999999999	0.6666666666666666	0.3333333333333334	2.000000000000001	0.5000000000000003	-1.500000000000001	0.9629629629629628	0.2592592592592594	-0.4111943904108054
2	0	0.8543726568898539	2.07828221606359	1	0.2913307886206961	2.340898885131153	0	-2.340898885131153	0.9999999999999999	0.08487362839835677	-0.6417096600565586
4	0	0.7722867690734306	2.227713230926568	1	0.257428923024477	5.179423188615668	0	-5.179423188615668	0.9999999999999997	0.004391666565403241	-1.419833173814939
6	0	0.9999999999999991	1.999999999999998	1	0.3333333333333333	6.000000000000005	0	-6.000000000000005	1	0.001371742112482699	-1.644777561643222
1	0	0.8134417172618801	2.083234932469748	1	0.28081895759309	1.22934437560701	0	-1.22934437560701	1	0.2808189575930899	-0.336999674088451
0	0	0.1865742380133521	2.813425761986646	0	0.06219141267111741	0	0	0	0	0	0
0	0	0.7722867690734305	2.227713230926568	0	0.257428923024477	0	0	0	0	0	0
1	0	0.9999999999999994	1.999999999999999	1	0.3333333333333334	1.000000000000001	0	-1.000000000000001	1	0.3333333333333334	-0.2741295936072036
0	0	0	1.269380508186221	0	0	0	0	0	0	0	0
3	0	0.9999999999999996	1.826240558679181	1	0.353826922810612	3.000000000000001	0	-3.000000000000001	1	0.04429682778458699	-0.8223887808216107
0	0	0.7722867690734305	1.999999999999999	0	0.2785739115046705	0	0	0	0	0	0
4	0	0.7722867690734307	2.227713230926568	1	0.257428923024477	5.179423188615667	0	-5.179423188615667	0.9999999999999997	0.004391666565403241	-1.419833173814939
8	0	0.9999999999999994	1.999999999999999	1	0.3333333333333334	8.000000000000005	0	-8.000000000000005	1	0.0001524157902758061	-2.193036748857629
1	1	0.8665723468961511	2.066721813388465	0.5	0.2954263362430954	1.153971741172856	0.4838580565230808	-0.6701136846497755	0.9127232798539816	0.5035759523401723	-0.1836979920436687
0	0	0.9999999999999994	1.999999999999999	0	0.3333333333333334	0	0	0	0	0	0
0	2	0.9998395227666511	2.000160477233348	0	0.3332798409222172	0	0.9999197678210452	0.9999197678210452	0.444515770520704	0.555484229479296	0.2741075995925923
1	1	0.9999734693359718	2.000026530664027	0.5	0.3333244897786575	1.000026531367923	0.4999933674219767	-0.5000331639459463	0.8888947845137978	0.5555437640711126	-0.1370738880226264
5	0	0.9999999999999998	2	1	0.3333333333333334	5.000000000000001	0	-5.000000000000001	1	0.004115226337448541	-1.370647968036018
1	2	1.769552811221765	1.230447188778233	0.3333333333333333	0.589850937073922	0.5651145270479736	1.625425307351786	1.060310780303812	0.3666743619229536	0.931003800232767	0.2906625633020208
1	0	0.86440549438036	2.068249378573084	1	0.2947518654009999	1.156864465232072	0	-1.156864465232072	1	0.294751865401	-0.3171307857126827
4	0	0.7722867690734306	2.227713230926568	1	0.257428923024477	5.179423188615668	0	-5.179423188615668	0.9999999999999997	0.004391666565403241	-1.419833173814939
1	0	0.813601615750251	1.414111615176317	1	0.3652182895245684	1.229102770497652	0	-1.229102770497652	1	0.3652182895245684	-0.3369334429780093
2	0	0.7722867690734309	2.227713230926569	1	0.257428923024477	2.589711594307833	0	-2.589711594307833	1	0.06626965040954214	-0.7099165869074693
2	0	0.9999999999999996	1.999999999999999	1	0.3333333333333333	2.000000000000001	0	-2.000000000000001	1	0.1111111111111109	-0.5482591872144071
0	0	0.9134860045130493	2.086513995486949	0	0.3044953348376833	0	0	0	0	0	0
2	0	0.7722867690734306	2.227713230926568	1	0.257428923024477	2.589711594307834	0	-2.589711594307834	1	0.06626965040954214	-0.7099165869074695
4	0	1.764038913569188	1.2258946064865	1	0.5899926877091007	2.26752367492097	0	-2.26752367492097	1	0.1211676029477051	-0.621595343500798
2	0	0.9999999999999996	1.999999999999999	1	0.3333333333333333	2.000000000000001	0	-2.000000000000001	1	0.1111111111111109	-0.5482591872144071
3	0	0.7722867690734309	2.227713230926569	1	0.257428923024477	3.88456739146175	0	-3.88456739146175	0.9999999999999998	0.01705972473413719	-1.064874880361204
0	1	0.9999999999999994	1.772356923344044	0	0.3607039164328776	0	0.5642204382361212	0.5642204382361212	0.6392960835671224	0.3607039164328776	0.1546695194385461
3	0	0.814221365922484	2.118433507030959	1	0.2776396818567645	3.68450169150389	0	-3.68450169150389	0.9999999999999999	0.02140151974859794	-1.010030951337015
0	0	0	2.999999999999998	0	0	0	0	0	0	0	0
0	2	0.7722867690734305	2.227713230926568	0	0.257428923024477	0	0.8977816229821215	0.8977816229821215	0.5514118043605882	0.4485881956394118	0.2461085114561045
1	0	0.8134577129971936	2.083218936734434	1	0.2808244796921186	1.229320201926034	0	-1.229320201926034	1	0.2808244796921187	-0.336993047367109
4	0	1.769463630169173	1.22757680117083	1	0.5904036567761719	2.260572035389941	0	-2.260572035389941	0.9999999999999998	0.1215055609693437	-0.6196896933812532
2	0	0.7722867690734305	2.227713230926568	1	0.257428923024477	2.589711594307834	0	-2.589711594307834	1	0.06626965040954214	-0.7099165869074696
1	0	0.813473603867223	2.11918126908622	1	0.2773847039996163	1.229296187664895	0	-1.229296187664895	1	0.2773847039996162	-0.3369864643474621
1	5	0.8442470882821622	2.052429561449468	0.1666666666666667	0.2914536865412229	1.184487354329829	2.436137197550837	1.251649843221008	0.4388274794215119	0.8734653533777332	0.3431142628606949
0	0	0.9999999999999994	1.999999999999999	0	0.3333333333333334	0	0	0	0	0	0
3	4	0.8824504136540312	2.033209305077189	0.4285714285714285	0.3026589172888936	3.399624447539966	1.967333117161858	-1.432291330378108	0.8704904462611101	0.3589708663332842	-0.3926334403236716
1	1	0.8664552710388783	2.031742183950807	0.5	0.2989635055910854	1.154127666395291	0.492188432124522	-0.6619392342707691	0.9106208223246892	0.5085478335068596	-0.1814571332833094
0	0	0.8134257619866473	1.41428746893992	0	0.3651393503859206	0	0	0	0	0	0
3	0	1.772245314433742	1.227711227608078	1	0.5907569958421873	1.692767911737176	0	-1.692767911737176	1	0.2061705454773751	-0.4640377797158264
6	0	0.9559430992560973	2.043101885861875	1	0.3187491698189694	6.276524203866447	0	-6.276524203866447	0.9999999999999999	0.001048804093999323	-1.720581029271685
0	0	0.8134257619866473	2.119229110966796	0	0.2773683904943972	0	0	0	0	0	0
0	0	0.7722867690734305	2.227713230926568	0	0.257428923024477	0	0	0	0	0	0
1	0	0.9999999999999994	1.999999999999999	1	0.3333333333333334	1.000000000000001	0	-1.000000000000001	1	0.3333333333333334	-0.2741295936072036
1	0	0.865197755466322	2.067457117487121	1	0.2950220168918108	1.1558051251081	0	-1.1558051251081	1	0.2950220168918107	-0.3168403892350065
1	0	0.7722867690734306	2.227713230926568	1	0.257428923024477	1.294855797153917	0	-1.294855797153917	1	0.2574289230244771	-0.3549582934537348
0	0	0	2.999999999999998	0	0	0	0	0	0	0	0
2	0	0.9999999999999994	1.999979259163441	1	0.3333356378866615	2.000000000000001	0	-2.000000000000001	1	0.1111126474853075	-0.5482591872144073
0	0	0.7722867690734305	2.227713230926568	0	0.257428923024477	0	0	0	0	0	0
4	0	0.9999999999999999	2	1	0.3333333333333334	4.000000000000001	0	-4.000000000000001	1	0.01234567901234573	-1.096518374428814
2	0	0.7722867690734307	2.086513995486949	1	0.270143613590432	2.589711594307833	0	-2.589711594307833	0.9999999999999997	0.07297757196369692	-0.7099165869074694
1	0	0.7722867690734306	2.227713230926568	1	0.257428923024477	1.294855797153917	0	-1.294855797153917	1	0.2574289230244771	-0.3549582934537348
1	2	0.8146312446806881	2.082619088647608	0.3333333333333333	0.2811739238786654	1.22754928261065	0.9603292368258958	-0.2672200457847547	0.8072822058235287	0.6285747113437723	-0.0732529225546731
1	0	0.1977934189973108	2.802206581002688	1	0.0659311396657703	5.055779939845197	0	-5.055779939845197	1	0.06593113966577024	-1.385938900277215
4	0	0.7722867690734307	1.999999999999999	1	0.2785739115046705	5.179423188615667	0	-5.179423188615667	0.9999999999999996	0.00602229144306643	-1.419833173814939
0	0	0.7722867690734305	2.227713230926568	0	0.257428923024477	0	0	0	0	0	0
1	1	0.8134036993431066	2.083368467903278	0.5	0.2807965736968235	1.229401834301449	0.4799919051316014	-0.7494099291698481	0.9211532842001244	0.4827464315937714	-0.2054354393285336
0	0	0.7722867690734305	2.086513995486949	0	0.2701436135904319	0	0	0	0	0	0
0	1	0.7722867690734306	2.227713230926568	0	0.257428923024477	0	0.4488908114910607	0.4488908114910607	0.7425710769755229	0.2574289230244771	0.1230542557280523
0	0	0.7722867690734305	2.227713230926568	0	0.257428923024477	0	0	0	0	0	0
4	3	0.9999999999999997	1.999999999999999	0.5714285714285714	0.3333333333333333	4.000000000000002	1.5	-2.500000000000001	0.954732510288066	0.1732967535436669	-0.685323984018009
2	0	0.7722867690734305	2.086513995486949	1	0.2701436135904319	2.589711594307834	0	-2.589711594307834	0.9999999999999999	0.0729775719636967	-0.7099165869074696
0	2	0.1860568296537049	2.813943170346294	0	0.06201894321790166	0	0.7107464077726463	0.7107464077726463	0.8798084628820619	0.1201915371179381	0.1948366239204952
4	4	0.9995375579932657	1.956686302913386	0.5	0.3381129457789828	4.001850623833136	2.044272499911838	-1.957578123921298	0.9070726593029386	0.268509661609307	-0.5366300955648972
1	0	0.9999999999999994	1.772420007043167	1	0.3606957089689006	1.000000000000001	0	-1.000000000000001	1	0.3606957089689007	-0.2741295936072036
1	0	0.8912923623157726	2.108707637684227	1	0.2970974541052576	1.121966306770296	0	-1.121966306770296	1	0.2970974541052576	-0.3075641677159162
1	0	0.8967086192935451	2.000031695600127	1	0.3095578207970843	1.115189458965869	0	-1.115189458965869	1	0.3095578207970844	-0.3057064331813508
0	0	0.7722867690734305	2.227713230926568	0	0.257428923024477	0	0	0	0	0	0
1	0	0.9999999999999994	1.932675616582946	1	0.3409855472407022	1.000000000000001	0	-1.000000000000001	1	0.3409855472407022	-0.2741295936072036
2	0	0.9999999999999994	1.999999999999999	1	0.3333333333333334	2.000000000000001	0	-2.000000000000001	1	0.111111111111111	-0.5482591872144073
0	0	0.7722867690734305	1.999999999999999	0	0.2785739115046705	0	0	0	0	0	0
6	3	0.7723569356262728	2.227643064373726	0.6666666666666666	0.2574523118754243	7.768428977898469	1.346714852113623	-6.421714125784846	0.9983779568294872	0.01163663177395813	-1.760381883563038
3	1	0.7723569831938897	2.227643016806111	0.75	0.2574523277312965	3.884214249729766	0.4489049602901603	-3.435309289439606	0.9956067361053531	0.05507772120569987	-0.94171993942913
2	10	0.7724587918162416	2.227136133928028	0.1666666666666667	0.2575210356526979	2.589134878376496	4.490071283771448	1.900936405394952	0.3677376588149727	0.8551114465279668	0.5211029242840564
9	2	0.9877767684644112	2.012223231535588	0.8181818181818182	0.3292589228214705	9.111370389882037	0.9939255091860461	-8.117444880695992	0.9998845792117039	0.001240830024077932	-2.225231866274066
0	0	0.7722867690734305	1.999999999999999	0	0.2785739115046705	0	0	0	0	0	0
1	0	0.9047507233995475	2.008004883240351	1	0.3106167648727836	1.105276817290136	0	-1.105276817290136	1	0.3106167648727836	-0.3029890847472083
5	1	0.772286769073431	2.227713230926569	0.8333333333333334	0.257428923024477	6.474278985769582	0.4488908114910606	-6.025388174278522	0.999708965791995	0.00532808092526349	-1.651737211540621
3	0	0.8156391759405133	2.11701569701293	1	0.2781231380012652	3.678096992509833	0	-3.678096992509833	1	0.02151351443965122	-1.008275233804598
2	0	0.9999999999999994	1.999999999999999	1	0.3333333333333334	2.000000000000001	0	-2.000000000000001	1	0.111111111111111	-0.5482591872144073
5	0	1.587434632715574	1.187594995344365	1	0.5720424087238921	3.1497359935046	0	-3.1497359935046	0.9999999999999999	0.06125494205960591	-0.8634358478693973
0	1	0.7722867690734306	2.227713230926568	0	0.257428923024477	0	0.4488908114910609	0.4488908114910609	0.7425710769755229	0.2574289230244771	0.1230542557280523
2	1	0.7725403585733958	2.226822734325241	0.6666666666666666	0.2575681351825928	2.588861510993782	0.4490703209490153	-2.139791190044767	0.9829125836730748	0.1648492001304651	-0.5865800893312463
5	0	1.141112089004684	1.771475577079133	1	0.3917863494007687	4.381690500151626	0	-4.381690500151626	0.9999999999999999	0.009230952182762486	-1.201151036119109
8	0	0.7722867690734307	2.227713230926568	1	0.257428923024477	10.35884637723133	0	-10.35884637723133	0.9999999999999994	1.928673522222368e-05	-2.839666347629878
1	2	0.8651598591475196	1.36491451915085	0.3333333333333333	0.3879511228713676	1.155855752467925	1.465293226746722	0.3094374742787975	0.6652597793991151	0.7707241477079281	0.08482596907088624