n1,n2
50,78
50,133
50,135
50,156
50,196
50,262
78,133
78,135
78,156
78,196
78,262
133,135
133,156
133,196
133,262
135,156
135,196
135,262
156,196
156,262
196,262
33,131
33,356
33,452
33,529
131,356
131,452
131,529
356,452
356,529
452,529
45,48
45,49
45,183
45,186
45,220
45,223
45,229
45,304
48,49
48,183
48,186
48,220
48,223
48,229
48,304
49,183
49,186
49,220
49,223
49,229
49,304
183,186
183,220
183,223
183,229
183,304
186,220
186,223
186,229
186,304
220,223
220,229
220,304
223,229
223,304
229,304
10,49
10,50
10,128
10,144
10,155
10,156
10,183
10,186
10,220
10,226
10,276
10,347
49,50
49,128
49,144
49,155
49,156
49,183
49,186
49,220
49,226
49,276
49,347
50,128
50,144
50,155
50,156
50,183
50,186
50,220
50,226
50,276
50,347
128,144
128,155
128,156
128,183
128,186
128,220
128,226
128,276
128,347
144,155
144,156
144,183
144,186
144,220
144,226
144,276
144,347
155,156
155,183
155,186
155,220
155,226
155,276
155,347
156,183
156,186
156,220
156,226
156,276
156,347
183,186
183,220
183,226
183,276
183,347
186,220
186,226
186,276
186,347
220,226
220,276
220,347
226,276
226,347
276,347
10,50
10,144
10,145
10,188
10,226
10,229
50,144
50,145
50,188
50,226
50,229
144,145
144,188
144,226
144,229
145,188
145,226
145,229
188,226
188,229
226,229
53,94
53,138
53,142
53,145
53,173
53,188
53,193
94,138
94,142
94,145
94,173
94,188
94,193
138,142
138,145
138,173
138,188
138,193
142,145
142,173
142,188
142,193
145,173
145,188
145,193
173,188
173,193
188,193
1,50
1,94
1,156
1,173
1,194
1,195
1,216
1,223
1,225
1,361
1,375
1,530
50,94
50,156
50,173
50,194
50,195
50,216
50,223
50,225
50,361
50,375
50,530
94,156
94,173
94,194
94,195
94,216
94,223
94,225
94,361
94,375
94,530
156,173
156,194
156,195
156,216
156,223
156,225
156,361
156,375
156,530
173,194
173,195
173,216
173,223
173,225
173,361
173,375
173,530
194,195
194,216
194,223
194,225
194,361
194,375
194,530
195,216
195,223
195,225
195,361
195,375
195,530
216,223
216,225
216,361
216,375
216,530
223,225
223,361
223,375
223,530
225,361
225,375
225,530
361,375
361,530
375,530
45,53
45,128
45,142
45,157
45,173
45,192
45,194
45,223
45,225
45,261
45,353
45,354
45,355
45,375
53,128
53,142
53,157
53,173
53,192
53,194
53,223
53,225
53,261
53,353
53,354
53,355
53,375
128,142
128,157
128,173
128,192
128,194
128,223
128,225
128,261
128,353
128,354
128,355
128,375
142,157
142,173
142,192
142,194
142,223
142,225
142,261
142,353
142,354
142,355
142,375
157,173
157,192
157,194
157,223
157,225
157,261
157,353
157,354
157,355
157,375
173,192
173,194
173,223
173,225
173,261
173,353
173,354
173,355
173,375
192,194
192,223
192,225
192,261
192,353
192,354
192,355
192,375
194,223
194,225
194,261
194,353
194,354
194,355
194,375
223,225
223,261
223,353
223,354
223,355
223,375
225,261
225,353
225,354
225,355
225,375
261,353
261,354
261,355
261,375
353,354
353,355
353,375
354,355
354,375
355,375
3,138
3,157
3,158
3,173
3,225
3,489
138,157
138,158
138,173
138,225
138,489
157,158
157,173
157,225
157,489
158,173
158,225
158,489
173,225
173,489
225,489
3,138
3,140
3,145
3,157
3,158
3,173
3,189
3,193
3,225
3,261
138,140
138,145
138,157
138,158
138,173
138,189
138,193
138,225
138,261
140,145
140,157
140,158
140,173
140,189
140,193
140,225
140,261
145,157
145,158
145,173
145,189
145,193
145,225
145,261
157,158
157,173
157,189
157,193
157,225
157,261
158,173
158,189
158,193
158,225
158,261
173,189
173,193
173,225
173,261
189,193
189,225
189,261
193,225
193,261
225,261
3,158
3,173
3,189
3,214
3,280
3,340
158,173
158,189
158,214
158,280
158,340
173,189
173,214
173,280
173,340
189,214
189,280
189,340
214,280
214,340
280,340
133,135
133,138
133,145
133,172
133,214
133,262
133,273
133,276
133,374
133,450
135,138
135,145
135,172
135,214
135,262
135,273
135,276
135,374
135,450
138,145
138,172
138,214
138,262
138,273
138,276
138,374
138,450
145,172
145,214
145,262
145,273
145,276
145,374
145,450
172,214
172,262
172,273
172,276
172,374
172,450
214,262
214,273
214,276
214,374
214,450
262,273
262,276
262,374
262,450
273,276
273,374
273,450
276,374
276,450
374,450
5,10
5,45
5,138
5,142
5,221
5,225
5,280
5,347
5,489
5,522
10,45
10,138
10,142
10,221
10,225
10,280
10,347
10,489
10,522
45,138
45,142
45,221
45,225
45,280
45,347
45,489
45,522
138,142
138,221
138,225
138,280
138,347
138,489
138,522
142,221
142,225
142,280
142,347
142,489
142,522
221,225
221,280
221,347
221,489
221,522
225,280
225,347
225,489
225,522
280,347
280,489
280,522
347,489
347,522
489,522
3,12
3,31
3,53
3,144
3,194
3,198
3,221
3,225
3,261
3,316
12,31
12,53
12,144
12,194
12,198
12,221
12,225
12,261
12,316
31,53
31,144
31,194
31,198
31,221
31,225
31,261
31,316
53,144
53,194
53,198
53,221
53,225
53,261
53,316
144,194
144,198
144,221
144,225
144,261
144,316
194,198
194,221
194,225
194,261
194,316
198,221
198,225
198,261
198,316
221,225
221,261
221,316
225,261
225,316
261,316
3,33
3,138
3,142
3,192
3,193
3,194
3,225
3,261
3,347
3,489
33,138
33,142
33,192
33,193
33,194
33,225
33,261
33,347
33,489
138,142
138,192
138,193
138,194
138,225
138,261
138,347
138,489
142,192
142,193
142,194
142,225
142,261
142,347
142,489
192,193
192,194
192,225
192,261
192,347
192,489
193,194
193,225
193,261
193,347
193,489
194,225
194,261
194,347
194,489
225,261
225,347
225,489
261,347
261,489
347,489
3,53
3,94
3,157
3,159
3,225
3,347
3,489
53,94
53,157
53,159
53,225
53,347
53,489
94,157
94,159
94,225
94,347
94,489
157,159
157,225
157,347
157,489
159,225
159,347
159,489
225,347
225,489
347,489
135,138
135,145
135,201
135,229
135,246
135,260
135,375
135,386
135,535
138,145
138,201
138,229
138,246
138,260
138,375
138,386
138,535
145,201
145,229
145,246
145,260
145,375
145,386
145,535
201,229
201,246
201,260
201,375
201,386
201,535
229,246
229,260
229,375
229,386
229,535
246,260
246,375
246,386
246,535
260,375
260,386
260,535
375,386
375,535
386,535
46,121
46,124
46,138
46,156
46,157
46,219
46,246
46,385
46,426
121,124
121,138
121,156
121,157
121,219
121,246
121,385
121,426
124,138
124,156
124,157
124,219
124,246
124,385
124,426
138,156
138,157
138,219
138,246
138,385
138,426
156,157
156,219
156,246
156,385
156,426
157,219
157,246
157,385
157,426
219,246
219,385
219,426
246,385
246,426
385,426
128,145
128,246
145,246
45,57
45,80
45,121
45,133
45,142
45,220
45,226
45,229
45,246
45,275
45,468
57,80
57,121
57,133
57,142
57,220
57,226
57,229
57,246
57,275
57,468
80,121
80,133
80,142
80,220
80,226
80,229
80,246
80,275
80,468
121,133
121,142
121,220
121,226
121,229
121,246
121,275
121,468
133,142
133,220
133,226
133,229
133,246
133,275
133,468
142,220
142,226
142,229
142,246
142,275
142,468
220,226
220,229
220,246
220,275
220,468
226,229
226,246
226,275
226,468
229,246
229,275
229,468
246,275
246,468
275,468
45,133
45,142
45,192
45,226
133,142
133,192
133,226
142,192
142,226
192,226
75,137
75,172
75,199
75,207
75,220
75,229
75,452
75,522
137,172
137,199
137,207
137,220
137,229
137,452
137,522
172,199
172,207
172,220
172,229
172,452
172,522
199,207
199,220
199,229
199,452
199,522
207,220
207,229
207,452
207,522
220,229
220,452
220,522
229,452
229,522
452,522
4,33
4,173
4,229
4,267
4,273
4,276
4,352
33,173
33,229
33,267
33,273
33,276
33,352
173,229
173,267
173,273
173,276
173,352
229,267
229,273
229,276
229,352
267,273
267,276
267,352
273,276
273,352
276,352
