1,50
1,94
1,156
1,173
1,194
1,195
1,216
1,223
1,225
1,361
1,375
1,530
50,94
50,156
50,173
50,194
50,195
50,216
50,223
50,225
50,361
50,375
50,530
94,156
94,173
94,194
94,195
94,216
94,223
94,225
94,361
94,375
94,530
156,173
156,194
156,195
156,216
156,223
156,225
156,361
156,375
156,530
173,194
173,195
173,216
173,223
173,225
173,361
173,375
173,530
194,195
194,216
194,223
194,225
194,361
194,375
194,530
195,216
195,223
195,225
195,361
195,375
195,530
216,223
216,225
216,361
216,375
216,530
223,225
223,361
223,375
223,530
225,361
225,375
225,530
361,375
361,530
375,530
