10,49
10,50
10,128
10,144
10,155
10,156
10,183
10,186
10,220
10,226
10,276
10,347
49,50
49,128
49,144
49,155
49,156
49,183
49,186
49,220
49,226
49,276
49,347
50,128
50,144
50,155
50,156
50,183
50,186
50,220
50,226
50,276
50,347
128,144
128,155
128,156
128,183
128,186
128,220
128,226
128,276
128,347
144,155
144,156
144,183
144,186
144,220
144,226
144,276
144,347
155,156
155,183
155,186
155,220
155,226
155,276
155,347
156,183
156,186
156,220
156,226
156,276
156,347
183,186
183,220
183,226
183,276
183,347
186,220
186,226
186,276
186,347
220,226
220,276
220,347
226,276
226,347
276,347
