dN/dS,LRT,p-value,Log(L)
1.028145822447522e-15,1.63020681111419,0.1008372230615553,-4.147571124692067
2.093959926088373e-15,1.054154817001404,0.1522760660214846,-4.062350360521799
5.24143268477775e-17,1.021455052042292,0.1560870576293942,-4.249301627290695
4.162828811893032e-17,1.043651582908943,0.153486864274266,-4.202305368905035
1.938106556428483,0.3535381590663889,0.2760585326095055,-11.89422164762956
2.269969926313108e-14,1.163412347488839,0.1403794861050136,-4.563888111607622
2.449231293967717e-15,0.686748416361894,0.2036362858950423,-10.50173798428132
3.975272492142624e-14,1.27952007709119,0.128994143980644,-4.162031399860097
9.682324783204268e-17,0.9393107479109606,0.1662275813813487,-4.092444360519503
1.928549675494667,0.3487864885597034,0.2774004372970346,-16.93640228909508
3.17603086687411e-16,0.6435514632959158,0.2112138396441306,-4.662429798151122
9.555848176237971e-17,1.143513670900687,0.1424555468382034,-4.368442052274882
1.028145822447522e-15,0.6435519225066137,0.2112137568775766,-10.86915531140357
4.936130869128893e-15,1.132666905297409,0.1436035986837146,-4.47770005242858
9.682324783204268e-17,1.078071305339471,0.1495647095886306,-15.95781865042514
1.735186185508464,0.2537132220727969,0.3072362674291444,-25.86513536501859
1,0,1,0
1.906631021444044,1.350666912162339,0.1225807801149386,-37.37669421681861
1.445004056083498,0.3596995559009102,0.2743365709224657,-30.07379078903538
6.728744545674702e-16,4.293034693592489,0.01913440069828426,-18.86348672786638
2.287852447174094e-16,4.860033559901861,0.01374290072775358,-12.02670493417591
0.8929632872625936,0.02651624990321721,0.4353229508442057,-31.65446143605343
0.3938916695462217,1.210690613278466,0.1355976954412739,-11.83002000075901
1,0,1,0
1.983488526120133,1.880978229927919,0.08511150362151881,-45.4379542444932
0.4863051226279523,0.6687477465366278,0.2067442702763967,-11.10917353687067
1,0,1,0
0.9818460156876734,0.0006728539933931188,0.4896528252853415,-31.34326015101825
1.028145822447522e-15,2.578280093853941,0.05416966044259791,-27.3836300143984
1,0,1,0
0.4799983242966294,0.6971342848542363,0.2018741473633363,-20.83112062395718
1,0,1,0
9.682324783204268e-17,4.719861776185965,0.01490806989556115,-12.00690478058642
1,0,1,0
3.17603086687411e-16,4.649563573795398,0.01553072181980675,-11.04553521514515
0.4416255134608825,0.8917103884773923,0.1725071147304011,-18.2840917770644
1,0,1,0
1,0,1,0
3.17603086687411e-16,4.863145389237665,0.0137181364295168,-11.59550613837221
0.489788995832964,0.6537960241188969,0.2093793812522916,-24.12422438257115
0.3845742719433532,1.281336237142028,0.1288253662260967,-25.55338559256115
3.17603086687411e-16,4.52670071463611,0.01668494629801348,-11.9731495312267
0.47449796684371,0.7213699621819636,0.1978474520710659,-11.1210030508888
1,0,1,0
0.4800505512046392,0.6963335637823249,0.2020092096284737,-19.59955133373096
0.4896709905277117,0.6542945752563796,0.2092907143068664,-27.36253022777488
0.8880625647201025,0.02921506441922617,0.432141704303045,-17.83783886774713
5.840566125974614e-16,5.075817634174776,0.01213091344025069,-15.18695487110354
1,0,1,0
0.4793142247471484,0.6997899636749487,0.201427139270139,-10.4339729691068
1,0,1,0
0.8847848062285681,0.03112675211477978,0.4299789513514883,-23.5556011013867
1,0,1,0
9.682324783204268e-17,4.508431109132093,0.0168640821105035,-8.762613225651304
9.682324783204268e-17,4.649563763139064,0.01553072010669837,-28.57514206343081
2.287852447174094e-16,4.0822817195859,0.02166755129804127,-12.82614446635742
6.728744545674702e-16,4.779788149489988,0.01439783151443919,-22.18169379275529
1.028145822447522e-15,2.575087121970519,0.05427906237258595,-17.41035333174498
0.4418954657229747,0.8901759426542384,0.1727148168142105,-17.30804122536891
6.728744545674702e-16,3.093350981232415,0.03930638142384923,-15.1108781270036
1.994285714622061,1.908081007743277,0.08358828968567977,-47.2216457394236
6.728744545674702e-16,3.880062651062609,0.02443136697926895,-12.41057687880094
1.841805421772439,0.9181491206975991,0.1689807112629717,-30.61036776772525
5.840566125974614e-16,4.08228149591929,0.02166755416600435,-12.46418237042199
1.173551806725974,0.0726175943831322,0.3937815045622399,-23.64513401977766
1.243528061375458,0.1321285645684043,0.3581175995783876,-44.94786834461729
5.840566125974614e-16,5.207377753155782,0.01124561608176167,-19.33632290322969
0.4382003089757727,0.911598949790509,0.1698452630091834,-13.96207209762131
2.399625215288097,3.485672188460953,0.03095110829089898,-47.03299038677536
0.7850337954574256,0.1267646290770372,0.3609052273017677,-27.46369756181076
1.028145822447522e-15,4.293034694532516,0.01913440068770594,-16.63909288473911
0.4239475187784869,0.9986386562965137,0.1588200688052098,-20.50907064305731
1,0,1,0
5.840566125974614e-16,4.170952762749955,0.02056133431995077,-11.40091779610888
0.4820693857869724,0.6878760636479129,0.2034438755526136,-18.66192760493582
1,0,1,0
6.728744545674702e-16,4.860527923360138,0.0137389634214492,-24.00871255394036
9.555848176237971e-17,4.780130355520342,0.0143949706276742,-11.53092373190351
3.17603086687411e-16,4.50911160281613,0.01685737388264441,-11.43558518032311
1,0,1,0
5.840566125974614e-16,4.082281493790166,0.02166755419330502,-11.35975775653997
1,0,1,0
1,0,1,0
1,0,1,0
0.4311577173484428,0.9536060302133151,0.1644015544007176,-14.12607393476405
1,0,1,0
3.17603086687411e-16,2.742988757234702,0.04884095755809914,-10.15090223877111
1,0,1,0
1,0,1,0
5.840566125974614e-16,4.293034694545554,0.01913440068755923,-10.6774792773236
9.682324783204268e-17,3.094029874841791,0.03928998847713655,-10.93255511115839
1,0,1,0
3.17603086687411e-16,5.076344798654095,0.01212722532147109,-11.16223261594672
0.3899194399934234,1.242190412892157,0.1325246625695777,-12.80856141734372
0.9341117785631322,0.009479755374918852,0.461218652326235,-20.01353301201256
1,0,1,0
0.4435323641472347,0.880280025085888,0.174062497168875,-16.86229582608313
1,0,1,0
1,0,1,0
1,0,1,0
1,0,1,0
1,0,1,0
1,0,1,0
0.4440359122170424,0.8780303827393681,0.1743708548775867,-13.40189358680835
5.840566125974614e-16,4.779498802158518,0.0144002509575073,-14.9245892362076
1,0,1,0
5.840566125974614e-16,5.113183732327567,0.0118723543763587,-9.617204771472455
0.4748539585421512,0.7197247656852177,0.1981171029400962,-10.63993476779746
1,0,1,0
2.672691953943431,3.551704020104609,0.02974216666690854,-35.78893564756026
1,0,1,0
0.8885148340346238,0.0289598470137733,0.4324358905030334,-19.4307210681066
2.449231293967717e-15,4.569794209016536,0.01627023710266201,-29.15752849197807
1,0,1,0
1.028145822447522e-15,4.293034694296615,0.0191344006903606,-20.97898233585166
1,0,1,0
1.028145822447522e-15,5.076255223621999,0.01212785191926341,-10.46930227711881
6.728744545674702e-16,4.526700714333998,0.01668494630095924,-22.64202593335224
1,0,1,0
1,0,1,0
0.5331040468826068,0.4919014222156619,0.241540173729186,-14.21164969095022
1.732306007982732,1.009496911128721,0.1575116968763653,-39.34417429285782
6.728744545674702e-16,3.88006264103192,0.02443136712523325,-11.86028524216717
1,0,1,0
0.4097583594932369,1.093251320062642,0.1478759713418996,-18.75061385807689
6.728744545674702e-16,3.284483343176493,0.03496881840030092,-11.213025791971
1,0,1,0
1.80294039022727,1.147482391111723,0.1420383970752814,-34.2625276155503
1,0,1,0
2.287852447174094e-16,3.282584083456641,0.03500930240180461,-11.6311933421243
5.840566125974614e-16,3.879366812440935,0.02444149487816644,-29.21860129834946
6.728744545674702e-16,5.124335927062518,0.01179629823104822,-20.27968183407085
1,0,1,0
1,0,1,0
6.728744545674702e-16,4.78003225349137,0.0143957907128307,-23.96989200468492
1.028145822447522e-15,4.30986545142845,0.01894597923679503,-17.28901246981172
2.287852447174094e-16,4.509074000980746,0.01685774448439464,-10.89116655484343
1,0,1,0
1,0,1,0
0.3910028248870868,1.233442034959452,0.1333693435726423,-12.91170214495396
1,0,1,0
0.4430422149439854,0.8831474790686471,0.173670528570083,-15.6864068397646
1,0,1,0
0.489902999608367,0.6533024058647925,0.2094672259871672,-27.98266736119142
1,0,1,0
3.17603086687411e-16,4.526700829847389,0.01668494517464153,-12.67371802699619
1,0,1,0
9.682324783204268e-17,3.093694140670213,0.03929809438287712,-15.72103784158615
1,0,1,0
3.17603086687411e-16,4.860031834789279,0.01374291446928788,-10.49131630540534
1.028145822447522e-15,4.082281493857131,0.02166755419244637,-17.36897310275024
5.840566125974614e-16,5.113365122361344,0.01187111326569529,-17.00829792581415
1.028145822447522e-15,3.879727032000098,0.0244362513458764,-19.1361297257321
3.994177816677626,11.36312162280132,0.0003745840216853868,-78.83372940754668
2.287852447174094e-16,4.570017730076067,0.01626811433524378,-12.05054031635752
1,0,1,0
0.8199957325875137,0.08394600394933605,0.3860097308670346,-19.23735505584453
3.139654619575825,6.448369027716581,0.005552712200302623,-45.87591437995489
2.287852447174094e-16,3.877746578987388,0.02446509448284007,-12.61768388270338
1.350538012730592,0.2445400508054263,0.3104730547795426,-36.41076009044357
3.678726092617158,9.123465341161264,0.001261757440557287,-57.23863619138032
9.682324783204268e-17,5.113533083085304,0.01186996416132841,-11.18992693215272
5.840566125974614e-16,4.309766288802596,0.01894708365639519,-10.05933105257003
9.682324783204268e-17,4.309502581483656,0.01895002101392024,-9.505303987318458
0.3909577309752219,1.233796748331258,0.1333349648297327,-13.12225375619644
0.8684527781605519,0.04155295954564053,0.4192371448593852,-26.95285370817684
6.728744545674702e-16,2.745112359176964,0.04877610991962167,-17.42017576331027
1,0,1,0
1,0,1,0
1.028145822447522e-15,2.745863983145099,0.04875318035934401,-18.33986851489225
1,0,1,0
0.4241229511255534,0.9970613377801101,0.1590113122401627,-53.62802917627307
1.603317369006585,0.3819329226280885,0.2682852900382821,-16.83623786132859
0.4742865869494497,0.722308745578367,0.1976938207354646,-17.3072460618223
0.9419960143301067,0.007265883058231282,0.4660352360847784,-19.18854208308834
1,0,1,0
3.17603086687411e-16,3.754003592027143,0.0263405928649485,-9.212388068661872
1,0,1,0
1,0,1,0
1.028145822447522e-15,2.743093014905597,0.04883777168708869,-17.91125961434314
0.8887746302540803,0.02881388437345578,0.4326047397856557,-21.07890527719779
0.4411930681577704,0.8941911232588211,0.1721720373949359,-12.65696671292326
0.982181204207497,0.0006490951469260153,0.4898371090442298,-37.03413223516838
1,0,1,0
1,0,1,0
1,0,1,0
0.8888851218166018,0.02875129175141211,0.4326772815809909,-26.62538200788878
0.4182582425950875,1.035217575274384,0.1544681759433116,-12.00210648391496
2.366324862736715,2.820408907679649,0.04653634499153314,-41.02569630655097
0.4648584608158596,0.7685660924064166,0.1903305044991886,-14.14014009218309
0.7944547588643391,0.1141030484281913,0.3677601852671012,-21.67738535756717
1,0,1,0
2.449231293967717e-15,2.736910103737451,0.04902709943177042,-16.91134537117532
1,0,1,0
1,0,1,0
1,0,1,0
3.17603086687411e-16,5.125881107477198,0.01178580027925047,-30.87419791744119
0.8855415369495159,0.03069708313952191,0.4304589514559426,-30.82072271610409
1.713650047878567,0.9728741111424029,0.1619822142366248,-54.05064006855382
2.287852447174094e-16,4.719283375985043,0.01491308540451197,-15.49257579922097
5.840566125974614e-16,4.293032808981017,0.01913442190626474,-23.98213111013789
1.974869603737528,1.859966027019894,0.08631436067511061,-48.34550291546984
9.682324783204268e-17,4.08228158759772,0.02166755299045847,-11.18949195901157
3.209571818068634,7.596526177417971,0.002924043490234396,-56.71474262906572
1.35855467206827,0.2540801385080087,0.3071083334834456,-27.04418418897964
1.1984818546542,0.09229225548127573,0.3806415030284869,-30.53995316545116
6.771941737530898e-17,3.094007811206389,0.03929052112232717,-11.24231912171561
0.479730603249592,0.6977880938305105,0.2017639632014967,-19.65806007870808
4.05369993832512,12.84167829082925,0.0001694917177360589,-63.12622119255781
1.028145822447522e-15,2.571553189019177,0.0544004298202565,-17.00233424115093
0.5337787564085109,0.4896985889534697,0.2420308939272651,-13.45498076319824
0.8692722214494798,0.04102490303427686,0.4197449301967001,-19.33588928463968
1,0,1,0
4.0479524494288e-15,4.649563585557999,0.01553072171338327,-36.04565425147722
1.208543145123941,0.06718155913325319,0.3977427581920445,-19.39283309525428
1,0,1,0
0.4348087004075388,0.9309849310175977,0.1673035610743255,-18.59672650157814
0.4794879960867504,0.6979111170358934,0.201743240323308,-20.09895964964768
0.4897309006431605,0.6540443387346073,0.2093352116974481,-18.06861853168043
5.840566125974614e-16,4.526700829945721,0.01668494517368269,-11.88895167924608
6.728744545674702e-16,3.880062602475864,0.02443136768629212,-11.26902850216446
3.17603086687411e-16,4.08228171926935,0.02166755130210019,-12.03687244456958
0.4746028844899932,0.7208786603811852,0.1979279219250599,-11.56102573032892
0.4340920952883273,0.9353379271430704,0.1667398493130464,-12.44225807203251
0.3910108325460691,1.233378596212688,0.1333754932060867,-12.76396151268807
9.682324783204268e-17,3.094007745160845,0.0392905227167652,-11.24154179813228
1,0,1,0
2.449231293967717e-15,4.082281719651867,0.02166755129719539,-16.8253950052462
5.840566125974614e-16,4.526700633309833,0.0166849470909885,-9.978001575189563
0.4795970988464379,0.6983774485493583,0.2016647163716202,-17.97656506880161
5.840566125974614e-16,4.293032788315038,0.01913442213882405,-10.94330467181312
0.8833165390664314,0.03196919734349279,0.4290476390651206,-23.41374544638272
0.9607830024172748,0.003230146600415651,0.4773385639807106,-27.22272175291947
0.8235207618763482,0.08024188336709415,0.3884849426464425,-51.5637488639799
1.562739618307259,0.5161519651891382,0.2362438880177563,-33.6900809012696
1,0,1,0
6.728744545674702e-16,4.293034688428236,0.01913440075639883,-18.38248205774325
2.449231293967717e-15,4.848258382740966,0.0138370306423683,-37.80736825224973
1.319324421487474,0.2096936468901731,0.3235038132260815,-28.71516379244194
0.4099908979304676,1.091650259845949,0.1480529268892952,-19.37546072625011
1.594265146059787,0.745729682729106,0.1939158078077269,-32.52138961168478
0.9576282561629733,0.003788996754622076,0.47545867567015,-27.80051732663716
0.4756922084170346,0.7167175872858138,0.198611357638231,-20.23822250221778
1,0,1,0
1.028145822447522e-15,4.573060167653047,0.0162392492043687,-24.82387633588899
1,0,1,0
1,0,1,0
1.028145822447522e-15,4.170238455425334,0.02057000459364278,-25.48685220797433
1,0,1,0
1,0,1,0
1,0,1,0
0.3834760637582975,1.294143177418643,0.1276429087730084,-11.713686582716
9.682324783204268e-17,4.526700637016205,0.01668494705484941,-11.220993483026
1,0,1,0
0.465917405863159,0.763423444797283,0.1911296416622614,-20.55141882484518
1.028145822447522e-15,4.863214005544272,0.01371759089630464,-17.16996444008005
9.682324783204268e-17,5.076176695170535,0.01212840127133746,-10.10621956855666
0.7717243532750082,0.1455309514155161,0.3514216286855926,-31.03459968915428
0.9628609046369021,0.002893030349397918,0.4785524743211556,-20.10556969891277
2.287852447174094e-16,2.746247287470641,0.04874149153798957,-12.10669155603768
0.4791565098454683,0.7000701006725123,0.201380070228718,-20.00159209702635
1.337103392774106,0.2292589412210475,0.3160369288118868,-27.45713362049241
0.391277280828835,1.231261091987744,0.1335809629472381,-15.03342643989195
0.9833106675800924,0.0005686200921033446,0.4904878210942809,-19.76906384042852
9.682324783204268e-17,5.126402592054088,0.01178225950147022,-10.17708640364797
5.840566125974614e-16,4.508979250748993,0.01685867837554494,-10.1894932793914
1.028145822447522e-15,2.571695735828538,0.05439552850496937,-12.25518693808592
1,0,1,0
3.17603086687411e-16,4.649563763139298,0.01553072010669626,-11.864298483882
1,0,1,0
9.682324783204268e-17,4.432367782932175,0.01763177783916198,-20.68045181039879
9.682324783204268e-17,5.127968850614657,0.01177163154451666,-17.62029291765753
1,0,1,0
1,0,1,0
5.840566125974614e-16,4.212593625286839,0.02006247069133293,-9.286081464728055
1,0,1,0
0.7126821405071705,0.1275073927250077,0.3605152945708637,-25.72487743959609
0.7878807552570891,0.1228542745707415,0.3629795911584771,-19.43440887025865
1,0,1,0
1,0,1,0
9.682324783204268e-17,5.113544305232786,0.01186988738904643,-11.2327767422513
1,0,1,0
1,0,1,0
1,0,1,0
0.4357413461053077,0.9253297069853161,0.1680397228217535,-22.80564424288484
1,0,1,0
1,0,1,0
0.4302461665941888,0.9591886052537966,0.1636956964281674,-11.75838136933515
0.9340217708399685,0.009507556019556773,0.4611620079506348,-34.37304352181686
2.287852447174094e-16,4.170948460768834,0.020561386525976,-11.35786348756425
1,0,1,0
1.430043214873308,0.3401511500799757,0.2798709941301094,-26.93564699918939
1,0,1,0
0.8900463843245181,0.02810419148662646,0.4334320515812611,-27.87777437123668
1.028145822447522e-15,3.880062588255001,0.0244313678932308,-11.12848808052901
1,0,1,0
1,0,1,0
1,0,1,0
1.028145822447522e-15,4.082281719476171,0.02166755129944825,-23.45256482817382
1,0,1,0
6.728744545674702e-16,4.508522474188869,0.01686318128228254,-8.897935116253619
1,0,1,0
1,0,1,0
1,0,1,0
1,0,1,0
1,0,1,0
0.393915664497991,1.210496458017094,0.1356169109998457,-12.17716693137011
9.682324783204268e-17,4.212678617133889,0.02006146557101257,-9.573082508224932
9.682324783204268e-17,4.293031548704583,0.01913443608846849,-11.37493430831509
9.682324783204268e-17,4.309502581483656,0.01895002101392024,-9.505303987318458
6.728744545674702e-16,3.093922850008759,0.03929257227005034,-10.54873434234072
1,0,1,0
1,0,1,0
1,0,1,0
2.287852447174094e-16,4.88541189577111,0.01354228566287619,-10.10914888050155
5.840566125974614e-16,4.170884127272984,0.02056216725175375,-10.30145943985766
9.682324783204268e-17,4.082281493942528,0.02166755419135136,-10.26102147919227
6.728744545674702e-16,3.754003591740137,0.02634059286947077,-9.163892257015894
9.555848176237971e-17,5.126313171664183,0.01178286656996991,-11.4201933403941
0.8622950536304312,0.04600477065493891,0.41508356319732,-21.80119302866261
9.682324783204268e-17,4.569980199369624,0.01626847074213467,-11.02499733841968
1,0,1,0
0.4327755635316992,0.9430741403042546,0.1657442517382769,-15.82133141748418
1,0,1,0
5.840566125974614e-16,4.52670082994559,0.01668494517368402,-10.38942145028678
5.840566125974614e-16,4.212259764076354,0.02006641947209342,-15.20189276204317
3.17603086687411e-16,3.093922850028743,0.03929257226956778,-10.54871046733764
1.341801407304864,0.2345422464546516,0.3140880423995598,-24.3291016640083
0.4905816057074244,0.650438547975881,0.2099779654493156,-32.61804685659772
0.7800788175980083,0.06696752048986099,0.3979021729419899,-21.23787844093567
1,0,1,0
2.804502661847769e-15,2.743081842334611,0.04883811308393193,-24.42123278866906
0.430554738836712,0.9572881604893624,0.1639355354382935,-21.71188403422982
1,0,1,0
5.840566125974614e-16,5.124595092461128,0.01179453678536907,-22.42812908983856
1,0,1,0
9.682324783204268e-17,2.831195661237278,0.04622475330066816,-12.02158814595319
1,0,1,0
0.4410255298333248,0.8951567403073994,0.1720418476857395,-16.9522474817002
1,0,1,0
6.728744545674702e-16,4.780107263708295,0.01439516365959292,-10.67784183672747
0.4766887895989259,0.7112411706152173,0.1995160405382904,-20.2725430231264
6.728744545674702e-16,3.093922836263882,0.03929257260189079,-10.54862937842807
2.287852447174094e-16,4.082281719651885,0.02166755129719516,-11.64149927683967
3.17603086687411e-16,4.618546752131245,0.0158140118619341,-10.00924202589501
5.840566125974614e-16,1.301668367801113,0.1269543509299284,-4.549705584591073
2.065807842256774e-16,1.324062759871254,0.1249321059869075,-3.735816355175121
2.804502661847769e-15,1.094089284437496,0.1477834642679455,-4.368752358794006
1.417318643400957e-14,1.301668324032498,0.1269543549214549,-16.31153961785977
2.269969926313108e-14,1.18023807776842,0.1386537665238678,-4.296102572124453
2.744589317728e-16,1.05868709333776,0.1517574098251891,-10.12109229490505
2.269969926313108e-14,1.180238096031633,0.1386537646652633,-8.871574976239325
2.287852447174094e-16,1.30166836690999,0.1269543510111953,-4.483887399867517
3.17603086687411e-16,1.063052928533226,0.1512599571117711,-4.428784728272842
9.016546239874251e-17,1.286457248496025,0.1283509313091084,-3.733927107064064
1.843763237323921e-16,1.17892610699803,0.1387873636712794,-3.799472637912033
5.24143268477775e-17,1.112069658906585,0.1458162464116891,-3.751984353016268
2.287852447174094e-16,1.264719896396114,0.1303797829552111,-4.476423860681397
2.804502661847769e-15,0.6905917999220446,0.2029815803011968,-4.422081601316434
9.682324783204268e-17,1.178952429881869,0.1387846816364632,-4.373296546366367
6.722605837085583e-15,1.061504497508555,0.1514361473584243,-4.180817341140107
1.028145822447522e-15,1.423245794724108,0.1164349496135288,-4.147571124692067
1.038263951005382e-15,0.988872934360927,0.1600089976630662,-10.41574199418193
9.682324783204268e-17,1.107593123507321,0.1463028745766153,-13.10099122110745
6.722605837085583e-15,1.120213504388939,0.1449362428167288,-4.447232041342877
2.804502661847769e-15,0.6116868309692229,0.2170766972752686,-4.422081601316434
2.271595610028619e-15,0.8064680226637684,0.1845832727913595,-10.38535188260119
6.722605837085583e-15,1.101655573064299,0.146951531095948,-10.8201454011823
5.840566125974614e-16,0.9258903004816439,0.1679665549443657,-10.72442987041731
1.028145822447522e-15,1.049232454359078,0.1528419628986573,-10.06981036053262
9.682324783204268e-17,1.014007599693256,0.1569723264192001,-4.29820251940552
3.975272492142624e-14,0.6647245641108661,0.2074484664532224,-4.035270186985661
4.162828811893032e-17,0.9686836037797395,0.1625043519573739,-3.727835207332118
2.093959926088373e-15,0.8335864403021294,0.1806187591878432,-4.484718233207071
3.17603086687411e-16,1.026944644374863,0.1554386823742522,-4.341016981040093
6.722605837085583e-15,1.046339305672024,0.1531758433207221,-10.24318130019035
3.733325382501081,2.323058694497242,0.06373457903676777,-12.3984395420324
6.722605837085583e-15,1.044519626830855,0.153386325536734,-10.04943768284462
3.975272492142624e-14,0.6647245641108661,0.2074484664532224,-4.035270186985661
2.269969926313108e-14,0.9988914113108791,0.1587894513482589,-4.261341509852492
2.269969926313108e-14,0.9988914113108791,0.1587894513482589,-4.261341509852492
9.555848176237971e-17,1.090576717048146,0.1481717312043562,-4.042421691649038
3.17603086687411e-16,0.8959230256038531,0.1719386276273807,-4.760968614921051
9.555848176237971e-17,0.9050368559056396,0.1707173627917731,-3.464902874912232
3.975272492142624e-14,1.098570142508613,0.1472900562795072,-4.133635906152692
5.396476916132113e-16,0.8769983579631173,0.1745125625241075,-4.212646268766052
3.975272492142624e-14,0.6647245641108661,0.2074484664532224,-4.035270186985661
2.269969926313108e-14,0.9988914113108791,0.1587894513482589,-4.261341509852492
2.269969926313108e-14,0.9988914113108791,0.1587894513482589,-4.261341509852492
1.20578150638828e-15,0.8955832317730277,0.1719843881605737,-11.3414480233991
2.09345522007937,0.429308972993951,0.2561641098101957,-14.26014439128891
3.975272492142624e-14,0.6647245641108661,0.2074484664532224,-4.035270186985661
4.162828811893032e-17,0.8960566108761192,0.1719206420080835,-4.167872127873181
4.162828811893032e-17,0.9686836037797395,0.1625043519573739,-3.727835207332118
1.417318643400957e-14,1.10165444907031,0.1469516542361624,-4.739130918876872
2.093959926088373e-15,0.9042654324285273,0.1708202804443844,-8.025684779701892
5.840566125974614e-16,0.5532068059675019,0.2285051737049555,-9.401975985413852
2.093959926088373e-15,0.9683715316151584,0.1625433251535601,-9.003662125112131
2.287852447174094e-16,1.049032291696527,0.1528650320594542,-9.781194170587984
4.936130869128893e-15,0.5871014075126872,0.2217710902374692,-8.764299661041703
4.162828811893032e-17,0.8960566108761192,0.1719206420080835,-4.167872127873181
1.038263951005382e-15,1.09699717527927,0.1474630222750053,-20.68821142104768
9.555848176237971e-17,0.9050368559056396,0.1707173627917731,-3.464902874912232
3.975272492142624e-14,0.8769983433276138,0.1745125645348227,-16.29492886005246
2.065807842256774e-16,0.9686862558304306,0.1625040208084413,-3.791976902371084
9.682324783204268e-17,1.026796533305347,0.1554561296496364,-10.0209952271989
2.744589317728e-16,0.9049875686541071,0.1707239358358748,-10.72375223737265
3.17603086687411e-16,0.9259941599172947,0.1679530040399345,-4.403269358410331
9.682324783204268e-17,1.014007599693256,0.1569723264192001,-4.29820251940552
3.975272492142624e-14,0.6647503133568229,0.2074439481682862,-4.596797808796598
2.744589317728e-16,0.89605559600645,0.1719207786382607,-4.103729614928075
1.843763237323921e-16,1.026921456409479,0.1554414137155377,-3.779489359229151
9.555848176237971e-17,0.9050368559056396,0.1707173627917731,-3.464902874912232
1.843763237323921e-16,1.026921456409479,0.1554414137155377,-3.779489359229151
3.17603086687411e-16,0.9259941599172947,0.1679530040399345,-4.403269358410331
1.028145822447522e-15,0.704744099430366,0.2005970924554597,-4.218826989976582
1.843763237323921e-16,1.026921456409479,0.1554414137155377,-3.779489359229151
1.038263951005382e-15,0.9724914579119766,0.1620298008130129,-4.175153450673447
1.843763237323921e-16,1.026921456409479,0.1554414137155377,-3.779489359229151
1.417318643400957e-14,1.10165444907031,0.1469516542361624,-4.739130918876872
2.509897052099161e-16,0.9920812170637454,0.1596171191923852,-3.827981845629511
2.744589317728e-16,0.8959955055212525,0.171928868779576,-10.07054171886015
3.975272492142624e-14,0.6646022862106093,0.207469924852588,-10.27638860826995
5.840566125974614e-16,1.090579369099835,0.1481714375626989,-4.106563386688004
2.287852447174094e-16,0.8905537771286376,0.1726636418700385,-11.52852710413101
3.17603086687411e-16,1.026944644374863,0.1554386823742522,-4.341016981040093
9.555848176237971e-17,0.9050368559056396,0.1707173627917731,-3.464902874912232
1.20578150638828e-15,0.806468022630348,0.1845832727963195,-10.37646167691072
4.936130869128893e-15,0.9724915109170382,0.1620297942200495,-10.41178380386446
3.17603086687411e-16,1.026944644374863,0.1554386823742522,-4.341016981040093
9.682324783204268e-17,1.09052750834552,0.1481771798478296,-11.12195054423065
2.744589317728e-16,0.8769983579631173,0.1745125625241075,-10.5889419146742
9.682324783204268e-17,0.904938286894911,0.170730508488433,-10.03059088676849
1.8015860006734,0.2857220472424942,0.2964875382059141,-9.711840628280434
9.555848176237971e-17,1.090576717048146,0.1481717312043562,-4.042421691649038
3.17603086687411e-16,0.8959230256038531,0.1719386276273807,-4.760968614921051
2.804502661847769e-15,0.6015564126471915,0.2189923998151129,-4.422081601316434
1.028145822447522e-15,0.704744099430366,0.2005970924554597,-4.218826989976582
9.682324783204268e-17,0.8064680227007326,0.1845832727858737,-4.064048866812101
2.065807842256774e-16,0.9686862558304306,0.1625040208084413,-3.791976902371084
2.269969926313108e-14,0.9988914324201019,0.1587894487915185,-16.58873015016403
3.17603086687411e-16,1.026944644374863,0.1554386823742522,-4.341016981040093
3.975272492142624e-14,0.8959229556176069,0.171938637050837,-11.07312135161715
3.975272492142624e-14,0.8959230174771839,0.1719386287216144,-4.696825598604415
3.479574723590854e-16,0.9724915092888082,0.1620297944225748,-11.17139428385269
2.013697163776936,0.3912493221541169,0.2658217175408932,-11.98792158469548
3.17603086687411e-16,0.5525566556504575,0.2286374618766276,-5.164156233413465
3.17603086687411e-16,1.026944644374863,0.1554386823742522,-4.341016981040093
2.065807842256774e-16,0.9686862558304306,0.1625040208084413,-3.791976902371084
3.975272492142624e-14,0.6647245641108661,0.2074484664532224,-4.035270186985661
9.682324783204268e-17,1.014007599693256,0.1569723264192001,-4.29820251940552
2.065807842256774e-16,0.8769982972752546,0.1745125708617787,-3.946755025535565
2.261875095883441,0.5136178016546893,0.2367884587235088,-12.29504626096842
9.555848176237971e-17,1.090576717048146,0.1481717312043562,-4.042421691649038
1.417318643400957e-14,0.5525563568358702,0.2286375227051681,-4.602617242675652
5.396476916132113e-16,0.8769983579631173,0.1745125625241075,-4.212646268766052
5.840566125974614e-16,1.090579369099835,0.1481714375626989,-4.106563386688004
1.028145822447522e-15,0.704744099430366,0.2005970924554597,-4.218826989976582
1.843763237323921e-16,1.026921456409479,0.1554414137155377,-3.779489359229151
1.028145822447522e-15,1.399667965347753,0.1183895860114825,-4.147571124692067
2.065807842256774e-16,0.9686862558304306,0.1625040208084413,-3.791976902371084
9.555848176237971e-17,0.9050368559056396,0.1707173627917731,-3.464902874912232
3.17603086687411e-16,0.5525566556504575,0.2286374618766276,-5.164156233413465
1.028145822447522e-15,0.925732010999095,0.1679872103433037,-9.799840048959087
1.843763237323921e-16,1.026921456409479,0.1554414137155377,-3.779489359229151
2.509897052099161e-16,0.9920812170637454,0.1596171191923852,-3.827981845629511
2.065807842256774e-16,0.8769982972752546,0.1745125708617787,-3.946755025535565
2.093959926088373e-15,0.9050600437756753,0.1707142705300871,-4.026430496723176
1.20578150638828e-15,0.9048624498966014,0.1707406234492415,-9.418091128942272
3.975272492142624e-14,0.6647245641108661,0.2074484664532224,-4.035270186985661
3.17603086687411e-16,0.5525566556504575,0.2286374618766276,-5.164156233413465
2.287852447174094e-16,1.048833032614088,0.1528880015603906,-9.558310674008636
1.843763237323921e-16,1.026921456409479,0.1554414137155377,-3.779489359229151
4.162828811893032e-17,0.9686836037797395,0.1625043519573739,-3.727835207332118
2.269969926313108e-14,0.9988914621915779,0.1587894451856094,-4.527232753082977
3.17603086687411e-16,1.026944644374863,0.1554386823742522,-4.341016981040093
9.555848176237971e-17,1.090576717048146,0.1481717312043562,-4.042421691649038
1.028145822447522e-15,1.399667965347753,0.1183895860114825,-4.147571124692067
1.417318643400957e-14,1.101655580321538,0.1469515303008749,-4.507626226467222
4.162828811893032e-17,0.9686836037797395,0.1625043519573739,-3.727835207332118
6.722605837085583e-15,1.101655579475848,0.1469515303935251,-4.443483206087286
1.738688558207614e-15,0.9817482310938495,0.1608837884664255,-10.31227959311907
3.17603086687411e-16,0.9259941599172947,0.1679530040399345,-4.403269358410331
9.555848176237971e-17,0.9050368559056396,0.1707173627917731,-3.464902874912232
9.016546239874251e-17,1.120585436511065,0.1448962146536744,-3.725573420039932
9.682324783204268e-17,0.8064680227007326,0.1845832727858737,-4.064048866812101
4.162828811893032e-17,1.014010258495153,0.1569720092025905,-4.362344214444485
9.555848176237971e-17,0.9050368559056396,0.1707173627917731,-3.464902874912232
9.555848176237971e-17,0.9818078733629747,0.1608764393153798,-4.341566175554716
1.845341100445858,0.3075299207319233,0.2895999474184836,-10.5513114494005
4.162828811893032e-17,0.9686836037797395,0.1625043519573739,-3.727835207332118
2.269969926313108e-14,0.9988914621915761,0.1587894451856095,-4.591375773462914
9.555848176237971e-17,0.9818088909576126,0.1608763139306837,-4.40570787059368
9.016546239874251e-17,1.120585436511065,0.1448962146536744,-3.725573420039932
1.417318643400957e-14,1.09924193217854,0.1472162643768093,-8.73827929353536
1.417318643400957e-14,0.7056362127014637,0.2004481505559386,-18.88943988589892
4.162828811893032e-17,0.8960566108761192,0.1719206420080835,-4.167872127873181
2.509897052099161e-16,0.9920812170637454,0.1596171191923852,-3.827981845629511
4.162828811893032e-17,0.9686836037797395,0.1625043519573739,-3.727835207332118
1.928788801720121,0.3489749602381416,0.2773469772669372,-8.498245486476348
5.396476916132113e-16,0.8769983579631173,0.1745125625241075,-4.212646268766052
1.20578150638828e-15,0.8064680226672758,0.184583272790839,-3.999907171773137
5.840566125974614e-16,1.090423433143012,0.1481887044420985,-10.02086860803348
9.682324783204268e-17,1.014007599693256,0.1569723264192001,-4.29820251940552
5.840566125974614e-16,1.09026371171236,0.1482063931650555,-9.31526362477242
1.038263951005382e-15,0.9724914579119766,0.1620298008130129,-4.175153450673447
9.682324783204268e-17,0.8064680227007326,0.1845832727858737,-4.064048866812101
2.509897052099161e-16,0.9920812170637454,0.1596171191923852,-3.827981845629511
9.555848176237971e-17,1.090576717048146,0.1481717312043562,-4.042421691649038
1.028145822447522e-15,1.026774236904728,0.1554587563550949,-17.60971269050925
2.269969926313108e-14,0.998891420963151,0.1587894501791796,-10.27202074245492
2.804502661847769e-15,0.5429875553053307,0.2305986086138827,-10.37347701882071
2.065807842256774e-16,0.9686862558304306,0.1625040208084413,-3.791976902371084
2.065807842256774e-16,0.9686862558304306,0.1625040208084413,-3.791976902371084
6.728744545674702e-16,0.946595387981656,0.1652937143754129,-10.71269161235398
3.17603086687411e-16,0.9259941599172947,0.1679530040399345,-4.403269358410331
3.975272492142624e-14,0.6647503133568229,0.2074439481682862,-4.596797808796598
4.162828811893032e-17,0.8960566108761192,0.1719206420080835,-4.167872127873181
9.555848176237971e-17,0.9050368559056396,0.1707173627917731,-3.464902874912232
1.417318643400957e-14,1.101655166290044,0.1469515756604673,-8.73616087172087
3.479574723590854e-16,0.9724915109170453,0.1620297942200486,-4.441044693903932
3.17603086687411e-16,1.026944644374863,0.1554386823742522,-4.341016981040093
1.417318643400957e-14,0.5553089964573488,0.2280782592065901,-9.867028908640872
2.093959926088373e-15,0.9050600437756753,0.1707142705300871,-4.026430496723176
2.86946300845037,0.8004709121024653,0.1854763059454053,-10.16422259742735
6.722605837085583e-15,1.044519694114321,0.1533863177471269,-10.04932577967648
9.682324783204268e-17,0.8064680227007326,0.1845832727858737,-4.064048866812101
9.555848176237971e-17,0.9050368559056396,0.1707173627917731,-3.464902874912232
9.555848176237971e-17,1.090576717048146,0.1481717312043562,-4.042421691649038
2.804502661847769e-15,0.6015564126471915,0.2189923998151129,-4.422081601316434
4.162828811893032e-17,0.8960566108761192,0.1719206420080835,-4.167872127873181
3.64281469816969,1.129235226947479,0.1439692626002356,-12.14983792133058
2.804502661847769e-15,0.6015564126471915,0.2189923998151129,-4.422081601316434
2.744589317728e-16,0.89605559600645,0.1719207786382607,-4.103729614928075
4.936130869128893e-15,0.8335864232942889,0.1806187616371486,-10.86895909643052
1.028145822447522e-15,0.9259915066631734,0.1679533502010772,-4.339127663371365
2.269969926313108e-14,0.9988914621915761,0.1587894451856095,-4.591375773462914
9.016546239874251e-17,1.120585436511065,0.1448962146536744,-3.725573420039932
1.028145822447522e-15,0.704744099430366,0.2005970924554597,-4.218826989976582
9.555848176237971e-17,0.9818078733629747,0.1608764393153798,-4.341566175554716
1.028145822447522e-15,0.9259915066631734,0.1679533502010772,-4.339127663371365
2.804502661847769e-15,0.5901328167233633,0.2211838819787104,-4.765045383136125
3.975272492142624e-14,0.8959230174771839,0.1719386287216144,-4.696825598604415
9.555848176237971e-17,0.9818078733629747,0.1608764393153798,-4.341566175554716
2.070871133677239,0.4196133966862412,0.2585650074426039,-10.07656327822511
4.069797205025681,2.580832787078375,0.05408237080706768,-14.44971064574195
2.804502661847769e-15,0.5901328167233633,0.2211838819787104,-4.765045383136125
2.804502661847769e-15,0.5901328167233633,0.2211838819787104,-4.765045383136125
1.417318643400957e-14,1.10165444907031,0.1469516542361624,-4.739130918876872
3.17603086687411e-16,0.9259941599172947,0.1679530040399345,-4.403269358410331
4.162828811893032e-17,0.8960566108761192,0.1719206420080835,-4.167872127873181
1.028145822447522e-15,1.399667965347753,0.1183895860114825,-4.147571124692067
2.804502661847769e-15,0.6015564126471915,0.2189923998151129,-4.422081601316434
2.269969926313108e-14,0.9988914621915761,0.1587894451856095,-4.591375773462914
9.555848176237971e-17,0.9818088909576126,0.1608763139306837,-4.40570787059368
3.975272492142624e-14,0.6647245641108661,0.2074484664532224,-4.035270186985661
9.555848176237971e-17,0.9050368559056396,0.1707173627917731,-3.464902874912232
1.417318643400957e-14,1.101655580321538,0.1469515303008749,-4.507626226467222
2.065807842256774e-16,0.9686862558304306,0.1625040208084413,-3.791976902371084
2.744589317728e-16,0.89605559600645,0.1719207786382607,-4.103729614928075
3.17603086687411e-16,1.049831211821918,0.1527729817742702,-4.389509467443399
9.555848176237971e-17,0.9818088909576126,0.1608763139306837,-4.40570787059368
2.065807842256774e-16,0.9686862558304306,0.1625040208084413,-3.791976902371084
2.744589317728e-16,0.8960158843372845,0.1719261250679129,-10.48025212196456
9.555848176237971e-17,0.9818088909576126,0.1608763139306837,-4.40570787059368
2.744589317728e-16,0.89605559600645,0.1719207786382607,-4.103729614928075