dN/dS,LRT,p-value,Log(L)
1.028145822447522e-15,3.016004275806942,0.04122318612004244,-4.079268189148431
3.142332927299856,2.761442024819438,0.04828058168145338,-26.54599532376979
6.728744545674702e-16,1.971385410436916,0.08015044264720966,-11.53629372487703
3.17603086687411e-16,1.886546871853907,0.0847959574968572,-4.311324584206766
5.840566125974614e-16,1.886545741560637,0.08479602140837811,-4.235856543344833
1.340273035413137e-15,2.258814103352066,0.06642788226558938,-11.14984411147039
4.936130869128893e-15,1.160967516150709,0.1406324882574438,-11.89572422455598
0.8100942288205248,0.04749933464048084,0.4137365976875503,-11.42926243267588
2.508879175255438,1.267593927652364,0.1301092716136313,-19.0277636905239
5.840566125974614e-16,1.886545741560637,0.08479602140837811,-4.235856543344833
1.815889102322258,0.293744716792478,0.2939153804008034,-14.09146260527073
2.287852447174094e-16,2.129029045716237,0.07226614162233841,-9.344955554116154
2.804502661847769e-15,1.10428461897077,0.1466638643752639,-13.36364411270784
0.9576310634859915,0.001895927317026036,0.4826346439069198,-12.87208296497741
1.102746841866204,0.009238995050967702,0.4617127561730188,-11.35709342126437
0.9006812670297947,0.01130520557634185,0.4576618754425661,-12.23271236850452
1.02994948378499,0.0008597849235272292,0.4883038548639411,-13.27513182312487
1,0,1,0
3.788784395711636,5.93718115686292,0.007412355045295138,-34.35249384761764
2.271595610028619e-15,2.9511464512548,0.04290833002432687,-20.70803292240862
0.5641637440564381,0.3991839262801236,0.2637555062570914,-12.27682819970395
0.6754218801958167,0.1756656358388753,0.3375624469681593,-12.49515055084029
1,0,1,0
9.682324783204268e-17,2.981512298170191,0.04211027295528752,-9.807497931622466
1.111938766200826,0.02166874450939105,0.4414858678208353,-20.25217650916485
2.804502661847769e-15,2.872656463192584,0.04504802320747719,-19.34515938742178
2.287852447174094e-16,3.291502825618203,0.03481962778391345,-11.94433401610744
6.728744545674702e-16,2.872656461670459,0.04504802325007623,-11.91367294627695
2.449231293967717e-15,1.603859715687552,0.1026785446861803,-12.5851913416873
1,0,1,0
0.740298703678369,0.100005350011994,0.3759116069688766,-14.48545556694081
9.682324783204268e-17,3.700432674562165,0.02719917998298749,-11.60950905573061
1,0,1,0
1,0,1,0
2.287852447174094e-16,3.29150282564072,0.034819627783436,-10.55502633681112
1,0,1,0
0.6800084893416021,0.1695308868814109,0.3402645301357866,-13.93543632997631
1,0,1,0
2.287852447174094e-16,3.547581869412227,0.02981614704830277,-9.51215950957061
1.028145822447522e-15,2.872656459203839,0.04504802331910834,-45.51867993796628
1.149381581658706,0.03687857486263368,0.4238562387804367,-17.32745531021327
1,0,1,0
1.518442541544221,0.305426901703747,0.2902500369562016,-17.7915641673456
1,0,1,0
1,0,1,0
0.6963504050805895,0.1478833467798637,0.3502831850085796,-21.05855557015683
1,0,1,0
1,0,1,0
1.028145822447522e-15,1.945228608453878,0.08155097143141171,-10.93587328469449
0.7280894769549393,0.1118989874295337,0.3689962186973567,-24.93380605070697
2.287852447174094e-16,3.234165820446584,0.03605851072532051,-9.222853353732738
9.682324783204268e-17,3.047272128078689,0.0404364368486349,-13.49246371661661
5.840566125974614e-16,2.872656495793525,0.04504802229509058,-9.364443551273119
1,0,1,0
1,0,1,0
1,0,1,0
1.028145822447522e-15,3.234209141607057,0.03605755704533603,-15.88073977647538
1,0,1,0
1,0,1,0
1,0,1,0
1.697852156070577,0.7074632365798266,0.2001436221893227,-23.69334390891224
0.7788274062126583,0.06788707388454185,0.3972192052867319,-11.63180516582195
0.906989642990635,0.009822731577731503,0.4605255873805305,-13.37266896567021
1,0,1,0
0.5406265244252009,0.4681668756860411,0.2469158512042527,-13.16871381326076
1.227355192416171,0.07818344202199867,0.3898872077221779,-14.82047637134662
1,0,1,0
1,0,1,0
2.392074877312161,2.310989227057838,0.06423113608518605,-28.12449941563643
1,0,1,0
1,0,1,0
2.804502661847769e-15,3.059971153084199,0.04012154692467362,-17.37175606213989
2.063904513912453,0.8332964000559997,0.180660534652883,-27.004031399479
0.728121584227688,0.1118702908459319,0.369012400600361,-12.09834886298814
0.7410073230239724,0.09933627500649322,0.3763137942103735,-19.37963478195989
9.682324783204268e-17,3.40041609927934,0.03258998751708936,-10.77145475492025
9.682324783204268e-17,3.546680066547324,0.0298323578081674,-18.3654628017254
0.6185652320041937,0.2717474082571236,0.3010809988053904,-12.52269088917004
9.682324783204268e-17,2.98153159736119,0.04210977087762013,-9.975381787174893
1,0,1,0
0.6965873219746511,0.1475860768076807,0.3504264729732121,-12.70625336799959
1.250516803613135,0.04633880003959945,0.4147805573101888,-21.57885284102946
1,0,1,0
1,0,1,0
2.804502661847769e-15,3.29150287078523,0.03481962682613804,-16.58675711441883
1,0,1,0
2.804502661847769e-15,1.691706373609716,0.0966880921566462,-11.7362695414565
1,0,1,0
1,0,1,0
1,0,1,0
6.728744545674702e-16,1.945275553314673,0.08154843294958186,-11.23220588314131
1,0,1,0
1.028145822447522e-15,3.40037902759682,0.0325907199545869,-17.79031351539667
0.5405395596183151,0.4684402456387637,0.2468528024807579,-12.727288513578
1,0,1,0
1,0,1,0
5.840566125974614e-16,2.981406668479313,0.04211302107673998,-15.90523722453006
1,0,1,0
0.7048700732324932,0.1374177578037923,0.3554308630062342,-12.10458185931381
1,0,1,0
2.287852447174094e-16,3.400445950239266,0.03258939775456626,-11.31704369414392
1,0,1,0
1,0,1,0
0.6577651896355712,0.2022518181823862,0.3264546749943079,-10.32735380332538
1,0,1,0
3.17603086687411e-16,3.352589061950408,0.03354969965459065,-14.16260758739715
0.5549123230164651,0.4251438456834826,0.257190730482019,-12.06231109074234
1,0,1,0
1,0,1,0
1.712888076228787,0.4860025295718344,0.2428579620794407,-17.15843681785639
1,0,1,0
0.6720607093094257,0.1804423290090398,0.3354966926487363,-18.69401417472491
1,0,1,0
9.682324783204268e-17,2.357732526979682,0.06233163645955381,-9.489976655203325
1,0,1,0
1,0,1,0
1,0,1,0
1,0,1,0
1.028145822447522e-15,2.95114585117517,0.04290834595596216,-12.00668640788211
9.682324783204268e-17,3.400290162923149,0.03259247575488294,-9.672691564106321
1,0,1,0
1.218666970670949,0.07306982773972237,0.3934592275195661,-18.43155392013446
1,0,1,0
6.728744545674702e-16,2.706915256182981,0.04995701285133591,-10.66893556395816
5.840566125974614e-16,3.492586527404573,0.03082209995305535,-11.69756047501259
9.682324783204268e-17,2.212099000296533,0.06846612392805218,-11.29232178795487
1.028145822447522e-15,1.603635838704427,0.1026943597911231,-12.45963948800633
0.6615312100558356,0.1963635224075304,0.3288361287232247,-12.35692663259127
1,0,1,0
1,0,1,0
4.936130869128893e-15,2.57254937369963,0.05436618725532577,-41.90308866659964
1.028145822447522e-15,3.700646262089048,0.02719569852225018,-10.02518678104514
1,0,1,0
1.028145822447522e-15,1.603801355315792,0.1026826670992396,-13.00301641461766
5.840566125974614e-16,3.234356948841949,0.03605430339325616,-10.83314921892422
1,0,1,0
2.028250666775798,1.195127796124112,0.1371488270049374,-25.54492158625995
1,0,1,0
1,0,1,0
0.5551690541039311,0.4244032075092434,0.2573740332816076,-15.09215143109606
2.287852447174094e-16,2.652491381950732,0.05169387353290922,-9.933510233946622
2.287852447174094e-16,2.981445005023861,0.04211202366922606,-9.369002046245058
1,0,1,0
2.098853289986083,1.301340349318984,0.1269842692698988,-30.03706093056892
5.840566125974614e-16,3.54655185924798,0.02983466321655526,-11.12411998254643
1,0,1,0
6.728744545674702e-16,2.872656495718626,0.04504802229718674,-12.18828517319345
1,0,1,0
0.6716119088794014,0.1809919626635832,0.3352610729370823,-37.53769602351226
1.028145822447522e-15,3.546423584617422,0.02983697002529728,-11.81755258816725
1,0,1,0
1,0,1,0
1,0,1,0
3.098928793118723,4.516600761112301,0.01678373054411381,-44.30701998279779
1,0,1,0
0.5910207731993579,0.331064082632949,0.282516594240357,-11.87788317210436
1,0,1,0
1.209811341284255,0.06792398435896274,0.3971918946620122,-17.42134929732164
0.7807616604703024,0.06648561198799285,0.3982620933900034,-19.63917722812972
2.00791120321964,1.164470848818084,0.1402701259288054,-31.29897061077836
1,0,1,0
1,0,1,0
1,0,1,0
9.682324783204268e-17,2.652568539519532,0.05169136488972825,-10.35646949775337
1,0,1,0
0.5994750048722705,0.3119158332431269,0.2882534631171564,-18.14815531246439
2.804502661847769e-15,1.686706385797891,0.09701785484916736,-25.19398928061316
9.682324783204268e-17,2.98151966123962,0.04211008140075778,-9.876741963537237
1,0,1,0
2.449231293967717e-15,1.691978799092077,0.09667016262794892,-12.93524273513602
1,0,1,0
0.6546321163922885,0.2072128571485905,0.3244803820567702,-30.54677971636355
4.825026482596202,6.214931486001731,0.006333862730217077,-31.87928855796787
2.87074945098087,3.202371322724495,0.03676579091733267,-30.26261221261847
1.525095047069408,0.3101445530632247,0.2887957476972844,-18.11920599071913
1,0,1,0
6.728744545674702e-16,2.357732527626901,0.06233163643368894,-9.921546647885346
0.6807826634730347,0.1684643018887115,0.3407401264965618,-19.82721415623799
1,0,1,0
1,0,1,0
1.038263951005382e-15,2.980682562310491,0.04213186504963568,-32.67670406574662
1,0,1,0
5.840566125974614e-16,2.872656495793859,0.04504802229508131,-10.65471898227538
0.4555880094862502,0.8155789943092664,0.1832379715563809,-14.28181357939934
9.682324783204268e-17,2.951145541527705,0.04290835417685757,-11.64211470795065
1,0,1,0
2.024966809655853,1.190318962693652,0.137632613619079,-23.28546903845058
1,0,1,0
8.840834909312498,28.11619442654143,5.712293615900421e-08,-75.16605861362756
9.682324783204268e-17,2.652676071542256,0.05168786889666832,-11.6988936614759
1,0,1,0
5.840566125974614e-16,2.815400751118112,0.04668178864805062,-9.228138961718818
1,0,1,0
6.728744545674702e-16,2.357732527658136,0.06233163643244066,-9.968619116517997
0.7279836217035154,0.1120116112086791,0.3689327328282886,-12.01521975900972
1,0,1,0
1,0,1,0
1.316651475906977,0.1379086736762645,0.3551844944995388,-34.89478063909644
1.028145822447522e-15,3.060062789924501,0.04011928429219946,-11.26604021786846
1,0,1,0
6.728744545674702e-16,2.951145851433719,0.04290834594909781,-14.21006733397398
1.08716408770824,0.01362444467920199,0.4535394661338971,-22.48215611450022
2.804502661847769e-15,2.872656461928315,0.04504802324285972,-16.34281397097687
9.555848176237971e-17,3.400445948019144,0.03258939779842862,-11.31698470506438
1,0,1,0
1,0,1,0
6.728744545674702e-16,1.945175863540101,0.08155382365113156,-10.38927722958026
2.202367346180438,1.454637034958949,0.1138926780261875,-23.15908257058038
2.804502661847769e-15,2.652605261537708,0.05169017098444478,-17.99126076726342
1.028145822447522e-15,1.604120663454058,0.1026601144560901,-10.88439023115535
5.840566125974614e-16,2.357732527846196,0.06233163642492534,-11.32919505167101
1,0,1,0
1.029563843728009,0.0008382220778102578,0.4884514105012783,-10.865470033875
1.218824103861421,0.07316192338846861,0.3933937282508701,-17.98753150892985
0.9101583042224828,0.009123272644078639,0.4619525609776177,-11.9583624656159
1.028145822447522e-15,3.547415265678161,0.02981914120248763,-23.44943718326421
1,0,1,0
1,0,1,0
1,0,1,0
6.728744545674702e-16,3.047272127484426,0.04043643686343268,-11.6274818936847
1,0,1,0
1,0,1,0
1,0,1,0
1.204446067751985,0.06487096061634645,0.3994782643948043,-18.81283863008852
9.682324783204268e-17,3.605285270593463,0.02879809322657223,-20.41391403710945
1,0,1,0
4.936130869128893e-15,1.945042204050694,0.08156105189560131,-16.53908335779089
1,0,1,0
6.728744545674702e-16,3.047272077494085,0.04043643810824482,-10.59444419379232
9.682324783204268e-17,2.748999549718011,0.04865765129916605,-10.78430913331724
2.804502661847769e-15,2.951145850024311,0.04290834598651655,-16.82206992669179
2.287852447174094e-16,2.981571785448921,0.04210872538609506,-10.49489182765594
1.028145822447522e-15,2.748939011462326,0.04865949374163331,-16.13451115804621
1.720945522580949,0.7408048904043909,0.1947015825092601,-30.84565751943107
0.7795997726824783,0.06732267292802163,0.3976378056371377,-18.80448864615063
1,0,1,0
1.359657882265557,0.1704400736805383,0.3398604980680374,-20.77765054679553
0.599352650939272,0.3121382959078396,0.2881854981259908,-15.89582908239346
1.315496146429463,0.1370683743529924,0.3556065078226689,-18.49579441017578
0.5729449097098217,0.3757671178402937,0.2699386774304543,-12.46552837429179
4.770423298994891,10.72621290850419,0.0005281420383668189,-46.05479804189572
1,0,1,0
2.804502661847769e-15,2.95114645043958,0.04290833004597044,-20.52641066673313
6.728744545674702e-16,3.60586161776331,0.02878811308414791,-11.49999487256632
1,0,1,0
1,0,1,0
1,0,1,0
1,0,1,0
1,0,1,0
1,0,1,0
1,0,1,0
1,0,1,0
1,0,1,0
0.7108574306518428,0.1304562353965046,0.358979733368646,-11.91098145579107
2.804502661847769e-15,2.951145851163055,0.04290834595628373,-18.72454873582722
1,0,1,0
1,0,1,0
0.5734078635534068,0.3743755938773781,0.2703144009160663,-12.22179550377006
1.483475931165779,0.2732267448182526,0.3005877060107946,-18.90108188112789
2.804502661847769e-15,1.690544658489557,0.09676459341356397,-18.06311890199116
1,0,1,0
0.6724753763602328,0.1798876305243269,0.3357349134484347,-13.7290895927784
1,0,1,0
5.840566125974614e-16,2.872656441565862,0.04504802381273376,-11.66242739832903
1,0,1,0
1,0,1,0
1,0,1,0
1,0,1,0
5.840566125974614e-16,3.291502870785649,0.03481962682612916,-12.06733022577792
9.682324783204268e-17,2.951146451414044,0.04290833002009925,-10.91794304859978
1,0,1,0
1,0,1,0
5.840566125974614e-16,2.357732525791125,0.06233163650705204,-9.209662929465631
1,0,1,0
1,0,1,0
0.5741751658320903,0.3723942732198466,0.2708510339825724,-13.95670454389331
2.96563407607502,2.535718313148713,0.05564811372787004,-20.47493689826417
1.67300554120248,0.6714249952133997,0.2062776148400474,-25.66641416010025
0.5411129377750247,0.4666424133008604,0.2472679421379969,-37.15621101396071
0.710840779716689,0.1304752422442021,0.3589698997887447,-12.07433124859618
1,0,1,0
1,0,1,0
1,0,1,0
1,0,1,0
0.600003851693435,0.3107648716400782,0.2886056042286352,-11.6001250706138
1,0,1,0
1,0,1,0
1,0,1,0
5.840566125974614e-16,2.951146451411994,0.0429083300201536,-10.39973429944532
5.840566125974614e-16,2.748679359161418,0.04866739695340017,-11.87915430840429
1,0,1,0
1.42542571363322,0.2230193828732325,0.3183744341038099,-19.20587992528326
1,0,1,0
0.6711412678313001,0.1818214531023337,0.3349062814925637,-12.48079063512581
0.7778014403536502,0.06863262531958014,0.3966690892894872,-12.64878744408848
0.6198852411026314,0.2691324646778881,0.3019571584034512,-10.94821298257755
1,0,1,0
1,0,1,0
1,0,1,0
1,0,1,0
1,0,1,0
1,0,1,0
1,0,1,0
1,0,1,0
0.6783720748417981,0.1718060428363835,0.3392558415089111,-12.34726483930108
1,0,1,0
0.5883578761642616,0.3374540864586493,0.2806512353959582,-16.92430613128693
1,0,1,0
1,0,1,0
1.028145822447522e-15,2.652442496318258,0.05169546303257605,-9.734648640410001
1,0,1,0
1,0,1,0
0.6565662983757403,0.2041367003320147,0.3257011688048058,-19.12426891995652
1,0,1,0
0.5728193397457809,0.3760866337074305,0.2698525405099184,-19.6978119210467
1,0,1,0
1,0,1,0
2.804502661847769e-15,2.357732525996937,0.06233163649882734,-20.22737721864871
5.840566125974614e-16,3.700002657850558,0.02720619065600943,-10.50118434893627
1.224866106722862,0.07675562746766929,0.3908716017330242,-29.83253664268995
1,0,1,0
1,0,1,0
0.5995948698203462,0.3116350628716091,0.2883392872108741,-17.16097420396682
1,0,1,0
0.6568359590052856,0.2037089019459373,0.3258718183412648,-18.68150585350216
1,0,1,0
1.028145822447522e-15,1.945242608146309,0.08155021440694876,-11.13917820801302
9.682324783204268e-17,2.981572179568293,0.04210871513323394,-10.46026425231355
1.028145822447522e-15,2.872656495779161,0.04504802229549265,-24.12094131662856
1.028145822447522e-15,1.60503448605499,0.1025956037158128,-12.58134094692446
1,0,1,0
1.028145822447522e-15,1.691347480066735,0.09671171846424415,-10.63053159364112
2.287852447174094e-16,3.291502825674925,0.03481962778271064,-10.33590474785645
1,0,1,0
2.449231293967717e-15,3.696967209448786,0.02725573285420541,-24.58381551255805
1,0,1,0
5.840566125974614e-16,2.045503938786215,0.07632821289888164,-10.23949360692706
1,0,1,0
0.6565173903720258,0.2042143083532935,0.325670233904762,-18.43246827342209
1,0,1,0
0.6185970947762417,0.2716590233947116,0.3011105252373517,-25.89850281538316
5.840566125974614e-16,2.815515707598291,0.04667844461934145,-10.16497991658964
9.682324783204268e-17,1.944968833904202,0.08156502003075161,-9.411264624396841
1,0,1,0
1,0,1,0
9.682324783204268e-17,3.412688067636495,0.03234848889809205,-12.94966068094499
9.555848176237971e-17,3.217990478710448,0.03641649535672731,-3.700165280583976
0.8324772671499392,0.0356861725931843,0.4250825237958579,-12.4042747095816
0.6005316906641462,0.3086601617799118,0.2892517648460676,-36.29642979158384
1.364560096241024,0.1740761023291952,0.3382571825790277,-27.73534012435267
2.287852447174094e-16,2.486343226508687,0.05741913419715183,-11.67536947061766
2.804502661847769e-15,2.848558938217188,0.04572793991715945,-30.9842577386461
3.17603086687411e-16,3.202648707842704,0.03675955641537149,-4.836927852226935
3.17603086687411e-16,2.295690991158168,0.064866731880586,-11.65214681057014
9.555848176237971e-17,3.019765178661888,0.04112768781850895,-3.691281379882229
9.555848176237971e-17,2.790173421558737,0.04742198143245774,-3.867726333819506
3.17603086687411e-16,2.500896676579723,0.05689074930098292,-3.879079091878864
5.840566125974614e-16,3.052238953891742,0.04031296137389662,-11.05599999177015
2.804502661847769e-15,1.16299675630145,0.1404224527751923,-4.555287551984489
1.028145822447522e-15,2.203311008869072,0.06885732767337494,-21.7544692276862
2.287852447174094e-16,2.416075243311525,0.06004774180934214,-4.389232257247833
1.028145822447522e-15,2.99418407070146,0.04178199883796074,-4.079268189148431
0.9757985648625604,0.0006043190829210232,0.4901938286052377,-12.65051115330693
9.682324783204268e-17,2.288924511336361,0.06515009191866566,-11.10954337975527
5.840566125974614e-16,2.490961865750474,0.05725086362761339,-4.701416216990091
2.804502661847769e-15,1.135277454095329,0.143326220747289,-4.555287551984489
9.555848176237971e-17,1.561669794180574,0.1057104488843842,-4.210681743543201
2.804502661847769e-15,2.451108573634841,0.0587209500138744,-17.61292489393289
9.555848176237971e-17,1.756948949153397,0.09250276607031876,-4.580380353883214
2.449231293967717e-15,2.289368907813468,0.06513143963661228,-18.0901271215271
2.287852447174094e-16,2.026818388376086,0.07727192035318803,-4.555258713970525
9.682324783204268e-17,1.288452131939124,0.1281666995648875,-4.243423274181438
3.17603086687411e-16,1.974966114634994,0.07996086107603312,-3.783372703458247
9.682324783204268e-17,1.704049816008895,0.0958796000449757,-4.861968801227228
6.728744545674702e-16,2.142245968639969,0.07164598567139435,-16.54696308119308
2.287852447174094e-16,2.348889245527443,0.06268615564733282,-4.378116566137384
2.695895262434603,2.16504087960152,0.07059043424461864,-22.91298505538785
6.728744545674702e-16,2.349530525392712,0.06266037212041936,-11.62091529425304
6.728744545674702e-16,1.2884161003517,0.1281700242647446,-11.48656592129456
2.287852447174094e-16,2.180086203200389,0.06990331549659268,-4.50367859479829
2.142163145282438e-15,2.180086203530543,0.06990331548159706,-11.62677272074479
9.682324783204268e-17,2.251845661224049,0.06672757251512029,-15.62302960575282
9.682324783204268e-17,1.792831582377934,0.09029077161583454,-5.107010142952113
3.17603086687411e-16,1.865003276208919,0.08602422970617235,-3.471537234780335
3.17603086687411e-16,2.388371785677739,0.06112044432421271,-4.351252326825748
1.028145822447522e-15,1.902714704959863,0.08388738588506955,-10.41951663176716
3.17603086687411e-16,1.288452052185814,0.1281667069237524,-4.243423245292613
2.287852447174094e-16,2.180086203200389,0.06990331549659268,-4.50367859479829
2.287852447174094e-16,2.180086203200389,0.06990331549659268,-4.50367859479829
1.111266330711645,0.01071437640896988,0.4587789987095205,-25.06058306212343
0.8893024436661183,0.01427641662127854,0.4524459736613274,-11.15994641279141
3.17603086687411e-16,1.288452052185814,0.1281667069237524,-4.243423245292613
9.555848176237971e-17,1.820847475009014,0.08860621633093718,-4.295189783986666
3.17603086687411e-16,1.97496595132269,0.07996086971100114,-3.783372674751182
0.8179255746485881,0.04313255137552829,0.4177379426545046,-28.27122865389341
2.287852447174094e-16,1.864955786774708,0.08602695972015256,-10.21477829746441
1.028145822447522e-15,1.06221647068282,0.1513551016711693,-5.801433893835563
3.17603086687411e-16,1.97496595132269,0.07996086971100114,-3.783372674751182
3.17603086687411e-16,2.280038042818404,0.06552432962635291,-15.18226092244063
4.936130869128893e-15,1.119918485359641,0.1449680034428389,-17.20114763548008
9.682324783204268e-17,1.820833469739998,0.08860704933111002,-11.25055204614559
2.287852447174094e-16,2.451107609400225,0.05872098608255005,-5.097680974259381
1.074383354813941,0.00500801981385024,0.4717914532017856,-11.51603254886908
3.17603086687411e-16,1.902714704959878,0.08388738588506872,-4.58413179922547
3.17603086687411e-16,1.974968590209921,0.07996073018271571,-3.85810803424218
3.17603086687411e-16,2.142391297015921,0.07163920004604102,-4.50108410279338
9.682324783204268e-17,1.864858085071809,0.08603257658825531,-9.325435435647783
9.682324783204268e-17,1.756835774822399,0.09250984147198982,-10.43568703652554
2.287852447174094e-16,2.026818272250251,0.07727192625905271,-4.55525868526346
1.028145822447522e-15,1.28833426056871,0.1281775761650601,-10.29209454161461
2.804502661847769e-15,1.820832490366968,0.08860710758223234,-11.23055874793737
2.287852447174094e-16,2.142293554477394,0.07164376372928455,-10.32802605139938
3.17603086687411e-16,1.865003276208919,0.08602422970617235,-3.471537234780335
3.17603086687411e-16,2.142366167285076,0.07164037334355972,-3.781532066828132
9.682324783204268e-17,1.756948860710748,0.09250277159930681,-4.580380325174697
2.748390577629114,1.494165569580581,0.1107856356956833,-23.49679496990395
3.17603086687411e-16,2.142366167285076,0.07164037334355972,-3.781532066828132
1.990699864607411,0.7605923831100938,0.1915716007458403,-24.12345257801296
3.17603086687411e-16,2.142366167285076,0.07164037334355972,-3.781532066828132
2.287852447174094e-16,2.451107609400225,0.05872098608255005,-5.097680974259381
5.840566125974614e-16,2.230547771279021,0.06765293541893053,-11.27656079216216
1.100170203692345,0.008802244975946394,0.4626259607406721,-17.70091776877051
5.840566125974614e-16,1.28840665920583,0.1281708954339705,-10.98415375665673
3.17603086687411e-16,2.252340118770165,0.06670625776847144,-4.168102866289978
5.840566125974614e-16,1.792831577467714,0.0902907719143059,-5.032273466816464
3.17603086687411e-16,2.142391297015921,0.07163920004604102,-4.50108410279338
3.17603086687411e-16,1.865003276208919,0.08602422970617235,-3.471537234780335
5.840566125974614e-16,1.561669679540444,0.1057104572656549,-4.135946355343687
5.840566125974614e-16,2.018350390173072,0.07770394623486315,-4.57038224177806
3.17603086687411e-16,2.142391297015921,0.07163920004604102,-4.50108410279338
3.17603086687411e-16,2.252340118770165,0.06670625776847144,-4.168102866289978
2.449231293967717e-15,1.902714704959877,0.08388738588506878,-24.11279869921228
5.840566125974614e-16,1.864966524651717,0.08602634242561957,-10.71047069646334
0.8696366883020081,0.02034901151895951,0.4432833186836331,-17.6303468764608
5.840566125974614e-16,2.252262186493869,0.06670961671601183,-10.40991814392641
9.682324783204268e-17,1.792831582377934,0.09029077161583454,-5.107010142952113
2.804502661847769e-15,1.121613863766978,0.1447856063152069,-4.555287551984489
1.028145822447522e-15,1.464993248702431,0.1130686553824716,-4.546257443342999
6.728744545674702e-16,1.561669679552118,0.1057104572648015,-4.210681714834684
3.17603086687411e-16,1.974968590209921,0.07996073018271571,-3.85810803424218
4.0479524494288e-15,2.180086212901138,0.06990331505598812,-11.24683585202773
3.17603086687411e-16,2.142318484629445,0.07164259968795034,-10.52287071313806
5.840566125974614e-16,1.792831577467714,0.0902907719143059,-5.032273466816464
5.840566125974614e-16,1.792831577467714,0.0902907719143059,-5.032273466816464
5.840566125974614e-16,2.018350390173072,0.07770394623486315,-4.57038224177806
1.107442391759267e-15,2.18008622879262,0.06990331433420305,-4.894126631273268
2.019807624250076,0.3962168523793252,0.2645247640042638,-32.00037342109911
9.682324783204268e-17,2.142245736911011,0.07164599649178527,-9.829305687314426
3.17603086687411e-16,1.974968590209921,0.07996073018271571,-3.85810803424218
3.17603086687411e-16,1.288452052185814,0.1281667069237524,-4.243423245292613
2.287852447174094e-16,2.026818272250251,0.07727192625905271,-4.55525868526346
2.287852447174094e-16,1.902714674100956,0.08388738760854275,-4.193683762750494
9.682324783204268e-17,1.820762121116161,0.08861129311826621,-9.434654233114017
3.17603086687411e-16,2.252337479882666,0.06670637150368069,-4.093367506798979
5.840566125974614e-16,1.062216300919586,0.1513551209890667,-5.081869462686487
5.840566125974614e-16,1.902714704959864,0.08388738588506939,-4.509395120634724
6.728744545674702e-16,2.251765677678037,0.06673102110764245,-14.05087681398031
1.028145822447522e-15,1.464993248702431,0.1130686553824716,-4.546257443342999
3.17603086687411e-16,2.142366167285076,0.07164037334355972,-3.781532066828132
1.028145822447522e-15,2.910923386918064,0.04399074414969956,-4.079268189148431
1.014151849862937,0.0001954231622534053,0.4944232145190169,-10.57295832032502
3.17603086687411e-16,1.865003276208919,0.08602422970617235,-3.471537234780335
2.804502661847769e-15,1.062245723599062,0.1513517729364934,-18.81497218733189
9.682324783204268e-17,1.756946221128848,0.09250293661281728,-4.505644965683699
3.17603086687411e-16,2.142366167285076,0.07164037334355972,-3.781532066828132
3.17603086687411e-16,1.865003276208919,0.08602422970617235,-3.471537234780335
2.287852447174094e-16,1.902714674100956,0.08388738760854275,-4.193683762750494
1.07336301197372,0.004877758187880943,0.4721601269875937,-18.25194048712223
1.074641553161671,0.005040749401103994,0.471699580030632,-19.65938957090662
5.840566125974614e-16,1.288343351397966,0.1281767372667689,-10.38601124963936
1.028145822447522e-15,1.06221647068282,0.1513551016711693,-5.801433893835563
2.287852447174094e-16,2.313108188696233,0.06414364783584015,-10.74102916837095
3.17603086687411e-16,2.142366167285076,0.07164037334355972,-3.781532066828132
3.17603086687411e-16,1.97496595132269,0.07996086971100114,-3.783372674751182
2.731941657034225e-16,2.180086228792611,0.06990331433420338,-4.819389952682521
3.17603086687411e-16,2.142391297015921,0.07163920004604102,-4.50108410279338
3.17603086687411e-16,2.252337479882666,0.06670637150368069,-4.093367506798979
1.379576165897268,0.1859456533236923,0.3331563288225385,-18.87487533390163
2.287852447174094e-16,2.451108425000626,0.05872095557376367,-4.76856460261236
3.17603086687411e-16,1.97496595132269,0.07996086971100114,-3.783372674751182
5.840566125974614e-16,2.451108424568618,0.05872095558992368,-4.693827924021615
5.840566125974614e-16,2.054939651860119,0.07585663282060534,-4.629090647927255
9.682324783204268e-17,1.756948860710748,0.09250277159930681,-4.580380325174697
1.028145822447522e-15,1.864821875414414,0.08603465838748536,-16.56717765188821
4.0479524494288e-15,2.166674966389337,0.07051543961487511,-17.68663921484474
2.804502661847769e-15,1.561669679522687,0.1057104572669531,-17.42807262874936
9.555848176237971e-17,2.026820915360002,0.07727179183733623,-4.629994044754458
3.17603086687411e-16,1.865003276208919,0.08602422970617235,-3.471537234780335
5.840566125974614e-16,2.054939651860119,0.07585663282060534,-4.629090647927255
3.17603086687411e-16,2.252340118770165,0.06670625776847144,-4.168102866289978
3.17603086687411e-16,1.97496595132269,0.07996086971100114,-3.783372674751182
1.843611033946319,0.6146167969379732,0.2165273905853701,-17.9205977331258
3.17603086687411e-16,2.054940635886259,0.07585658381310673,-4.703826007418252
0.8678524140673832,0.02100539057909856,0.442382136113868,-9.450627275501796
0.8522293018217129,0.02691504713761361,0.4348427187322628,-18.32323196837797
1.028145822447522e-15,1.464993248702431,0.1130686553824716,-4.546257443342999
9.555848176237971e-17,1.820847475009014,0.08860621633093718,-4.295189783986666
6.728744545674702e-16,2.211663473035809,0.06848545298234376,-9.628997503470876
2.287852447174094e-16,1.974928311377049,0.07996285991227553,-10.79322517287125
1.028145822447522e-15,2.349530414166459,0.0626603765914,-17.06853757942751
5.840566125974614e-16,1.902714704959864,0.08388738588506939,-4.509395120634724
5.840566125974614e-16,1.561669679540444,0.1057104572656549,-4.135946355343687
0.8891524294294678,0.01431832078818474,0.4523765664323314,-11.92853890677812
5.840566125974614e-16,2.02666996708092,0.07727946910095396,-10.19756842702643
3.691435938311801,4.592705707333039,0.01605414468438326,-36.24365319682837
4.0479524494288e-15,2.018350364919087,0.07770394752736909,-17.18270242362287
6.728744545674702e-16,1.561669679552118,0.1057104572648015,-4.210681714834684
6.728744545674702e-16,2.211386945233848,0.06849772868408527,-10.54646186639038
3.17603086687411e-16,2.252337479882666,0.06670637150368069,-4.093367506798979
3.17603086687411e-16,2.142366167285076,0.07164037334355972,-3.781532066828132
1.827506400178574e-15,2.180086203245743,0.06990331549453271,-12.72994950357088
2.804502661847769e-15,1.030032286555851,0.155075542332318,-4.433868180641898
1.014254532560075,0.0001981897776062169,0.4943838804284546,-16.27419591477533
3.17603086687411e-16,1.974968590209921,0.07996073018271571,-3.85810803424218
2.449231293967717e-15,2.076649658259939,0.0747840754476049,-19.88286779267812
9.682324783204268e-17,1.756911223144233,0.09250512454476656,-11.53577618017411
3.125142782080889,1.830474714096489,0.08803574249134344,-20.83319839638914
9.555848176237971e-17,1.820847475009014,0.08860621633093718,-4.295189783986666
4.0479524494288e-15,1.864600892191028,0.08604736461512413,-21.19364787010186
1.028145822447522e-15,2.418130071436508,0.0599690116926444,-18.96577690211379
1.993024530915423,0.7630189643531082,0.1911926968775814,-15.98836852075369
3.17603086687411e-16,2.142391297015921,0.07163920004604102,-4.50108410279338
1.028145822447522e-15,1.06221647068282,0.1513551016711693,-5.801433893835563
4.936130869128893e-15,1.864845764316165,0.08603328493807505,-22.94330907147104
1.028145822447522e-15,1.464993248702431,0.1130686553824716,-4.546257443342999
2.804502661847769e-15,2.381505309920286,0.06138959349354783,-27.70724714069279
6.728744545674702e-16,1.561669679552118,0.1057104572648015,-4.210681714834684
3.17603086687411e-16,1.865003276208919,0.08602422970617235,-3.471537234780335
0.8893552279118776,0.01426076310614377,0.452471927586715,-17.48440106229905
1.785093804613395,0.2787651782552629,0.298755853537619,-12.89310702698159
6.728744545674702e-16,1.820747261968869,0.08861217696381934,-12.97928828485683
2.804502661847769e-15,1.062047089063189,0.1513743777265271,-11.38179439389704
2.804502661847769e-15,1.121613863766978,0.1447856063152069,-4.555287551984489
5.840566125974614e-16,1.820846492961051,0.08860627474052535,-4.220453596419895
1.028145822447522e-15,1.704049814162865,0.09587960016529862,-11.89234379811075
9.682324783204268e-17,1.756946221128848,0.09250293661281728,-4.505644965683699
1.107442391759267e-15,2.18008622879262,0.06990331433420305,-4.894126631273268
0.8661422810682189,0.02160634244820514,0.4415695776797535,-12.04546350481303
1.028145822447522e-15,1.464993248702431,0.1130686553824716,-4.546257443342999
1.028145822447522e-15,2.054883582356048,0.07585942531186968,-17.26247793828483
1.139769864017123,0.01635266403862801,0.4491229446483498,-12.79033349394627
5.840566125974614e-16,1.120691128057487,0.1448848424642665,-5.153420216636251
5.840566125974614e-16,1.792831577467714,0.0902907719143059,-5.032273466816464
5.840566125974614e-16,2.054812668969234,0.07586295725606057,-9.440009167537125
2.0428643553212,0.8125487134963691,0.1836838970709266,-22.83882218858055
1.841811073705839,0.6128323184720728,0.2168616904590648,-18.48454625889084
1.788023191097078,0.2801183773556524,0.2983118192801152,-12.81397125757111
5.840566125974614e-16,1.120691128057487,0.1448848424642665,-5.153420216636251
2.287852447174094e-16,2.451107609400225,0.05872098608255005,-5.097680974259381
1.140478387067738,0.01650508207079682,0.4488876856573533,-14.13447932033616
5.840566125974614e-16,1.820833470710728,0.08860704927337315,-11.2506213577981
0.6883493184111779,0.1581954985773315,0.3454116700955138,-11.59566295626154
2.804502661847769e-15,1.121613863766978,0.1447856063152069,-4.555287551984489
0.9185164836408013,0.007415166013835517,0.4656889473098692,-12.62206807348818
3.17603086687411e-16,2.054940635886259,0.07585658381310673,-4.703826007418252
3.17603086687411e-16,1.288452052185814,0.1281667069237524,-4.243423245292613
3.17603086687411e-16,1.865003276208919,0.08602422970617235,-3.471537234780335
2.287852447174094e-16,2.451108425000626,0.05872095557376367,-4.76856460261236
3.17603086687411e-16,1.974968590209921,0.07996073018271571,-3.85810803424218
5.840566125974614e-16,1.820846492961051,0.08860627474052535,-4.220453596419895
0.8662319796694486,0.02158222086055872,0.4416019689110179,-23.43174979917412
3.17603086687411e-16,2.054940635886259,0.07585658381310673,-4.703826007418252
1.015418058507228,0.0002316120010590339,0.4939288099118183,-14.22533525044321
9.682324783204268e-17,1.820756380255961,0.08861163459249344,-9.371960874898864
9.682324783204268e-17,2.039406191652679,0.07663473387310499,-4.700956419184189
5.840566125974614e-16,1.802500318142769,0.08970525617796082,-4.216153683277303