n1,n2
131,135
131,137
135,137
82,83
158,159
158,160
158,161
158,162
159,160
159,161
159,162
160,161
160,162
161,162
275,276
275,278
276,278
155,156
155,157
155,158
156,157
156,158
157,158
155,156
155,157
155,158
155,159
155,160
156,157
156,158
156,159
156,160
157,158
157,159
157,160
158,159
158,160
159,160
156,157
156,158
156,159
156,160
157,158
157,159
157,160
158,159
158,160
159,160
156,157
156,158
156,159
156,160
156,189
156,190
156,191
156,192
156,196
157,158
157,159
157,160
157,189
157,190
157,191
157,192
157,196
158,159
158,160
158,189
158,190
158,191
158,192
158,196
159,160
159,189
159,190
159,191
159,192
159,196
160,189
160,190
160,191
160,192
160,196
189,190
189,191
189,192
189,196
190,191
190,192
190,196
191,192
191,196
192,196
34,36
34,54
34,70
34,292
34,294
34,305
34,307
34,334
34,363
34,364
34,365
34,366
34,379
34,380
34,382
34,383
34,384
34,386
34,387
34,390
34,391
34,393
34,394
34,395
34,397
34,398
34,401
34,403
34,404
34,405
34,498
36,54
36,70
36,292
36,294
36,305
36,307
36,334
36,363
36,364
36,365
36,366
36,379
36,380
36,382
36,383
36,384
36,386
36,387
36,390
36,391
36,393
36,394
36,395
36,397
36,398
36,401
36,403
36,404
36,405
36,498
54,70
54,292
54,294
54,305
54,307
54,334
54,363
54,364
54,365
54,366
54,379
54,380
54,382
54,383
54,384
54,386
54,387
54,390
54,391
54,393
54,394
54,395
54,397
54,398
54,401
54,403
54,404
54,405
54,498
70,292
70,294
70,305
70,307
70,334
70,363
70,364
70,365
70,366
70,379
70,380
70,382
70,383
70,384
70,386
70,387
70,390
70,391
70,393
70,394
70,395
70,397
70,398
70,401
70,403
70,404
70,405
70,498
292,294
292,305
292,307
292,334
292,363
292,364
292,365
292,366
292,379
292,380
292,382
292,383
292,384
292,386
292,387
292,390
292,391
292,393
292,394
292,395
292,397
292,398
292,401
292,403
292,404
292,405
292,498
294,305
294,307
294,334
294,363
294,364
294,365
294,366
294,379
294,380
294,382
294,383
294,384
294,386
294,387
294,390
294,391
294,393
294,394
294,395
294,397
294,398
294,401
294,403
294,404
294,405
294,498
305,307
305,334
305,363
305,364
305,365
305,366
305,379
305,380
305,382
305,383
305,384
305,386
305,387
305,390
305,391
305,393
305,394
305,395
305,397
305,398
305,401
305,403
305,404
305,405
305,498
307,334
307,363
307,364
307,365
307,366
307,379
307,380
307,382
307,383
307,384
307,386
307,387
307,390
307,391
307,393
307,394
307,395
307,397
307,398
307,401
307,403
307,404
307,405
307,498
334,363
334,364
334,365
334,366
334,379
334,380
334,382
334,383
334,384
334,386
334,387
334,390
334,391
334,393
334,394
334,395
334,397
334,398
334,401
334,403
334,404
334,405
334,498
363,364
363,365
363,366
363,379
363,380
363,382
363,383
363,384
363,386
363,387
363,390
363,391
363,393
363,394
363,395
363,397
363,398
363,401
363,403
363,404
363,405
363,498
364,365
364,366
364,379
364,380
364,382
364,383
364,384
364,386
364,387
364,390
364,391
364,393
364,394
364,395
364,397
364,398
364,401
364,403
364,404
364,405
364,498
365,366
365,379
365,380
365,382
365,383
365,384
365,386
365,387
365,390
365,391
365,393
365,394
365,395
365,397
365,398
365,401
365,403
365,404
365,405
365,498
366,379
366,380
366,382
366,383
366,384
366,386
366,387
366,390
366,391
366,393
366,394
366,395
366,397
366,398
366,401
366,403
366,404
366,405
366,498
379,380
379,382
379,383
379,384
379,386
379,387
379,390
379,391
379,393
379,394
379,395
379,397
379,398
379,401
379,403
379,404
379,405
379,498
380,382
380,383
380,384
380,386
380,387
380,390
380,391
380,393
380,394
380,395
380,397
380,398
380,401
380,403
380,404
380,405
380,498
382,383
382,384
382,386
382,387
382,390
382,391
382,393
382,394
382,395
382,397
382,398
382,401
382,403
382,404
382,405
382,498
383,384
383,386
383,387
383,390
383,391
383,393
383,394
383,395
383,397
383,398
383,401
383,403
383,404
383,405
383,498
384,386
384,387
384,390
384,391
384,393
384,394
384,395
384,397
384,398
384,401
384,403
384,404
384,405
384,498
386,387
386,390
386,391
386,393
386,394
386,395
386,397
386,398
386,401
386,403
386,404
386,405
386,498
387,390
387,391
387,393
387,394
387,395
387,397
387,398
387,401
387,403
387,404
387,405
387,498
390,391
390,393
390,394
390,395
390,397
390,398
390,401
390,403
390,404
390,405
390,498
391,393
391,394
391,395
391,397
391,398
391,401
391,403
391,404
391,405
391,498
393,394
393,395
393,397
393,398
393,401
393,403
393,404
393,405
393,498
394,395
394,397
394,398
394,401
394,403
394,404
394,405
394,498
395,397
395,398
395,401
395,403
395,404
395,405
395,498
397,398
397,401
397,403
397,404
397,405
397,498
398,401
398,403
398,404
398,405
398,498
401,403
401,404
401,405
401,498
403,404
403,405
403,498
404,405
404,498
405,498
140,142
140,143
140,144
140,145
140,146
142,143
142,144
142,145
142,146
143,144
143,145
143,146
144,145
144,146
145,146
172,173
172,174
172,175
172,176
173,174
173,175
173,176
174,175
174,176
175,176
82,83
121,122
121,123
121,124
121,126
121,133
121,135
121,136
121,137
121,138
121,140
121,142
121,143
121,144
121,145
121,146
122,123
122,124
122,126
122,133
122,135
122,136
122,137
122,138
122,140
122,142
122,143
122,144
122,145
122,146
123,124
123,126
123,133
123,135
123,136
123,137
123,138
123,140
123,142
123,143
123,144
123,145
123,146
124,126
124,133
124,135
124,136
124,137
124,138
124,140
124,142
124,143
124,144
124,145
124,146
126,133
126,135
126,136
126,137
126,138
126,140
126,142
126,143
126,144
126,145
126,146
133,135
133,136
133,137
133,138
133,140
133,142
133,143
133,144
133,145
133,146
135,136
135,137
135,138
135,140
135,142
135,143
135,144
135,145
135,146
136,137
136,138
136,140
136,142
136,143
136,144
136,145
136,146
137,138
137,140
137,142
137,143
137,144
137,145
137,146
138,140
138,142
138,143
138,144
138,145
138,146
140,142
140,143
140,144
140,145
140,146
142,143
142,144
142,145
142,146
143,144
143,145
143,146
144,145
144,146
145,146
204,205
204,206
204,208
204,212
205,206
205,208
205,212
206,208
206,212
208,212
50,53
50,53
50,54
53,54
142,143
142,144
142,145
142,146
143,144
143,145
143,146
144,145
144,146
145,146
189,190
189,194
189,196
190,194
190,196
194,196
219,222
219,225
222,225
235,238
235,241
235,242
238,241
238,242
241,242
276,278
114,147
114,149
114,150
114,151
114,152
114,153
114,161
114,169
114,171
114,172
114,205
114,206
114,208
114,209
114,210
114,242
147,149
147,150
147,151
147,152
147,153
147,161
147,169
147,171
147,172
147,205
147,206
147,208
147,209
147,210
147,242
149,150
149,151
149,152
149,153
149,161
149,169
149,171
149,172
149,205
149,206
149,208
149,209
149,210
149,242
150,151
150,152
150,153
150,161
150,169
150,171
150,172
150,205
150,206
150,208
150,209
150,210
150,242
151,152
151,153
151,161
151,169
151,171
151,172
151,205
151,206
151,208
151,209
151,210
151,242
152,153
152,161
152,169
152,171
152,172
152,205
152,206
152,208
152,209
152,210
152,242
153,161
153,169
153,171
153,172
153,205
153,206
153,208
153,209
153,210
153,242
161,169
161,171
161,172
161,205
161,206
161,208
161,209
161,210
161,242
169,171
169,172
169,205
169,206
169,208
169,209
169,210
169,242
171,172
171,205
171,206
171,208
171,209
171,210
171,242
172,205
172,206
172,208
172,209
172,210
172,242
205,206
205,208
205,209
205,210
205,242
206,208
206,209
206,210
206,242
208,209
208,210
208,242
209,210
209,242
210,242
137,138
137,139
137,140
137,141
137,142
137,143
137,144
137,145
137,146
137,147
137,148
137,149
137,150
137,151
138,139
138,140
138,141
138,142
138,143
138,144
138,145
138,146
138,147
138,148
138,149
138,150
138,151
139,140
139,141
139,142
139,143
139,144
139,145
139,146
139,147
139,148
139,149
139,150
139,151
140,141
140,142
140,143
140,144
140,145
140,146
140,147
140,148
140,149
140,150
140,151
141,142
141,143
141,144
141,145
141,146
141,147
141,148
141,149
141,150
141,151
142,143
142,144
142,145
142,146
142,147
142,148
142,149
142,150
142,151
143,144
143,145
143,146
143,147
143,148
143,149
143,150
143,151
144,145
144,146
144,147
144,148
144,149
144,150
144,151
145,146
145,147
145,148
145,149
145,150
145,151
146,147
146,148
146,149
146,150
146,151
147,148
147,149
147,150
147,151
148,149
148,150
148,151
149,150
149,151
150,151
182,183
182,184
182,185
182,186
182,187
182,188
182,189
182,190
182,191
182,192
182,193
182,194
182,195
182,196
182,197
182,198
183,184
183,185
183,186
183,187
183,188
183,189
183,190
183,191
183,192
183,193
183,194
183,195
183,196
183,197
183,198
184,185
184,186
184,187
184,188
184,189
184,190
184,191
184,192
184,193
184,194
184,195
184,196
184,197
184,198
185,186
185,187
185,188
185,189
185,190
185,191
185,192
185,193
185,194
185,195
185,196
185,197
185,198
186,187
186,188
186,189
186,190
186,191
186,192
186,193
186,194
186,195
186,196
186,197
186,198
187,188
187,189
187,190
187,191
187,192
187,193
187,194
187,195
187,196
187,197
187,198
188,189
188,190
188,191
188,192
188,193
188,194
188,195
188,196
188,197
188,198
189,190
189,191
189,192
189,193
189,194
189,195
189,196
189,197
189,198
190,191
190,192
190,193
190,194
190,195
190,196
190,197
190,198
191,192
191,193
191,194
191,195
191,196
191,197
191,198
192,193
192,194
192,195
192,196
192,197
192,198
193,194
193,195
193,196
193,197
193,198
194,195
194,196
194,197
194,198
195,196
195,197
195,198
196,197
196,198
197,198
172,173
172,174
172,175
172,176
172,177
172,178
172,179
172,180
173,174
173,175
173,176
173,177
173,178
173,179
173,180
174,175
174,176
174,177
174,178
174,179
174,180
175,176
175,177
175,178
175,179
175,180
176,177
176,178
176,179
176,180
177,178
177,179
177,180
178,179
178,180
179,180
321,322
321,323
321,324
321,325
321,326
321,327
321,328
321,329
321,330
321,331
321,332
321,333
321,334
321,335
321,336
321,337
321,338
321,339
322,323
322,324
322,325
322,326
322,327
322,328
322,329
322,330
322,331
322,332
322,333
322,334
322,335
322,336
322,337
322,338
322,339
323,324
323,325
323,326
323,327
323,328
323,329
323,330
323,331
323,332
323,333
323,334
323,335
323,336
323,337
323,338
323,339
324,325
324,326
324,327
324,328
324,329
324,330
324,331
324,332
324,333
324,334
324,335
324,336
324,337
324,338
324,339
325,326
325,327
325,328
325,329
325,330
325,331
325,332
325,333
325,334
325,335
325,336
325,337
325,338
325,339
326,327
326,328
326,329
326,330
326,331
326,332
326,333
326,334
326,335
326,336
326,337
326,338
326,339
327,328
327,329
327,330
327,331
327,332
327,333
327,334
327,335
327,336
327,337
327,338
327,339
328,329
328,330
328,331
328,332
328,333
328,334
328,335
328,336
328,337
328,338
328,339
329,330
329,331
329,332
329,333
329,334
329,335
329,336
329,337
329,338
329,339
330,331
330,332
330,333
330,334
330,335
330,336
330,337
330,338
330,339
331,332
331,333
331,334
331,335
331,336
331,337
331,338
331,339
332,333
332,334
332,335
332,336
332,337
332,338
332,339
333,334
333,335
333,336
333,337
333,338
333,339
334,335
334,336
334,337
334,338
334,339
335,336
335,337
335,338
335,339
336,337
336,338
336,339
337,338
337,339
338,339
200,201
200,202
200,203
200,204
200,205
200,206
200,207
200,208
200,209
200,210
200,211
200,212
200,213
200,214
200,215
200,216
200,217
201,202
201,203
201,204
201,205
201,206
201,207
201,208
201,209
201,210
201,211
201,212
201,213
201,214
201,215
201,216
201,217
202,203
202,204
202,205
202,206
202,207
202,208
202,209
202,210
202,211
202,212
202,213
202,214
202,215
202,216
202,217
203,204
203,205
203,206
203,207
203,208
203,209
203,210
203,211
203,212
203,213
203,214
203,215
203,216
203,217
204,205
204,206
204,207
204,208
204,209
204,210
204,211
204,212
204,213
204,214
204,215
204,216
204,217
205,206
205,207
205,208
205,209
205,210
205,211
205,212
205,213
205,214
205,215
205,216
205,217
206,207
206,208
206,209
206,210
206,211
206,212
206,213
206,214
206,215
206,216
206,217
207,208
207,209
207,210
207,211
207,212
207,213
207,214
207,215
207,216
207,217
208,209
208,210
208,211
208,212
208,213
208,214
208,215
208,216
208,217
209,210
209,211
209,212
209,213
209,214
209,215
209,216
209,217
210,211
210,212
210,213
210,214
210,215
210,216
210,217
211,212
211,213
211,214
211,215
211,216
211,217
212,213
212,214
212,215
212,216
212,217
213,214
213,215
213,216
213,217
214,215
214,216
214,217
215,216
215,217
216,217
