259	2
260	2
261	2
262	2
263	2
264	2
265	2
266	2
267	2
268	3
269	3
270	3
271	5
272	5
273	5
274	5
275	5
276	5
277	5
278	6
279	6
280	9
281	10
282	11
283	11
284	10
285	9
286	10
287	10
288	8
289	9
290	9
291	10
292	10
293	10
294	10
295	12
296	14
297	17
298	20
299	23
300	30
301	35
302	41
303	50
304	57
305	74
306	82
307	86
308	107
309	109
310	113
311	111
312	116
313	120
314	121
315	117
316	108
317	104
318	90
319	79
320	76
321	64
322	53
323	52
324	44
325	41
326	38
327	35
328	30
329	23
330	20
331	20
332	17
333	14
334	11
335	7
336	7
337	6
338	6
339	5
340	5
341	3
342	3
343	3
344	3
345	2
346	2
347	2
348	2
349	2
350	2
351	2
352	2
512	2
513	2
514	2
515	2
516	2
517	2
518	2
519	2
520	2
521	2
522	2
523	2
524	2
525	2
526	3
527	3
528	2
529	2
530	2
531	2
532	2
533	2
534	3
535	3
536	3
537	2
538	2
539	2
540	2
541	2
542	2
543	2
544	2
545	2
546	2
547	2
548	2
549	2
550	2
