dN/dS,LRT,p-value,Log(L)
1,0,1,0
3.560082029090684,1.095886713760713,0.1475852870771484,-11.76134539014818
1,0,1,0
1,0,1,0
1,0,1,0
1,0,1,0
1,0,1,0
1,0,1,0
1,0,1,0
1,0,1,0
8.48884454792928e-15,0.2798567344137588,0.2983975667310095,-11.63515103182426
2.804502661847769e-15,0.6216115964203013,0.215224518247903,-10.83108226862473
8.48884454792928e-15,0.2892333317953515,0.2953561243199457,-10.58014726596874
1,0,1,0
2.804502661847769e-15,0.4883113371233492,0.242340773406962,-11.40335922481793
1,0,1,0
1,0,1,0
1,0,1,0
3.899855095159921,1.231388719272136,0.1335685676067446,-12.69723310040657
2.804502661847769e-15,0.5845307057849709,0.222270944243313,-10.24878912156727
1,0,1,0
1,0,1,0
1,0,1,0
1,0,1,0
1,0,1,0
1,0,1,0
1,0,1,0
1,0,1,0
1,0,1,0
1,0,1,0
1,0,1,0
2.804502661847769e-15,0.754326730458736,0.1925549051468951,-10.30138631640166
1,0,1,0
1,0,1,0
1,0,1,0
1,0,1,0
1,0,1,0
1,0,1,0
1,0,1,0
1,0,1,0
1.038263951005382e-15,0.289063019211568,0.2954107980692148,-10.59725163153575
1,0,1,0
1,0,1,0
1,0,1,0
1,0,1,0
3.430308030483245,1.044534172839175,0.153384641513989,-9.946441029098899
3.282246822793203,0.9820623173971725,0.1608450915594583,-9.205702109329978
1,0,1,0
1,0,1,0
1,0,1,0
2.093959926088373e-15,0.6480443463638679,0.2104063728571421,-10.13493586672972
2.804502661847769e-15,0.6017184937559961,0.2189615465503816,-10.62058818218113
1,0,1,0
1,0,1,0
1,0,1,0
3.446601632558572,1.051134208114881,0.1526230065855969,-18.29250360594507
1,0,1,0
1,0,1,0
1,0,1,0
1,0,1,0
1,0,1,0
1,0,1,0
1,0,1,0
1,0,1,0
1,0,1,0
2.925575617928058,0.8274902108256263,0.1814996330752046,-8.990836242803715
1,0,1,0
4.936130869128893e-15,0.6215972054811552,0.2152271865345687,-10.14036086672176
2.984473531170309,0.8536639382006008,0.17775894483077,-9.794852990211165
2.729774291322116,0.7383756245354505,0.1950908604455001,-16.43686582408372
4.936130869128893e-15,0.5845307057852338,0.2222709442432618,-11.50030165738672
1,0,1,0
5.766371841848591,1.844123671411509,0.08723419794738907,-10.53940881188263
1,0,1,0
1,0,1,0
1,0,1,0
1,0,1,0
3.102927945586428,0.9056092708302934,0.1706410493868046,-8.799328974276161
1,0,1,0
1,0,1,0
1,0,1,0
2.269969926313108e-14,0.2892332733599474,0.2953561430753211,-18.54479241434205
1,0,1,0
1,0,1,0
1,0,1,0
1,0,1,0
1,0,1,0
1,0,1,0
2.804502661847769e-15,0.6748113868652226,0.2056895754983913,-9.517882455828911
2.804502661847769e-15,0.5845307057849674,0.2222709442433137,-10.24292442228293
6.882911742713639,4.277687322028434,0.01930792798993625,-17.9375311744925
1,0,1,0
1,0,1,0
1,0,1,0
1,0,1,0
1,0,1,0
1,0,1,0
4.936130869128893e-15,0.5665398128542769,0.2258185940507336,-9.916439774480207
1,0,1,0
1,0,1,0
1,0,1,0
1,0,1,0
1,0,1,0
1,0,1,0
1,0,1,0
1,0,1,0
4.936130869128893e-15,0.7372798618615342,0.1952668155512469,-10.46270402810599
1,0,1,0
3.022053397306608,0.8709940716258586,0.175340127304245,-9.78400291052443
1,0,1,0
1,0,1,0
1,0,1,0
1,0,1,0
1,0,1,0
1,0,1,0
1,0,1,0
1,0,1,0
1.028145822447522e-15,0.6017184937139355,0.2189615465583874,-9.516678502594775
3.507923924218791,1.077629900158733,0.1496141846033451,-13.39163353373148
1,0,1,0
1,0,1,0
1.038263951005382e-15,0.6672016396926068,0.2070144736844623,-10.27239973771419
1,0,1,0
1,0,1,0
2.802670646340365,0.7720741785484435,0.1897880762691981,-9.890541013286756
1,0,1,0
1,0,1,0
1,0,1,0
1,0,1,0
1,0,1,0
1,0,1,0
2.804502661847769e-15,0.7670451101529459,0.1905663631457038,-12.77529666756279
1.028145822447522e-15,0.5856928774441954,0.2220447531005403,-12.67740309042267
1,0,1,0
1,0,1,0
2.093959926088373e-15,0.4883111609989719,0.2423408127905914,-11.39983882857378
1,0,1,0
1,0,1,0
1,0,1,0
1,0,1,0
1,0,1,0
1,0,1,0
1,0,1,0
1,0,1,0
1,0,1,0
4.936130869128893e-15,0.6017184948127081,0.2189615463492509,-9.383783184372003
1,0,1,0
1,0,1,0
1,0,1,0
1,0,1,0
1,0,1,0
1,0,1,0
8.289744948594663,4.921419770448239,0.01326285506085639,-16.09848599963291
3.015244430124201,0.8679637496288706,0.1757598231569156,-10.47719612275518
1,0,1,0
1,0,1,0
1,0,1,0
2.892005456101986,0.8124682057318466,0.1836957648628162,-10.02642043786724
5.64667360488876e-15,0.5022024861798542,0.2392669821338271,-10.3571730735933
3.622114448747737,1.121166390880354,0.1448337192295344,-12.58051140093911
1,0,1,0
1,0,1,0
1,0,1,0
1,0,1,0
1,0,1,0
1,0,1,0
1,0,1,0
1,0,1,0
1,0,1,0
5.64667360488876e-15,0.3011879833583251,0.2915693093695516,-10.76650788971132
1,0,1,0
1,0,1,0
1,0,1,0
1,0,1,0
1,0,1,0
1,0,1,0
1,0,1,0
1,0,1,0
1,0,1,0
7.088157037014741,2.191462932076089,0.06938872546798824,-11.76368451632556
4.936130869128893e-15,0.5933411601575465,0.2205650067343219,-9.936382593248453
1,0,1,0
3.434021222277581,1.045969297056601,0.1532186118698338,-10.34900436885972
1,0,1,0
1,0,1,0
1,0,1,0
1,0,1,0
6.138022689594359,3.887692068369653,0.02432061133063873,-16.22714090178916
1,0,1,0
1,0,1,0
2.982640345792624,0.8528469699282688,0.1778740947609961,-12.1346953030836
1,0,1,0
1,0,1,0
1,0,1,0
1,0,1,0
1,0,1,0
1,0,1,0
4.936130869128893e-15,0.6017184948127152,0.2189615463492495,-10.6353690111174
2.804502661847769e-15,0.5920824071931428,0.2208074963581304,-9.496861111242731
3.406809318471584,1.035310312564445,0.1544573415594678,-10.17134217066964
1.038263951005382e-15,0.5845306727255775,0.2222709506826636,-11.48576218650533
2.802357783732139,0.772039025861325,0.1897935008235778,-11.02340223090085
1,0,1,0
1,0,1,0
1,0,1,0
1,0,1,0
1,0,1,0
3.611772426140138,1.117672470474165,0.1452100919187387,-10.01651378183915
1,0,1,0
1,0,1,0
1,0,1,0
1,0,1,0
1,0,1,0
1,0,1,0
9.138327768150496,5.262935134298516,0.01089212533281048,-13.68692507493158
1,0,1,0
1,0,1,0
1,0,1,0
1,0,1,0
1,0,1,0
1,0,1,0
1,0,1,0
7.480835192861482,4.555521143914675,0.0164063882502663,-18.25806594405597
1,0,1,0
1,0,1,0
1,0,1,0
1,0,1,0
4.936130869128893e-15,0.5856928780246022,0.2220447529876658,-11.94086448339592
1,0,1,0
1,0,1,0
3.452839008078262,1.055240802348216,0.1521515815087029,-11.54792673741246
4.936130869128893e-15,0.5933020519209684,0.2205725344823254,-9.229782636395353
1,0,1,0
1,0,1,0
1,0,1,0
8.787416493743311,7.672109450406175,0.002804042855970357,-20.61790502400053
1,0,1,0
1,0,1,0
3.340445607467287,1.007322700050445,0.1577725463497255,-9.773312289051566
1,0,1,0
1,0,1,0
2.804502661847769e-15,0.6017184948127188,0.2189615463492488,-9.93939873618983
1,0,1,0
1,0,1,0
15.43339302008825,17.8401908613147,1.201272793655006e-05,-30.98415465651644
1,0,1,0
1,0,1,0
1,0,1,0
1,0,1,0
1,0,1,0
1,0,1,0
1,0,1,0
4.936130869128893e-15,0.6017184931844852,0.2189615466591611,-16.48665809819943
1,0,1,0
1,0,1,0
1,0,1,0
1,0,1,0
1,0,1,0
1,0,1,0
5.64667360488876e-15,0.2988751300536165,0.2922942370077747,-10.88559511675098
2.093959926088373e-15,0.5396048744843007,0.2312982627236639,-10.34638739913971
3.420305672017221,1.039282361171686,0.1539942172552424,-12.32182930543533
1,0,1,0
1,0,1,0
1,0,1,0
1,0,1,0
1,0,1,0
1,0,1,0
1.028145822447522e-15,0.6672016396925997,0.2070144736844635,-10.55492597407272
2.804502661847769e-15,0.5845307057852338,0.2222709442432618,-11.50032180323664
1,0,1,0
1,0,1,0
1,0,1,0
1,0,1,0
1,0,1,0
1,0,1,0
1,0,1,0
1,0,1,0
1,0,1,0
1,0,1,0
1,0,1,0
1,0,1,0
1,0,1,0
2.297125079301801,0.5323967091715716,0.2328004862743567,-9.076928207042258
2.82134715917143,0.780513145461768,0.1884921238305215,-10.28847676710009
1,0,1,0
2.985760614173106,0.8542458574791283,0.1776769868198087,-9.329434259359017
1,0,1,0
1,0,1,0
1,0,1,0
2.624974403368018,0.6899384969909121,0.2030926505004121,-9.370899139483969
1,0,1,0
1,0,1,0
1,0,1,0
4.936130869128893e-15,0.5017869931594774,0.2393579917871861,-13.01261502319123
1,0,1,0
1,0,1,0
2.449231293967717e-15,0.539590408571204,0.2313012620157489,-9.651987639843705
1,0,1,0
1,0,1,0
1,0,1,0
1,0,1,0
1,0,1,0
3.762714635634298,1.176581919798807,0.1390264744479406,-18.4470926264208
1,0,1,0
1,0,1,0
3.00301931637536,0.8617312955939163,0.1766273270151959,-10.96038286931961
1,0,1,0
1,0,1,0
1,0,1,0
1,0,1,0
3.447362182360215,1.050598795491659,0.1526846096261033,-9.382359591064438
1,0,1,0
1,0,1,0
1.038263951005382e-15,0.718752341330017,0.1982767345125681,-10.04116654006028
4.936130869128893e-15,0.5391324908439437,0.2313962364552124,-11.10051881973499
1,0,1,0
1,0,1,0
1,0,1,0
1,0,1,0
1,0,1,0
1,0,1,0
1,0,1,0
1,0,1,0
3.345931366260743,1.009587427120241,0.1575008495213381,-10.74168812469845
1,0,1,0
1,0,1,0
1,0,1,0
1,0,1,0
1,0,1,0
1,0,1,0
5.64667360488876e-15,0.3011390967356604,0.2915845946030378,-12.20392235635587
1,0,1,0
1,0,1,0
4.936130869128893e-15,0.7670450607376047,0.1905663708152506,-10.7460948062609
1,0,1,0
1,0,1,0
1,0,1,0
3.340445052875919,1.007322465230367,0.1577725745526207,-9.773176241171834
1,0,1,0
1,0,1,0
1,0,1,0
1,0,1,0
1,0,1,0
1,0,1,0
1,0,1,0
1.028145822447522e-15,0.6979256302940016,0.2017407958144018,-10.99421996799817
1,0,1,0
8.48884454792928e-15,0.7672155995111751,0.19053990480995,-23.38307392467993
1,0,1,0
1,0,1,0
1.038263951005382e-15,0.6672016386835224,0.2070144738609839,-19.58573024987371
1,0,1,0
1,0,1,0
1,0,1,0
1,0,1,0
1,0,1,0
1,0,1,0
1,0,1,0
1,0,1,0
1,0,1,0
1,0,1,0
1.028145822447522e-15,0.6017184936597069,0.2189615465687091,-9.97036465123487
1,0,1,0
1,0,1,0
1,0,1,0
1,0,1,0
1,0,1,0
1,0,1,0
1,0,1,0
1,0,1,0
5.703945776376587,1.824309263583253,0.08840059422498076,-11.56666280453369
4.936130869128893e-15,0.5933599481510257,0.2205613904683982,-10.62348027811745
1,0,1,0
1.028145822447522e-15,0.6480475425317991,0.2104058000804034,-10.19555362809477
2.804502661847769e-15,0.7672156056232424,0.1905399038615082,-11.46015552585096
1,0,1,0
1,0,1,0
1,0,1,0
1,0,1,0
1,0,1,0
1,0,1,0
1,0,1,0
1,0,1,0
1,0,1,0
4.936130869128893e-15,0.5856928780603141,0.2220447529807207,-10.68255182554776
1,0,1,0
1,0,1,0
1,0,1,0
1.038263951005382e-15,0.5396121990958029,0.2312967440979335,-11.04640755126661
2.449231293967717e-15,0.5933024215791143,0.2205724633268353,-9.237338731482987
1,0,1,0
4.936130869128893e-15,0.5396049993055669,0.2312982368440988,-10.35269211572554
1,0,1,0
1,0,1,0
1,0,1,0
1,0,1,0
1,0,1,0
1,0,1,0
1,0,1,0
1,0,1,0
1,0,1,0
1,0,1,0
1.038263951005382e-15,0.5856928769254495,0.2220447532014234,-16.36999665602999
4.936130869128893e-15,0.5933026249866451,0.2205724241729383,-9.238872179224087
1,0,1,0
1,0,1,0
1,0,1,0
1,0,1,0
1,0,1,0
1,0,1,0
1,0,1,0
1,0,1,0
1,0,1,0
1,0,1,0
4.400991974660748,1.413171794010729,0.1172652851495525,-11.48747028541148
1,0,1,0
1,0,1,0
1,0,1,0
1,0,1,0
1,0,1,0
1,0,1,0
2.093959926088373e-15,0.3594324150169186,0.2744108133863177,-10.32442827462405
2.804502661847769e-15,0.6747731479055972,0.2056962018093159,-9.113989851538237
1,0,1,0
1,0,1,0
1,0,1,0
1,0,1,0
1,0,1,0
1,0,1,0
1,0,1,0
1,0,1,0
1,0,1,0
1,0,1,0
1,0,1,0
1,0,1,0
1,0,1,0
4.936130869128893e-15,0.4654227387720873,0.2475502469800991,-10.6361187624545
1,0,1,0
1,0,1,0
4.936130869128893e-15,0.6672016387403303,0.2070144738510464,-9.842163088130739
3.104809557477406,0.9063493167323351,0.1705424557911855,-11.16049326865914
1,0,1,0
1,0,1,0
1,0,1,0
1,0,1,0
1,0,1,0
1,0,1,0
1,0,1,0
1,0,1,0
1,0,1,0
1,0,1,0
1,0,1,0
1,0,1,0
1,0,1,0
1,0,1,0
1,0,1,0
1,0,1,0
1,0,1,0
1,0,1,0
1,0,1,0
1,0,1,0
1,0,1,0
1,0,1,0
1,0,1,0
1,0,1,0
1,0,1,0
6.198621944848171,3.920572330313352,0.02384931950750968,-14.26830862022239
3.556911242238804,1.094648599292871,0.1477217599784341,-9.647267506228479
1,0,1,0
1,0,1,0
1,0,1,0
1,0,1,0
1,0,1,0
1,0,1,0
1,0,1,0
1,0,1,0
1,0,1,0
1,0,1,0
1,0,1,0
1,0,1,0
1,0,1,0
4.126885641443291,1.314567344828319,0.1257846874177446,-16.05372318271979
1,0,1,0
1,0,1,0
1,0,1,0
1,0,1,0
1,0,1,0
1,0,1,0
1,0,1,0
1,0,1,0
3.030539822404517,0.8746509151399948,0.1748354742309662,-10.88010719314856
1,0,1,0
2.845287044006652,0.7909870818969047,0.1869009102395791,-10.83904117007516
1,0,1,0
1,0,1,0
1,0,1,0
1,0,1,0
1,0,1,0
1,0,1,0
1,0,1,0
1,0,1,0
2.98316096949746,0.8530749331482674,0.1778419535554202,-10.48876166149465
1,0,1,0
1,0,1,0
1,0,1,0
1,0,1,0
1,0,1,0
1,0,1,0
1,0,1,0
1,0,1,0
1,0,1,0
1,0,1,0
1,0,1,0
1,0,1,0
1,0,1,0
2.093959926088373e-15,0.3594140687240106,0.2744159134729031,-10.03128529354332
1,0,1,0
1,0,1,0
1,0,1,0
1,0,1,0
1,0,1,0
1,0,1,0
1,0,1,0
1,0,1,0
1,0,1,0
1,0,1,0
1,0,1,0
1,0,1,0
1,0,1,0
4.936130869128893e-15,0.5396049988613498,0.2312982369361998,-10.35266125016403
1,0,1,0
1,0,1,0
1,0,1,0
1,0,1,0
1,0,1,0
1,0,1,0
5.956600188107477,3.7867933722335,0.02582926225416965,-14.75759037317587
1,0,1,0
1,0,1,0
1,0,1,0
1,0,1,0
3.874927696874107,1.221948114307171,0.1344893362177709,-10.81591282871702
1,0,1,0
3.347306559680499,1.010153101598171,0.1574330817303161,-10.04789336535628
3.325312559020723,1.000960630191493,0.1585390875640317,-11.42446563268858
1,0,1,0
1,0,1,0
1,0,1,0
1,0,1,0
1,0,1,0
1,0,1,0
1,0,1,0
1,0,1,0
1,0,1,0
1,0,1,0
4.936130869128893e-15,0.5665366590304757,0.2258192236738558,-9.856996211827258
1,0,1,0
1,0,1,0
1,0,1,0
1,0,1,0
1,0,1,0
1,0,1,0
3.733110341738955,1.165271629324906,0.1401874639037946,-9.930160022974373
1,0,1,0
1,0,1,0