-0.113565080892264
-0.106652873339613
-0.120340531769434
-0.123789673108511
-0.129311207479429
-0.116244562955159
-0.128879081565767
-0.13277600877827
-0.153469765993312
-0.143389489017037
-0.155073472748722
-0.151810232112991
-0.152075217170705
-0.153555176973259
-0.155829297924695
-0.153922591122987
-0.147803937141352
-0.154120562269609
-0.147847819182817
-0.137707693381422
-0.167491638659417
-0.127969083237247
-0.145271451848194
-0.144973106258926
-0.14623207474844
-0.160494074590006
-0.16721742539543
-0.159876753011278
-0.155531814587519
-0.132983427055204
-0.109191386515153
-0.0944439229909483
-0.0724857685318142
-0.074350940698892
-0.0168888302392645
0.00946580221143463
-0.0239061266064215
0.0286259137096362
0.0652871307831382
0.0466081302964007
0.0620324008838208
0.0658122092072498
0.0694250677910623
0.0444243869292539
0.0364169829182921
0.0487701981010879
0.0324934712641801
0.0840511518302125
0.061802956687146
0.0815726100111478
0.0983023484905351
0.0917993763923359
0.093220178601563
0.0919787977091515
0.0957471842321519
0.0786138523084135
0.111898573517952
0.0958221996144742
0.108641499445082
0.133861370156288
0.100304339082116
0.122194288442257
0.152574809866581
0.152540934638616
0.138951936334042
0.17366290078462
0.14333939212252
0.151200378987287
0.130745626552988
0.113148919483661
0.112925406167333
0.120900056595396
0.0918923043668786
0.0834350822826642
0.0723561220085073
0.0875090101459343
0.0824298448160992
0.0725689442781593
0.095291389166055
0.123891379667815
0.113081374376879
0.0845585293783978
0.108030412582985
0.0841233675544805
0.0901164239254962
0.124389545122622
0.12556473597497
0.154208308550178
0.190007029977628
0.193855217584124
0.169128626918098
0.189993350982143
0.165033904107339
0.132856708989716
0.112229781223689
0.0817926245537107
0.0776128910633978
0.0552037932296984
0.0534931176628548
0.0805665441262786
0.0778038289495847
0.0704365680517237
0.0562931196729048
0.0853925022565149
0.0795300249047541
0.0770801599622715
0.0454925702034076
0.0855968212009051
0.0816568596027259
0.0909929295660491
0.0948524248155028
0.0997414159986558
0.116896715052008
0.11984971926837
0.128220910826204
0.108696917988333
0.151391779197486
0.16399686628321
0.153188292800278
0.151553694373153
0.177420471745865
0.207194249507593
0.175442001384371
0.232821194093516
0.200317602225267
0.219221886367207
0.185275341462204
0.157228257790838
0.146307712738099
0.177189078619489
0.13571002973386
0.150994061799142
0.132563626251768
0.146448705443899
0.12787566557912
0.12841691463325
0.155314781080081
0.158025171653113
0.191295564992109
0.161762097078781
0.171862544739639
0.15472524606612
0.187974200327553
0.21075094862124
0.201263788284703
0.190076600460378
0.236208019456854
0.209105179571596
0.160411431018562
0.173192157456905
0.187096098628623
0.166686416206144
0.159380696717239
0.184511319171119
0.16508423115647
0.14287200780864
0.121931348332584
0.109875918055874
0.105321661130388
0.089521811727628
0.114435065214422
0.0774860879599994
0.07065923500664
0.0794073894213714
0.0618287498235187
0.0681169520417461
0.0857345395883811
0.101513771144861
0.0925082075608553
0.114687254758552
0.134384488789814
0.169805696993821
0.17730767048561
0.217934996985897
0.216826041145885
0.171379631520558
0.197221804779408
0.165080940415159
0.137423363696879
0.115627233679116
0.126114161647759
0.148760907724882
0.154968408991123
0.148391582274677
0.134312386263439
0.197886712895475
0.153627945797844
0.184548769354608
0.15587645402733
0.151718988845311
0.178203321749625
0.199792786133941
0.143320807300083
0.230856734174434
0.112883298039521
0.126020200040465
0.0903351199165969
0.0834323578197578
0.0784438033943795
0.0710276894710655
0.0803104040927208
0.0969325957992551
0.132370774105065
0.183303718462849
0.163337179981395
0.205031253272204
0.209594279714614
0.176378451594184
0.165484681024123
0.158206754774165
0.216945235095586
0.135503176396797
0.202777435470553
0.172955860256938
0.154122898540119
0.141806652592991
0.134215591946034
0.158397346879555
0.206579232774664
0.18023978278823
0.220972351318363
0.225073559445829
0.187982699643073
0.158555747986234
0.13303024855961
0.123409468600327
0.106892733510362
0.089352092883491
0.0796707892834567
0.0711741781510907
0.0593808469984239
0.0867212975922578
0.0957078160112954
0.0656451310074148
0.100612745224552
0.0968264501491206
0.122489000392279
0.1446352400731
0.163909131133335
0.174744726234679
0.211285400726162
0.216560541239437
0.20301396174238
0.227275049497823
0.203508148072427
0.132459688710914
0.155923263484221
0.1205454987314
0.102157717408857
0.114531995849012
0.0824590454570355
0.087082945446603
0.088931975060435
0.0797412957951096
0.0340315396801446
0.0479968860869215
0.0622921277439701
0.0741984136131763
0.101997604619718
0.094421219217826
0.100442995626769
0.12092743277499
0.0756564022015577
0.108007287368825
0.0601165616714459
0.0531247023361555
0.0279607393528107
0.0228013126167972
0.0148284153319138
0.0335228910138987
0.0265141316912955
0.0155495252033955
0.0527645327420978
0.0678560499866749
0.0584772714284413
0.0970938677918345
0.0647198515021744
0.0650128993299973
0.0292435010542019
0.0514346894069493
0.0210200330355501
-0.0161133050187848
-0.0205605652064733
-0.0389167967224708
-0.0466710331416168
-0.0301596553635844
-0.0219171095970746
-0.00531793223399344
0.0182965120712545
0.0269735293932226
-0.0208586944341216
0.0312631592952178
0.0393757116507321
0.0240481875092928
0.0321491214804168
0.0158155499629331
-0.00608127515525867
-0.00488819551108466
-0.0401113099150619
-0.0192898502726018
-0.046172722657281
-0.0458814695951403
-0.0796034089727479
-0.042111808053313
-0.0736933483432896
-0.0932446102611637
-0.105159524572661
-0.121872323267436
-0.125940197918732
-0.174530475613761
-0.136775842993424
-0.162622027738911
-0.174102279345401
-0.165763027520034
-0.160100292202584
-0.153356565656538
-0.15464932802296
-0.155050268829889
-0.163642138570106
-0.157412851225859
-0.145496039113249
-0.141997159736052
-0.123331183422957
-0.143175738352434
-0.152265985180375
-0.123872333868033
-0.123851183880908
-0.131148603126386
-0.118801927422205
-0.139542726727708
-0.157378221891088
-0.136407144344253
-0.126798447643994
-0.157890517662646
-0.120036384532
-0.154053038572396
-0.130924085794019
-0.136168632102354
-0.144791617603178
-0.143748731080613
-0.145989004798751
-0.160298807311279
-0.151872659974256
-0.148590984669866
-0.146637073221107
-0.135591766248643
-0.135518510307624
-0.137561752832851
-0.146115169305262
-0.149611014264247
-0.161682212167318
-0.150407648741475
-0.156074996629869
-0.149730497181781
-0.141574668510975
-0.121243170713753
-0.0979153747916592
-0.116072741795544
-0.0820790659018504
-0.192587068420334
-0.0704602428134541
-0.117833227595388
-0.0995333881990885
-0.100768472452687
-0.138403829368788
-0.129919146112116
-0.118694658292993
-0.129712914987008
-0.137714233362141
-0.118670023246752
-0.112211397582069
-0.117020682459536
-0.106514684295689
-0.0872081010795598
-0.082546935135333
-0.0593034563143064
-0.0434793713152127
-0.0251369567006702
-0.0168299331963213
0.00743650338300101
0.0301424142346193
0.0255683901027127
0.0127886399178422
0.00481889616622675
0.0185814706387115
0.00455877849422579
0.0103999834370342
0.0161717334106941
0.0408217782076088
0.0315933843204589
0.00844441727018943
0.0155632172612927
0.000111372495008694
0.00392954245517253
0.00670242930091165
0.00452530950772209
-0.00460166580594681
-0.0174446996361024
-0.0224399956938164
-0.000602293957164718
-0.0243396015438455
-0.00961347567658627
-0.0254732279507919
-0.0206302049319044
-0.0599253624291942
-0.0304854186426826
-0.0383315173499659
-0.0722340406541525
-0.055703976964507
-0.0607383136755309
-0.0833976473651602
-0.0849420088172502
-0.113650075681514
-0.101395912941707
-0.121380999519814
-0.131663526777063
-0.137429673600246
-0.142895722542266
-0.145330453432868
-0.152830032106231
-0.155021536927383
-0.162290581220853
-0.163553942532245
-0.159248484873487
-0.161021973236387
-0.162277760715662
-0.169124480671385
-0.153093605292603
-0.146229833475305
-0.161751985658471
-0.129114859120215
-0.122770092480486
-0.142058772891083
-0.117860522464105
-0.115059170625116
-0.115757617267202
-0.133385433240607
-0.0966165427222359
-0.11726493064568
-0.112827148130218
-0.121070207996607
-0.0997395228486563
-0.112719191641191
-0.108274679547813
-0.0952786048108943
-0.10122627683843
-0.0742935402557172
-0.087795973634475
-0.0894467498537311
-0.0780545608542533
-0.10888125449746
-0.0699263526851548
-0.107302869531823
-0.0825236887087478
-0.110786302116937
-0.114555785473481
-0.0904400876544425
-0.114626665204518
-0.0889114232970816
-0.103333798702771
-0.103869227961273
-0.125810752771444
-0.144064226997874
-0.139056568084295
-0.14687417403521
-0.139700105348422
-0.151114984643245
-0.150332968026528
-0.149814462072294
-0.148984945661049
-0.162187119874155
-0.151316065732083
-0.153626480679673
-0.147759633416273
-0.143243301944804
-0.128186717493462
-0.123105981161771
-0.105228009948283
-0.124553860050037
-0.107922478437429
-0.0881999591131601
-0.0875441082314
-0.0766224565626855
-0.0697358617370794
-0.0858567232726661
-0.0736352106842507
-0.07774247811654
-0.0635059746033342
-0.0696034296978417
-0.0689736334907089
