dN/dS,LRT,p-value,Log(L)
3.17603086687411e-16,5.261259305144549,0.0109026178696765,-4.064078233232281
0.6003396199330361,0.2994523879835782,0.2921129640737026,-12.0705853064584
1.182288174109529,0.0511069772946513,0.4105740627671743,-20.20801162261088
0.614992286339355,0.2707738207262409,0.3014065793305133,-11.76475174034215
0.6150054295507538,0.27074254064933,0.3014170521277927,-12.23128208447378
3.17603086687411e-16,3.986341531675537,0.02293527973928405,-5.21667218506964
0.9419395121532451,0.00357402171069765,0.4761641839984692,-15.949565216607
0.4568014977085857,0.7883155175534569,0.187304981255598,-13.51400029931845
2.976457580386307,3.273494351546915,0.03520375224909456,-25.48306077765693
1.932084818211447,1.007708288292832,0.1577262444531952,-31.27871659289424
6.728744545674702e-16,1.900259725703799,0.08402462520840609,-7.525335088543343
0.5360050990058077,0.4723120765979729,0.245962711917441,-13.27725715624896
2.449231293967717e-15,1.916093678691094,0.08314396559942072,-13.26982889459267
0.5543007012273193,0.4205062295219193,0.2583422768311721,-8.008997042344962
0.6973552376420079,0.1450113245239137,0.3516745217879832,-18.9762730799336
0.5022029772580431,0.5892289216107685,0.2213587224882327,-25.48075989713773
1,0,1,0
5.840566125974614e-16,3.356122757783936,0.03347776873072977,-10.84696540555318
2.649989600310406,2.715462664011078,0.0496900762605737,-31.63889531709966
2.449231293967717e-15,3.580456872871473,0.02923153513131249,-17.35156694071124
0.4637511706435197,0.7537720528661254,0.1926422990352686,-11.24225788142034
1.108491136298325,0.01985699080716685,0.4439686111148478,-12.64078599355745
1,0,1,0
0.5625824557255641,0.3904872727053359,0.2660216908785004,-11.92485090806847
0.4561147687325248,0.791837696884123,0.1867725121125752,-11.21897586600244
2.30021297817253,2.040994553010528,0.07655475613439466,-23.8235727306223
1,0,1,0
9.682324783204268e-17,3.476841830228139,0.03111670268761013,-20.6370507808447
2.449231293967717e-15,1.9230420078758,0.0827608494268241,-16.31159399105409
1,0,1,0
9.682324783204268e-17,3.083832753739678,0.03953699108123848,-9.433676059062208
9.555848176237971e-17,4.475972586722609,0.0171873164884882,-7.146726566190139
2.731941657024047e-16,3.66711730840235,0.02774804480268639,-15.59711617349256
1,0,1,0
1,0,1,0
2.287852447174094e-16,3.645375245429417,0.02811256625824515,-11.7360015500906
1.028145822447522e-15,3.580140287248341,0.02923710647150807,-17.45307191102681
5.840566125974614e-16,3.557526775574265,0.02963799786647298,-5.968768667390586
1,0,1,0
9.682324783204268e-17,3.476841829427443,0.03111670270266814,-20.97311633509513
1.080612982498998,0.01146401821148046,0.4573666617267271,-15.4920275588995
1,0,1,0
1,0,1,0
1,0,1,0
2.804502661847769e-15,3.285306267650796,0.03495129277679981,-19.44790697917616
0.5765644541029242,0.3568702084985489,0.2751248002964598,-18.94492989524492
1.117782124427103,0.02319476538950127,0.4394758416418412,-13.85323196831267
1,0,1,0
0.8639018448652482,0.0218215539840898,0.4412813986021871,-18.31109813173807
6.728744545674702e-16,3.274096729015074,0.03519083032020914,-10.81586636788857
1,0,1,0
1.028145822447522e-15,3.645388963923295,0.02811233466264251,-8.850002064981402
9.682324783204268e-17,3.476855296943924,0.0311164494309914,-11.41385627877541
0.5633635567504324,0.3883489380865157,0.2665842745673909,-21.06526037504365
1,0,1,0
9.682324783204268e-17,3.476855298092666,0.03111644940938812,-12.95054753212525
1,0,1,0
1,0,1,0
1,0,1,0
3.17603086687411e-16,2.336194694507743,0.06319899217335984,-6.935011080404196
1.934191091709515,1.346607840316295,0.1229360076608305,-37.20490775474506
1,0,1,0
1,0,1,0
1.178890452310832,0.04944948204265387,0.4120119997494125,-25.1333291258212
1,0,1,0
1.556330813462699,0.4992510363047913,0.2399146976701484,-14.20536076813509
1,0,1,0
2.731941657024047e-16,3.75043656352844,0.02639686046099587,-6.87901778184574
1.003260615478033,2.042217254327738e-05,0.4981971501497569,-12.99799494659513
0.4559445112426245,0.7926929896345598,0.1866435324234583,-11.1096340742379
2.804502661847769e-15,3.580457225942467,0.02923152891852487,-16.97372318842413
5.840566125974614e-16,3.660329180505723,0.02786131136801051,-11.94051652212978
0.8095472427899496,0.04683540454695034,0.4143321804324333,-10.25364179808304
6.728744545674702e-16,3.274124507179806,0.0351902345581282,-10.86081807439755
1,0,1,0
1,0,1,0
6.728744545674702e-16,4.330373973262745,0.01871900971001261,-18.2787214039879
2.342924070311042,2.104824199796553,0.07341760901361355,-32.13831674404112
5.840566125974614e-16,3.557526775574265,0.02963799786647298,-5.968768667390586
1.028145822447522e-15,3.752878045315693,0.02635833392228115,-9.754465294772372
1,0,1,0
1.028145822447522e-15,1.921144746326746,0.08286525959779062,-15.07955741736213
1,0,1,0
1,0,1,0
0.5025692692176561,0.5878209550476932,0.2216314905555515,-13.9695981980862
1,0,1,0
1.028145822447522e-15,2.021428878379634,0.0775465695474109,-10.78762465632174
5.840566125974614e-16,4.309307300448161,0.01895219649892438,-9.688821805986056
1.028145822447522e-15,4.083563155412449,0.02165112665131513,-17.16775686824449
1,0,1,0
0.8100189071284823,0.04653608580393609,0.4146021313016187,-25.5907441754128
1,0,1,0
1,0,1,0
0.447376366622749,0.8444409831074857,0.1790648642957265,-8.446506896495773
1.293201763024089,0.1181269811243055,0.3655374375744591,-17.8932509415278
1,0,1,0
5.840566125974614e-16,3.557225976278474,0.02964336963774955,-10.96220960546339
1,0,1,0
1.187231235881466,0.0539232768657989,0.4081859565501808,-13.13121036364199
1,0,1,0
5.840566125974614e-16,4.083155567469994,0.02165634943909173,-8.737639878738705
9.682324783204268e-17,3.222785318022648,0.03630998253594164,-14.58194973797568
1,0,1,0
1,0,1,0
1,0,1,0
2.449231293967717e-15,3.751913666641059,0.02637354468336062,-43.3738894325918
1,0,1,0
2.000650462198845,1.123025674944707,0.1446339397732506,-19.70412695068638
3.17603086687411e-16,3.996373379053971,0.02279913866145405,-9.836036834177701
1.497296803102684,0.2747909442060674,0.3000679612016272,-20.53347576712646
1,0,1,0
1,0,1,0
9.682324783204268e-17,3.750433938659361,0.0263969019134469,-6.84425461517209
1,0,1,0
1,0,1,0
1,0,1,0
0.5483786990392606,0.437957471558466,0.2540549739593619,-15.35318983171155
1.028145822447522e-15,3.645382747796187,0.02811243960304449,-12.11292644678773
1,0,1,0
1,0,1,0
1.482188984167174,0.2620829140229191,0.3043463813969637,-17.38383156572339
0.5005881759093671,0.5955339565156272,0.2201435577083661,-12.57982733635275
5.840566125974614e-16,3.098733836082385,0.03917660599321782,-11.36059365057741
1,0,1,0
1,0,1,0
1,0,1,0
5.840566125974614e-16,1.920412039577986,0.08290562226985837,-11.26350949177538
2.355396064686664,2.140700576307665,0.07171818738570607,-30.60386967593772
1,0,1,0
9.682324783204268e-17,2.650925113909754,0.05174482681704262,-11.40358184376532
9.682324783204268e-17,3.103189860891383,0.03906952452314627,-16.90487927967904
1,0,1,0
5.840566125974614e-16,3.476844779752025,0.03111664721833413,-8.24288180659744
1.028145822447522e-15,1.939368806796836,0.08186854226507573,-30.89759436230581
9.682324783204268e-17,3.869570127477967,0.02458455670080034,-12.3906216689699
1.738688558207614e-15,3.149927497848388,0.03796516832181401,-11.26597393232604
1.237115294625322,0.08210944722808122,0.3872294241368107,-14.99868881022104
2.51973875076676,2.505138139423707,0.05673776718516582,-22.64275094444692
1,0,1,0
0.9279419167705308,0.01106174412321792,0.4581185427449027,-27.11665006801885
1,0,1,0
1,0,1,0
1,0,1,0
0.577732801433963,0.3536980289308076,0.2760135968333605,-26.40783955665883
1,0,1,0
0.5495076481026939,0.4294504354131163,0.2561293672532116,-15.01279221664409
6.728744545674702e-16,3.476855298133863,0.03111644940861341,-10.7807068539825
5.840566125974614e-16,2.340797163473585,0.06301252391211526,-9.36791331253089
1.12317535195295,0.02505184619909073,0.4371189699669882,-46.0993740514019
5.840566125974614e-16,4.308213754582766,0.01896438374113901,-11.88605408042103
0.6347251549437463,0.238720906006634,0.3125657369707516,-9.791466333527939
1,0,1,0
0.7168676630924973,0.1228346090194279,0.3629901164251814,-10.01236443692154
3.830600528929749,8.156423363101865,0.002145445488214992,-52.50753397826315
1,0,1,0
2.820068689796917,3.762157270761037,0.02621245002104478,-33.83789427122463
1,0,1,0
1.550489121755196,0.4854134783864765,0.2429902058883213,-19.53748595670521
9.682324783204268e-17,3.103188954628351,0.03906954626923598,-12.25567865238722
2.467603602083476,2.42000584094702,0.05989724191296247,-31.2166828728712
3.120910016520845,4.317625803656881,0.01885975750945745,-43.76493597500772
2.287852447174094e-16,4.383163838739577,0.01814778313646032,-10.83391607578245
1,0,1,0
1,0,1,0
1,0,1,0
1.00755105759533,0.0001081120462984586,0.4958519948758496,-21.60086073874218
2.804502661847769e-15,1.993838950647294,0.07897003077804443,-19.55053919724877
1.028145822447522e-15,3.563588528554483,0.02952996539236274,-14.57099040491219
1,0,1,0
2.804502661847769e-15,2.020623915626906,0.07758768542498778,-16.85766904059118
1.368856314559396,0.1765798428006313,0.3371645480815298,-15.89143224460705
0.5990616004748239,0.3061796076673602,0.2900170239602116,-40.747894052745
4.702368560700128,5.808070279593906,0.007976395065909136,-26.79973443966305
3.036711780077745,4.210597008419782,0.02008609805224648,-32.799621920489
1.426478811761015,0.2210609630719631,0.3191163520933711,-17.60768975465442
5.840566125974614e-16,3.356003261307716,0.03348019847346895,-9.466101218449257
3.17603086687411e-16,2.786085097525397,0.04754313452681963,-6.346746033948633
1,0,1,0
4.730343101349462e-16,3.996358476539402,0.02279934026917779,-7.00358506858306
2.804502661847769e-15,1.967405882194363,0.08036174121018791,-20.72517544254301
9.682324783204268e-17,3.563998180693005,0.0295226796946742,-16.55951550123999
9.682324783204268e-17,3.645378983939281,0.02811250314452396,-25.15981037794812
1,0,1,0
1,0,1,0
2.287852447174094e-16,3.580140287145703,0.02923710647331457,-10.93525492068889
1,0,1,0
9.682324783204268e-17,3.563408633431251,0.0295331654461678,-8.146805323136563
2.178507746009924,1.812340703404381,0.08911384773977238,-29.83439612996231
6.759612138160762,14.13266612126621,8.517978568473028e-05,-43.3827933431234
1,0,1,0
1,0,1,0
1,0,1,0
1,0,1,0
1.028145822447522e-15,2.786100580451009,0.04754267507187249,-10.03552281781395
1,0,1,0
1,0,1,0
1,0,1,0
0.5502084485631492,0.4274105482006334,0.2566311479549665,-24.57593675804292
1.722139764271371,0.7179459734992406,0.19840924735236,-31.45313894217306
1,0,1,0
9.682324783204268e-17,3.580257373968514,0.02923504582337638,-30.00672525158688
1,0,1,0
5.840566125974614e-16,3.476841829855381,0.0311167026946203,-10.709689967046
1.001839836384543,6.495029261088803e-06,0.4989832828445145,-17.38226168306476
2.710195244444344,3.001060182068848,0.04160502474991584,-29.77628395010563
1,0,1,0
1,0,1,0
1.237778288815315,0.08219064367490247,0.3871751897731099,-15.65517713001201
3.023512399864432,3.46897095993242,0.03126509956293033,-24.08380534071385
2.124557559795874,0.8732789672023245,0.1750245742973882,-26.2768014038077
0.725516696458416,0.1112279036906187,0.3693752461454968,-12.99813349215079
1.02554152159786,0.001228217017349209,0.4860215593471882,-17.25804026669015
1,0,1,0
1,0,1,0
1,0,1,0
9.555848176237971e-17,4.329144993881153,0.01873253035675926,-6.855835528819887
5.840566125974614e-16,4.054469044974471,0.02202728545870408,-9.645372312147991
1.221455645669127,0.07306908238651744,0.393459757802229,-16.47181315982021
1,0,1,0
1.028145822447522e-15,3.645395600342923,0.0281122226273382,-32.15722881828038
3.17603086687411e-16,3.103091503593268,0.03907188471599654,-7.191144333889134
9.682324783204268e-17,3.476844875331409,0.0311166454208528,-16.98665435955339
0.5985307664544346,0.3032010589176295,0.2909412844326328,-12.25326223407126
1,0,1,0
1,0,1,0
1,0,1,0
1,0,1,0
0.5749313510213944,0.3607055576296787,0.274057323903217,-17.34297501951387
0.5474119553185351,0.4358425203889453,0.2545679749416647,-21.59406822217528
1,0,1,0
0.5596727325342266,0.4047881254652879,0.2623133859740705,-13.42219832868017
3.17603086687411e-16,3.557519628413603,0.02963812549077988,-5.934005500716935
2.287852447174094e-16,3.273856707663807,0.03519597854074108,-13.94711075355045
0.463669040008035,0.7541661568906832,0.1925801989980844,-12.49028582462444
9.682324783204268e-17,3.103188479483581,0.03906955767050152,-9.856011698637916
2.287852447174094e-16,4.061187704103158,0.0219398132793987,-11.03561867512771
1,0,1,0
0.538489787832953,0.4638328726112917,0.2479190509702222,-43.84620155002979
1.714405633684993,0.7043103542966165,0.2006695660262754,-22.39288567425514
3.17603086687411e-16,4.242902337612495,0.01970736631885828,-10.42915659420671
9.384229632425688,38.37658080427994,2.916408781139523e-10,-73.68710610718855
0.6010982394308985,0.3031920087983551,0.2909441017382828,-21.77671074619609
1.153436267129409,0.03818877153292277,0.4225322855165694,-31.78650803730642
1,0,1,0
0.535512500917641,0.473909181144208,0.2455971191370772,-22.24487389096479
1,0,1,0
1,0,1,0
1,0,1,0
1,0,1,0
1,0,1,0
1,0,1,0
1,0,1,0
1,0,1,0
1,0,1,0
6.728744545674702e-16,3.580257379333265,0.0292350457289639,-10.96920298693814
5.840566125974614e-16,4.308803260359259,0.018957812855249,-10.21605712507621
3.17603086687411e-16,4.083647052105565,0.02165005177260065,-10.66557784124683
0.4834789241881344,0.6599218067890895,0.2082937749112162,-11.55466040982179
1,0,1,0
2.449231293967717e-15,2.020084696971445,0.07761524146779153,-22.72841747425832
1,0,1,0
1,0,1,0
0.4556758835988621,0.7940926844357179,0.1864327248108452,-12.32317206412965
2.287852447174094e-16,3.476833959256776,0.03111685071102704,-11.56093694175558
5.840566125974614e-16,4.475425685665947,0.01719281788152693,-12.41822301392186
1,0,1,0
1,0,1,0
1,0,1,0
6.728744545674702e-16,3.99637335843255,0.02279913894042834,-14.10432713097583
1,0,1,0
2.287852447174094e-16,3.890967594665739,0.02427322352329586,-9.45503321558083
1,0,1,0
9.682324783204268e-17,2.786100580694853,0.04754267506463628,-11.42315534409973
1.028145822447522e-15,3.156878456116615,0.0378038132274407,-23.88564354201074
9.682324783204268e-17,3.35608287046589,0.03347857974558893,-10.15513336665536
0.985612563131458,0.0004051627264232138,0.491970370949476,-16.50225296479351
3.327647580538869,3.940433560311156,0.02356931352091624,-20.39490514475062
9.682324783204268e-17,4.382201002135563,0.01815803671052596,-13.61498237152564
1,0,1,0
0.5982307475493382,0.3038566055806804,0.2907373580877185,-11.55980978669259
1,0,1,0
1,0,1,0
1.555272686854783,0.4785640029282305,0.2445367426438005,-29.2413113494578
0.7664828835129748,0.1496495773858086,0.349435229923558,-17.997045553807
0.5083182733745136,0.5635491936045725,0.2264168714213121,-12.4860227439112
1,0,1,0
1,0,1,0
5.840566125974614e-16,3.996355159609756,0.02279938514230584,-10.42607192027795
1,0,1,0
1,0,1,0
1,0,1,0
0.5941317331029441,0.3130865467126682,0.2878961521777961,-8.901855312682404
1,0,1,0
2.287852447174094e-16,3.564050745296448,0.02952174496711923,-10.30839705989471
1,0,1,0
1.054682594289553,0.005343912092037328,0.4708624487119482,-16.65840763690732
1,0,1,0
5.840566125974614e-16,3.271704239892971,0.03524218291354886,-6.475901762079432
2.804502661847769e-15,3.476855297629101,0.03111644941810593,-23.75832319593889
1,0,1,0
1,0,1,0
1,0,1,0
3.17603086687411e-16,4.383198064506161,0.01814741876621578,-10.47562797309378
9.682324783204268e-17,3.274050672821875,0.03519181811745709,-9.898390252459636
1,0,1,0
1,0,1,0
0.4895260297590397,0.6368853106242192,0.2124204634758103,-13.26036069678006
1,0,1,0
9.682324783204268e-17,3.580301266080468,0.02923427339126972,-9.000449727082898
3.17603086687411e-16,3.150397857408501,0.03795422637945295,-6.727648748244467
5.840566125974614e-16,2.341116167890522,0.06299962218656413,-10.9797168156246
1,0,1,0
2.804502661847769e-15,3.645375247892972,0.02811256621665525,-32.970651196277
1,0,1,0
3.17603086687411e-16,4.24129015492991,0.01972608798889242,-15.24808251580698
1.258028969843653,0.09381706387856781,0.3796897514610806,-17.36351317157093
9.682324783204268e-17,3.476833958787655,0.03111685071984943,-10.62324771923118
1.028145822447522e-15,2.786085095744347,0.04754313457967263,-11.21539523705893
1,0,1,0
9.682324783204268e-17,3.99637337842875,0.02279913866991229,-27.10681588099184
5.840566125974614e-16,3.752957178402212,0.02635708619992866,-11.21729335660111
5.840566125974614e-16,3.580302816093276,0.0292342461138797,-9.213168110857152
0.4940147094575226,0.6185857541435205,0.2157866572735226,-13.72048606202599
1,0,1,0
1.122033692536704,0.02459845131765803,0.4376858937070901,-43.42710671784459
5.840566125974614e-16,3.356523375444578,0.03346962427645123,-8.817393224520837
1,0,1,0
1.153140108699174,0.0370801581162965,0.4236509688980789,-19.382235032011
1,0,1,0
2.804502661847769e-15,1.920895958507014,0.08287896207008749,-13.27531434618669
1,0,1,0
1,0,1,0
1,0,1,0
1,0,1,0
6.728744545674702e-16,4.484719536435883,0.01709957869940493,-17.51189819499896
1,0,1,0
5.840566125974614e-16,2.640950594321968,0.05207060734012103,-13.613395594995
1,0,1,0
1,0,1,0
1,0,1,0
1,0,1,0
0.5987058239246519,0.302819992575003,0.2910599579818612,-11.558660130766
1,0,1,0
1,0,1,0
1,0,1,0
5.840566125974614e-16,4.48620388428041,0.01708473621639317,-12.67761727355314
5.114956077737342e-17,4.122743043188017,0.02115521125811182,-3.708437862230963
3.17603086687411e-16,3.142488739031684,0.03813866729042231,-6.691274537029933
5.840566125974614e-16,4.485928075397581,0.01708749310133451,-28.97467352428499
4.730343101349462e-16,3.986323312345144,0.02293552776952701,-4.823547141766433
1.028145822447522e-15,3.291257091577883,0.03482483903867356,-27.22436080622357
9.555848176237971e-17,3.986326658501042,0.02293548221616681,-13.25881837445973
9.682324783204268e-17,4.486583226323269,0.01708094521116449,-13.95230519634218
6.728744545674702e-16,3.088572654143739,0.03942197015514337,-9.716681980617563
1.843763237323921e-16,4.043159015043241,0.02217536398529735,-3.70477179548017
3.17603086687411e-16,3.791185981456679,0.02576156478618907,-3.940929594645011
5.840566125974614e-16,3.486505860011079,0.03093552313299425,-4.008827624948228
3.17603086687411e-16,4.40031663891196,0.01796612927077484,-5.052794038091094
2.804502661847769e-15,1.946396392004996,0.08148785184698742,-4.593424633391603
2.287852447174094e-16,3.694457436327628,0.02729676760221889,-9.885256178041613
6.728744545674702e-16,3.596892438163554,0.02894384228700153,-12.56018843796658
3.17603086687411e-16,4.377828898269129,0.01820467307869655,-4.064078233232281
1.028145822447522e-15,3.025590080813128,0.0409802506484423,-10.54185302350082
3.17603086687411e-16,3.381814951183282,0.03295971356179228,-6.138720130198291
9.555848176237971e-17,3.733150593641373,0.02667134388440173,-4.928096000756682
2.804502661847769e-15,1.69664511715774,0.09636365388239027,-4.593424633391603
3.17603086687411e-16,2.311987072099303,0.06418992025283649,-4.396243918538658
9.555848176237971e-17,3.733150593641373,0.02667134388440173,-4.928096000756682
3.17603086687411e-16,2.622263963481435,0.05268700040165153,-4.777146632834492
1.028145822447522e-15,3.517720019283992,0.03035795864936941,-25.55936900452587
9.555848176237971e-17,3.045177519304758,0.0404886311075483,-4.73835077353532
5.840566125974614e-16,1.943652982236625,0.08163622370781626,-4.376631820442065
4.004733053112191e-17,2.956244546011439,0.04277321037099147,-3.913838366950813
5.840566125974614e-16,2.577507228909315,0.05419611915404005,-9.880675123024135
9.682324783204268e-17,3.209066559440707,0.03661562525008788,-17.63432769218442
9.682324783204268e-17,3.597543786091919,0.02893250305252493,-8.289982276768743
0.6825870692898518,0.1627896134140343,0.3433005333680397,-9.635133749567114
4.730343101349462e-16,3.575278123624088,0.02932281373515183,-4.558796484453342
5.840566125974614e-16,1.943652982236625,0.08163622370781626,-4.376631820442065
5.840566125974614e-16,3.317653706189439,0.03426979057102914,-4.706546024216514
9.682324783204268e-17,3.3176537062755,0.03426979056923507,-10.30634144280246
9.682324783204268e-17,3.388429881798583,0.03282772127667621,-4.227446365402647
1.535993906041802,0.3103323483547058,0.2887381573708279,-19.92431066938732
2.011877648604761e-16,2.783251965270786,0.04762728898980229,-3.552119413857558
3.17603086687411e-16,3.631128713546513,0.02835417246621741,-6.384575990179012
5.840566125974614e-16,2.88548930347574,0.04469042500365961,-11.73978971761795
5.840566125974614e-16,1.943652982236625,0.08163622370781626,-4.376631820442065
5.840566125974614e-16,3.317653706189439,0.03426979057102914,-4.706546024216514
5.840566125974614e-16,3.317653706189439,0.03426979057102914,-4.706546024216514
6.728744545674702e-16,2.716730927843169,0.04965060107809321,-10.72198984741262
0.6006878679771356,0.3012574857854915,0.2915475810328145,-9.162559064111559
5.840566125974614e-16,1.943652982236625,0.08163622370781626,-4.376631820442065
9.682324783204268e-17,2.716761594281376,0.04964964699782648,-4.505912789662358
0.7521874030963742,0.08677045890562241,0.3841618564293161,-11.23911631272712
6.728744545674702e-16,3.73129074772978,0.02670105589105898,-22.40381806637848
9.682324783204268e-17,2.777239525719004,0.04780641838213012,-11.23174069650323
2.804502661847769e-15,1.596031090038419,0.1032332856464168,-10.87725456726576
1.028145822447522e-15,2.955824508767659,0.04278432559907397,-8.584280577680275
3.17603086687411e-16,3.364089344547263,0.03331620694524146,-10.23583355882834
1.314065927232329,0.06233936569852716,0.4014179835653703,-17.56227602130435
9.682324783204268e-17,2.716761594281376,0.04964964699782648,-4.505912789662358
1.679372242383419,0.6697102201618179,0.2065763278767831,-34.28987187253965
2.011877648604761e-16,2.783251965270786,0.04762728898980229,-3.552119413857558
5.840566125974614e-16,2.885482346131027,0.04469061803989227,-13.90136108241642
9.682324783204268e-17,2.956150065238628,0.04277571029443999,-9.541199169858801
9.682324783204268e-17,3.215943449804769,0.03646207021015435,-10.69471019853323
2.011877648604761e-16,2.783251965270786,0.04762728898980229,-3.552119413857558
3.17603086687411e-16,2.622263963481435,0.05268700040165153,-4.777146632834492
9.555848176237971e-17,3.045177519304758,0.0404886311075483,-4.73835077353532
2.804502661847769e-15,1.938024060002533,0.0819416196711984,-16.10545934734687
9.555848176237971e-17,2.714309047173096,0.04972601277147193,-6.310664216945817
3.17603086687411e-16,3.215240856504107,0.03647772678053507,-3.865727412309393
1.028145822447522e-15,2.78305253157604,0.04763321901162432,-16.18081834659037
3.17603086687411e-16,3.215240856504107,0.03647772678053507,-3.865727412309393
3.17603086687411e-16,2.622263963481435,0.05268700040165153,-4.777146632834492
0.923009278388587,0.006381308811718611,0.4681651176860568,-18.59678294241728
3.17603086687411e-16,3.215240856504107,0.03647772678053507,-3.865727412309393
4.730343101349462e-16,3.025592958694595,0.04098017794600434,-14.43677165006942
3.17603086687411e-16,3.215041010379444,0.03648218146360244,-9.465727994870951
9.682324783204268e-17,3.732246507708602,0.02668578275212563,-19.200968901018
0.5976117798888541,0.3051353154570862,0.2903404031947883,-11.52497460709109
5.840566125974614e-16,2.716704218958085,0.04965143204907496,-10.68663227304612
6.728744545674702e-16,1.945456553523666,0.08153864644487896,-10.79320723158787
9.682324783204268e-17,3.388461084972356,0.03282709999720912,-11.24230759157721
0.7958803134153078,0.05492826701506459,0.4073497261145111,-17.80908278709079
9.682324783204268e-17,3.216023478511568,0.03646028730997142,-4.727908281858517
2.011877648604761e-16,2.783251965270786,0.04762728898980229,-3.552119413857558
3.17603086687411e-16,2.31197158891918,0.06419055955817382,-6.203089498304504
5.840566125974614e-16,3.025602906969144,0.04097992662893785,-4.776726967155408
1.028145822447522e-15,3.209066867063939,0.03661561836562849,-16.87590517460564
9.555848176237971e-17,3.388376503097238,0.03282878411725726,-10.13698852063779
2.804502661847769e-15,2.885489303473364,0.04469042500372528,-21.9408315585388
2.011877648604761e-16,2.783251965270786,0.04762728898980229,-3.552119413857558
0.5859823044424126,0.3297556138555748,0.282901513483253,-12.46135649565618
9.682324783204268e-17,3.388429881798583,0.03282772127667621,-4.227446365402647
3.17603086687411e-16,2.682573627359968,0.0507258252350159,-10.69116868841949
2.804502661847769e-15,1.69664511715774,0.09636365388239027,-4.593424633391603
1.028145822447522e-15,2.253135687182109,0.06667197890178655,-8.435156698539082
3.17603086687411e-16,2.311987072099303,0.06418992025283649,-4.396243918538658
2.731941657024047e-16,2.956317564616898,0.04277127843617279,-4.01826655198061
1.028145822447522e-15,3.317660407426814,0.03426965087011435,-16.80816665950224
9.682324783204268e-17,3.216023478511568,0.03646028730997142,-4.727908281858517
1.028145822447522e-15,2.676876736664866,0.05090761867857257,-12.63864939564902
5.840566125974614e-16,2.682570697711359,0.05072591854041014,-5.287660946181416
5.840566125974614e-16,3.025602904813336,0.0409799266833985,-11.05986591020526
0.6054425301678658,0.2902196196453062,0.2950399136293776,-11.8889671810523
2.598719154943512,1.317461202253597,0.1255240971492905,-33.42879015998771
5.840566125974614e-16,3.21586324816565,0.03646385705679944,-10.00036737169088
2.731941657024047e-16,2.956317564616898,0.04277127843617279,-4.01826655198061
5.840566125974614e-16,1.943652982236625,0.08163622370781626,-4.376631820442065
5.840566125974614e-16,3.044701115570881,0.0405005124560896,-15.76239519473058
9.555848176237971e-17,2.885468016899608,0.04469101561695493,-4.392938025764679
6.728744545674702e-16,2.716734792386259,0.04965048084508561,-4.401461736693109
1.226170560593292,0.07400477880467093,0.3927963260469506,-28.54625461146619
1.028145822447522e-15,1.579937120854122,0.1043848755123318,-13.80788720152001
3.17603086687411e-16,2.88548930347574,0.04469042500365961,-4.762237542068021
5.840566125974614e-16,3.388502904615281,0.03282626735526778,-4.331874550432445
5.840566125974614e-16,2.201134127804224,0.06895461979339684,-4.770915392322727
9.682324783204268e-17,3.215200844995579,0.03647861861295171,-11.07518418049668
3.17603086687411e-16,4.377828898269129,0.01820467307869655,-4.064078233232281
2.731941657024047e-16,2.956317564616898,0.04277127843617279,-4.01826655198061
2.011877648604761e-16,2.783251965270786,0.04762728898980229,-3.552119413857558
9.682324783204268e-17,1.595770749356896,0.1032517942504572,-6.324127723576766
3.17603086687411e-16,2.615525259649864,0.05291123991456959,-6.583992212600338
3.17603086687411e-16,3.215240856504107,0.03647772678053507,-3.865727412309393
0.7002943684610803,0.138782971898328,0.3547469564546882,-6.936967111254707
9.555848176237971e-17,2.885468016899608,0.04469101561695493,-4.392938025764679
0.6949322587244716,0.1452672761145664,0.351549889996296,-13.36818795324088
5.840566125974614e-16,2.783990814434933,0.04760532682862301,-11.06744556002336
5.840566125974614e-16,1.943652982236625,0.08163622370781626,-4.376631820442065
1.028145822447522e-15,1.595841325800215,0.1032467763168764,-12.18508003266541
0.6561566037997169,0.1650708079032057,0.3422651079277431,-17.6943111362239
3.17603086687411e-16,3.215240856504107,0.03647772678053507,-3.865727412309393
4.004733053112191e-17,2.956244546011439,0.04277321037099147,-3.913838366950813
3.17603086687411e-16,3.31767188193945,0.03426941166198849,-5.075845540519855
5.840566125974614e-16,3.215943432441126,0.03646207059699624,-10.69449322906683
6.728744545674702e-16,3.381731294971971,0.03296138643615254,-12.42278645749202
3.17603086687411e-16,4.377828898269129,0.01820467307869655,-4.064078233232281
3.17603086687411e-16,3.733150903276504,0.02667133894073537,-5.032560454537361
4.004733053112191e-17,2.956244546011439,0.04277321037099147,-3.913838366950813
9.555848176237971e-17,3.733150593641373,0.02667134388440173,-4.928096000756682
3.17603086687411e-16,3.113749555010022,0.03881702331900233,-6.735361246201612
0.768780289608139,0.07355443301267783,0.3931150667360437,-12.76574169615852
2.011877648604761e-16,2.783251965270786,0.04762728898980229,-3.552119413857558
5.114956077737342e-17,3.42827835259388,0.03204443965645798,-3.676378739193892
3.17603086687411e-16,2.311987072099303,0.06418992025283649,-4.396243918538658
9.682324783204268e-17,3.04525327413026,0.04048674215415593,-4.842778958565117
2.011877648604761e-16,2.783251965270786,0.04762728898980229,-3.552119413857558
5.840566125974614e-16,3.116303444721954,0.03875621934235163,-4.824087481405969
5.840566125974614e-16,3.388335448569968,0.03282960159221798,-9.855065907445171
4.004733053112191e-17,2.956244546011439,0.04277321037099147,-3.913838366950813
9.555848176237971e-17,3.317671882151309,0.03426941165757191,-12.09080545450244
9.682324783204268e-17,3.116270044991911,0.03875701387409303,-10.45056582683207
5.114956077737342e-17,3.42827835259388,0.03204443965645798,-3.676378739193892
4.730343101349462e-16,3.575278123624088,0.02932281373515183,-4.558796484453342
5.840566125974614e-16,2.201134127804224,0.06895461979339684,-4.770915392322727
5.840566125974614e-16,2.716699926860088,0.04965156558691064,-10.02351729048439
3.17603086687411e-16,3.364529104666403,0.03330731293767997,-10.65289341731947
4.004733053112191e-17,2.956244546011439,0.04277321037099147,-3.913838366950813
4.730343101349462e-16,3.575278123624088,0.02932281373515183,-4.558796484453342
3.17603086687411e-16,2.88548930347574,0.04469042500365961,-4.762237542068021
9.555848176237971e-17,2.311986913542116,0.06418992679967644,-4.29181573350886
1.220770948292399,0.0709673178922543,0.3949667693177715,-26.57460382782228
6.728744545674702e-16,3.038010211016225,0.04066777924126302,-11.63764094987107
1.884827066270923,0.9303828664575136,0.1673817286429476,-22.71719720418388
3.17603086687411e-16,3.025582596923694,0.04098043971074,-4.407427450852067
3.17603086687411e-16,2.311987072099303,0.06418992025283649,-4.396243918538658
9.682324783204268e-17,3.364855293334081,0.03330071751487462,-16.25005450569935
3.17603086687411e-16,3.381773001643399,0.0329605524159613,-13.11478458960427
5.840566125974614e-16,3.209352839601042,0.03660921903903158,-6.047025083439629
5.840566125974614e-16,3.317653706189439,0.03426979057102914,-4.706546024216514
4.936130869128893e-15,1.546667825737131,0.106814017515209,-23.60682337604862
2.731941657024047e-16,2.956317564616898,0.04277127843617279,-4.01826655198061
9.682324783204268e-17,2.949634492141154,0.04294849164585091,-5.852304242281905
9.555848176237971e-17,3.153931946917625,0.03787212142806251,-6.047741731100999
6.728744545674702e-16,2.621881839506308,0.05269968819455551,-10.78940435528411
3.17603086687411e-16,1.945577300507138,0.08153211851891246,-5.238812689991191
9.682324783204268e-17,2.716761594281376,0.04964964699782648,-4.505912789662358
2.804502661847769e-15,2.777026141818517,0.04781278922158194,-30.77612332554814
1.497063338963253,0.3170950131363952,0.2866793440282799,-23.31946589895179
5.840566125974614e-16,3.025602906969144,0.04097992662893785,-4.776726967155408
0.7054893902788646,0.1342540277071045,0.3570307301173197,-10.35262560518025
2.449231293967717e-15,1.601477559634553,0.1028469723497424,-18.23068167025513
3.17603086687411e-16,2.784034134574012,0.04760403948734093,-4.414300283406683
5.840566125974614e-16,2.201134127804224,0.06895461979339684,-4.770915392322727
1.028145822447522e-15,3.706977601539421,0.02709271233443927,-23.58893238889221
3.17603086687411e-16,2.311987072099303,0.06418992025283649,-4.396243918538658
5.840566125974614e-16,2.782972260718655,0.04763560603646305,-15.66992886907747
9.682324783204268e-17,3.388429881798583,0.03282772127667621,-4.227446365402647
2.804502661847769e-15,1.69664511715774,0.09636365388239027,-4.593424633391603
0.7465794057382114,0.09063592905877726,0.3816851274783417,-13.10216463361454
5.840566125974614e-16,1.595480595016056,0.1032724270388323,-11.72654920798292
2.804502661847769e-15,1.69664511715774,0.09636365388239027,-4.593424633391603
6.728744545674702e-16,2.716734792386259,0.04965048084508561,-4.401461736693109
5.840566125974614e-16,2.577508585997125,0.05419607268226267,-5.244679362406747
6.728744545674702e-16,2.622106703319719,0.0526922215590519,-10.95582683654634
9.555848176237971e-17,3.317671882151307,0.03426941165757191,-5.180309994300533
0.5605552203070715,0.3996951463768568,0.2636233689962096,-7.368953534656992
5.840566125974614e-16,2.201134127804224,0.06895461979339684,-4.770915392322727
3.17603086687411e-16,3.11370355031374,0.03881811955705428,-12.61397239051012
0.7693862305465246,0.0730581198445428,0.393467557454542,-15.77034750345049
2.804502661847769e-15,1.679981902294589,0.09746342867784102,-5.518398303185267
6.728744545674702e-16,2.682570644876201,0.05072592022314126,-11.57171851178081
5.840566125974614e-16,3.116303444721954,0.03875621934235163,-4.824087481405969
5.840566125974614e-16,3.025602906969144,0.04097992662893785,-4.776726967155408
0.6114240109226879,0.2797407009427424,0.2984356104510758,-13.61457288855847
2.449231293967717e-15,1.65995701589593,0.09880456382550468,-12.76321926598925
1.028145822447522e-15,1.660923423716381,0.09873934561397613,-7.900702444516834
9.555848176237971e-17,3.732656553425375,0.0266792330173965,-5.421266937762836
3.17603086687411e-16,2.622263963481435,0.05268700040165153,-4.777146632834492
9.682324783204268e-17,2.714310684619116,0.04972596174301314,-6.337857743724414
0.4596285472163112,0.770257131860923,0.190068759166843,-12.89744612324798
2.804502661847769e-15,1.69664511715774,0.09636365388239027,-4.593424633391603
1.241733577942739,0.08518341451328126,0.385196077561879,-19.41565904013219
9.682324783204268e-17,3.116331524685906,0.03875555137378767,-4.928515666435765
5.840566125974614e-16,1.943652982236625,0.08163622370781626,-4.376631820442065
2.011877648604761e-16,2.783251965270786,0.04762728898980229,-3.552119413857558
3.17603086687411e-16,3.733150903276504,0.02667133894073537,-5.032560454537361
2.731941657024047e-16,2.956317564616898,0.04277127843617279,-4.01826655198061
6.728744545674702e-16,2.716734792386259,0.04965048084508561,-4.401461736693109
1.190128489657582,0.0553893563811414,0.4069687645810649,-19.5761155036802
9.682324783204268e-17,3.116331524685906,0.03875555137378767,-4.928515666435765
2.731941657024047e-16,2.956317564616898,0.04277127843617279,-4.01826655198061
6.728744545674702e-16,2.716734792386259,0.04965048084508561,-4.401461736693109
9.682324783204268e-17,3.116331524685906,0.03875555137378767,-4.928515666435765
6.728744545674702e-16,2.716734792386259,0.04965048084508561,-4.401461736693109