dN/dS,LRT,p-value,Log(L)
4.936130869128893e-15,0.3266886061252539,0.283807746718569,-4.130598190048786
2.804502661847769e-15,0.2126122840541269,0.3223637910526188,-3.81964463627483
4.936130869128893e-15,0.2072435603073206,0.3244682526472825,-4.112614458327244
1.038263951005382e-15,0.2100153019892055,0.3233777053792816,-4.035206280668511
5.64667360488876e-15,0.2100147983482836,0.323377902744983,-3.98859636404963
1.038263951005382e-15,0.2316955728555534,0.3151347135144254,-4.382046109845415
8.48884454792928e-15,0.1357348992816565,0.3562792325081989,-4.45495892907434
2.804502661847769e-15,0.2610170580353728,0.304711140938148,-4.026681246902868
4.0479524494288e-15,0.1877100129844873,0.3324147136126685,-3.908987417163656
5.64667360488876e-15,0.2100147983482836,0.323377902744983,-3.98859636404963
2.093959926088373e-15,0.1230882587202542,0.3628544322209987,-3.996479047279683
2.093959926088373e-15,0.2313895235534567,0.3152477132069166,-4.224207035612443
2.269969926313108e-14,0.1276304179447649,0.3604508330447547,-4.791994329832514
2.804502661847769e-15,0.2233495999554709,0.3182497291409582,-4.263586621038323
5.64667360488876e-15,0.2149239365000017,0.3214675727018655,-4.270707656938643
1.038263951005382e-15,0.2316955728555534,0.3151347135144254,-4.382046109845415
1,0,1,0
1,0,1,0
1,0,1,0
1,0,1,0
5.595767723613736,1.779043675729611,0.09113340073645998,-9.536080576595316
1,0,1,0
1,0,1,0
1,0,1,0
1,0,1,0
1,0,1,0
1,0,1,0
1,0,1,0
1,0,1,0
1,0,1,0
1,0,1,0
5.64667360488876e-15,0.4187695525144726,0.2587758265188255,-14.04725718373319
1,0,1,0
1,0,1,0
1,0,1,0
4.936130869128893e-15,0.3665732281560672,0.2724390516666862,-10.6926914460774
1,0,1,0
1,0,1,0
1,0,1,0
1,0,1,0
1,0,1,0
1,0,1,0
1,0,1,0
1,0,1,0
1,0,1,0
1,0,1,0
1,0,1,0
1,0,1,0
17.09393596735515,7.422402489756717,0.003220837384105169,-12.4170293747964
1,0,1,0
1,0,1,0
1,0,1,0
1,0,1,0
1,0,1,0
1,0,1,0
1,0,1,0
1,0,1,0
1,0,1,0
1,0,1,0
1,0,1,0
1,0,1,0
1,0,1,0
1,0,1,0
1,0,1,0
1,0,1,0
5.306438398252324,1.687828490839792,0.0969437347194555,-8.386103385183651
1,0,1,0
1,0,1,0
1,0,1,0
1,0,1,0
1,0,1,0
1,0,1,0
1,0,1,0
1,0,1,0
1,0,1,0
1,0,1,0
1,0,1,0
1,0,1,0
1,0,1,0
1,0,1,0
1,0,1,0
1,0,1,0
1,0,1,0
1,0,1,0
1,0,1,0
1,0,1,0
1,0,1,0
1,0,1,0
1,0,1,0
1,0,1,0
1,0,1,0
1,0,1,0
1,0,1,0
1.038263951005382e-15,0.4219835680077537,0.2579744691364697,-9.405184998527499
1,0,1,0
1,0,1,0
1,0,1,0
1,0,1,0
1,0,1,0
1,0,1,0
1,0,1,0
1,0,1,0
1,0,1,0
1,0,1,0
1.038263951005382e-15,0.3887385962314163,0.2664815976867326,-8.679831571981792
1,0,1,0
1,0,1,0
6.415699210004293,1.997602126360103,0.07877413743772232,-8.873145575119196
1,0,1,0
1,0,1,0
1,0,1,0
1,0,1,0
1,0,1,0
1,0,1,0
1,0,1,0
1,0,1,0
1,0,1,0
1,0,1,0
1,0,1,0
1,0,1,0
1,0,1,0
5.437479037564747,1.734584180781077,0.09391325628807057,-8.26936437522742
1,0,1,0
1,0,1,0
1,0,1,0
1,0,1,0
1,0,1,0
5.653151985860818,1.796123584667463,0.09009092100818744,-8.152827756855185
1,0,1,0
1,0,1,0
5.64667360488876e-15,0.3137098086704455,0.287706285402984,-10.37340410146682
1,0,1,0
1.038263951005382e-15,0.3401923744235589,0.2798591004205242,-8.499846308279597
1,0,1,0
1,0,1,0
1,0,1,0
1,0,1,0
1.038263951005382e-15,0.3743466343541435,0.2703222304268994,-8.0583999515804
1,0,1,0
1.038263951005382e-15,0.4282586420217953,0.2564223227147837,-9.805902479404468
1,0,1,0
1,0,1,0
1,0,1,0
1,0,1,0
1,0,1,0
1,0,1,0
12.1977765449417,6.212517311613691,0.006342506031319473,-13.86098132101691
1,0,1,0
1,0,1,0
1,0,1,0
1,0,1,0
1,0,1,0
5.64667360488876e-15,0.3191541682543431,0.2860582013868989,-12.35659952237591
1,0,1,0
1,0,1,0
1,0,1,0
1,0,1,0
1,0,1,0
1,0,1,0
1.038263951005382e-15,0.3746333758921878,0.2702447251800359,-8.525704431462975
1,0,1,0
1,0,1,0
1,0,1,0
1,0,1,0
1,0,1,0
1,0,1,0
1,0,1,0
1,0,1,0
1,0,1,0
1,0,1,0
1,0,1,0
1,0,1,0
1,0,1,0
1,0,1,0
1,0,1,0
1,0,1,0
1.038263951005382e-15,0.3081813928771417,0.2893991526371832,-9.206733248031076
1,0,1,0
1,0,1,0
1,0,1,0
1,0,1,0
1,0,1,0
1,0,1,0
1,0,1,0
1,0,1,0
1,0,1,0
1,0,1,0
1,0,1,0
1,0,1,0
1,0,1,0
1,0,1,0
1,0,1,0
1,0,1,0
1,0,1,0
1,0,1,0
1,0,1,0
1,0,1,0
1,0,1,0
1,0,1,0
1,0,1,0
1,0,1,0
4.803314209502878,1.537014123598762,0.1075313973426095,-7.879927756426461
6.39663604523661,1.98165385437656,0.07960814255106402,-20.65799040407349
5.016972700154049,1.602669739286675,0.1027626399059038,-11.33525456881236
1,0,1,0
1,0,1,0
1,0,1,0
1,0,1,0
1,0,1,0
2.269969926313108e-14,0.2089400662491556,0.3237997202856507,-10.04596185435569
1,0,1,0
1,0,1,0
1,0,1,0
1,0,1,0
6.915727415481101,2.126708845128192,0.072375631093272,-8.780097506956725
1,0,1,0
1,0,1,0
1,0,1,0
1,0,1,0
1,0,1,0
1,0,1,0
1,0,1,0
1,0,1,0
1,0,1,0
1,0,1,0
1,0,1,0
1,0,1,0
1,0,1,0
1,0,1,0
1,0,1,0
1,0,1,0
1,0,1,0
1,0,1,0
1,0,1,0
1,0,1,0
5.819443684947502,1.841700383416054,0.08737589134546175,-10.01429300671441
1,0,1,0
1,0,1,0
1,0,1,0
2.093959926088373e-15,0.404849654766938,0.2622976306853388,-12.74065985562548
4.881588700887001,1.561807262345685,0.1057003992368208,-8.262021359490719
1,0,1,0
1,0,1,0
1,0,1,0
1,0,1,0
1,0,1,0
1,0,1,0
1,0,1,0
1,0,1,0
1,0,1,0
1,0,1,0
1,0,1,0
1,0,1,0
1,0,1,0
1,0,1,0
1,0,1,0
1,0,1,0
1,0,1,0
1,0,1,0
1,0,1,0
1,0,1,0
1,0,1,0
5.046861799282929,1.612691655783252,0.1020569253576834,-10.88294157029589
1,0,1,0
1,0,1,0
1,0,1,0
1,0,1,0
1,0,1,0
1,0,1,0
1,0,1,0
1,0,1,0
1,0,1,0
1,0,1,0
1,0,1,0
1,0,1,0
1,0,1,0
1,0,1,0
1,0,1,0
1,0,1,0
5.968025246335324,1.875492243721599,0.08542368470734679,-9.131859054006993
1,0,1,0
1,0,1,0
1,0,1,0
1,0,1,0
1,0,1,0
1,0,1,0
5.012480930859318,1.603222594970806,0.1027235596816038,-7.419906848354815
1,0,1,0
5.954802240305848,1.884431271009731,0.08491567925918403,-9.63853719351178
1,0,1,0
4.936130869128893e-15,0.4193702236888761,0.2586257289007157,-10.22605272371254
1,0,1,0
1,0,1,0
1,0,1,0
1,0,1,0
1,0,1,0
1,0,1,0
1,0,1,0
1,0,1,0
1,0,1,0
1,0,1,0
8.48884454792928e-15,0.4008720073362078,0.2633196296731217,-9.062947342501221
1,0,1,0
1,0,1,0
1,0,1,0
1,0,1,0
1,0,1,0
1,0,1,0
1,0,1,0
1,0,1,0
1,0,1,0
1,0,1,0
1,0,1,0
1,0,1,0
1,0,1,0
1,0,1,0
1,0,1,0
1,0,1,0
1,0,1,0
8.48884454792928e-15,0.3802429798123761,0.2687366131988277,-11.73868760377378
1,0,1,0
1,0,1,0
1,0,1,0
1,0,1,0
1,0,1,0
5.64667360488876e-15,0.3480815857214807,0.2776005559743531,-12.77501320985849
1,0,1,0
1,0,1,0
1,0,1,0
1,0,1,0
1,0,1,0
1,0,1,0
1,0,1,0
1,0,1,0
1,0,1,0
1,0,1,0
1,0,1,0
1,0,1,0
8.48884454792928e-15,0.3665732177640137,0.2724390545170527,-8.650818470990677
1,0,1,0
1,0,1,0
1,0,1,0
1,0,1,0
1,0,1,0
1,0,1,0
1.038263951005382e-15,0.2570834830011979,0.306065479275298,-4.310305694243874
4.936130869128893e-15,0.2640841812061607,0.3036640248325576,-3.703414305350159
5.64667360488876e-15,0.2149239365000017,0.3214675727018655,-4.270707656938643
8.48884454792928e-15,0.2570831658049748,0.3060655890105561,-8.720869714872853
4.936130869128893e-15,0.2316955294409375,0.3151347295374735,-4.123898769138234
1.038263951005382e-15,0.2100153019892055,0.3233777053792816,-4.035206280668511
2.269969926313108e-14,0.2316955432820613,0.3151347244291247,-8.594305938314356
8.48884454792928e-15,0.2570831648754925,0.3060655893321143,-8.719240404959407
5.64667360488876e-15,0.2149239365000017,0.3214675727018655,-4.270707656938643
4.936130869128893e-15,0.2640841812061607,0.3036640248325576,-3.703414305350159
9.682324783204268e-17,0.2370470640126623,0.3131735316125764,-3.630596406065473
1.028145822447522e-15,0.228452375720102,0.3163368752487409,-3.61824257626926
4.936130869128893e-15,0.257083482423651,0.3060654794751025,-4.263695525804535
8.48884454792928e-15,0.1399286337548951,0.3541759851589062,-4.374842409616982
2.093959926088373e-15,0.237059933381234,0.3131688484567222,-4.089076287793001
5.64667360488876e-15,0.2433655570589544,0.3108929148414472,-4.005548185097353
4.936130869128893e-15,0.3266886061252539,0.283807746718569,-4.130598190048786
9.608357015424078,2.697362892514828,0.05025718881442559,-7.368793595668482
9.682324783204268e-17,0.2529056805930274,0.3075182445864962,-3.934283753879841
4.936130869128893e-15,0.257083482423651,0.3060654794751025,-4.263695525804535
8.48884454792928e-15,0.1399286337548951,0.3541759851589062,-4.374842409616982
4.0479524494288e-15,0.1877100129844873,0.3324147136126685,-3.908987417163656
4.936130869128893e-15,0.257083482423651,0.3060654794751025,-4.263695525804535
5.64667360488876e-15,0.2149239365000017,0.3214675727018655,-4.270707656938643
5.64667360488876e-15,0.2488596512311609,0.3089395895270161,-4.186488010152787
2.804502661847769e-15,0.2378915745399741,0.312866547585684,-4.17538990270983
17.92950260393,3.570246329014623,0.02941179235480773,-11.03291491353967
1.028145822447522e-15,0.228452375720102,0.3163368752487409,-3.61824257626926
2.093959926088373e-15,0.1948843202490895,0.3294410770978289,-4.35674977312923
2.093959926088373e-15,0.237059933381234,0.3131688484567222,-4.089076287793001
1.038263951005382e-15,0.2570834830011979,0.306065479275298,-4.310305694243874
6.728744545674702e-16,0.2072435096446057,0.3244682726609035,-3.854467117620062
8.48884454792928e-15,0.2461835959207939,0.3098876189711044,-8.604057876772243
1.028145822447522e-15,0.1550466264112504,0.3468792653182911,-3.918312080987872
4.936130869128893e-15,0.2316955294409375,0.3151347295374735,-4.123898769138234
4.936130869128893e-15,0.2316955294409375,0.3151347295374735,-4.123898769138234
5.840566125974614e-16,0.2529043949498204,0.3075186939565818,-3.887674227787431
8.48884454792928e-15,0.2083342555146004,0.324038070941142,-9.009356527475953
1.028145822447522e-15,0.2125994147641288,0.322368796930831,-3.361164754547302
2.804502661847769e-15,0.2610170580353728,0.304711140938148,-4.026681246902868
4.936130869128893e-15,0.2072435603073206,0.3244682526472825,-4.112614458327244
1.028145822447522e-15,0.1550466264112504,0.3468792653182911,-3.918312080987872
4.936130869128893e-15,0.2316955294409375,0.3151347295374735,-4.123898769138234
4.936130869128893e-15,0.2316955294409375,0.3151347295374735,-4.123898769138234
1.038263951005382e-15,0.2100153019892055,0.3233777053792816,-4.035206280668511
2.804502661847769e-15,0.2284536613626686,0.316336396625349,-3.66485210236167
1.028145822447522e-15,0.1550466264112504,0.3468792653182911,-3.918312080987872
1.038263951005382e-15,0.2100153019892055,0.3233777053792816,-4.035206280668511
2.804502661847769e-15,0.2284536613626686,0.316336396625349,-3.66485210236167
2.093959926088373e-15,0.2570824935432032,0.306065821582393,-4.46403427134674
1.028145822447522e-15,0.2125994147641288,0.322368796930831,-3.361164754547302
2.269969926313108e-14,0.1276304179447649,0.3604508330447547,-4.791994329832514
1.028145822447522e-15,0.228452375720102,0.3163368752487409,-3.61824257626926
5.64667360488876e-15,0.2488596512311609,0.3089395895270161,-4.186488010152787
2.093959926088373e-15,0.1230882587202542,0.3628544322209987,-3.996479047279683
1.038263951005382e-15,0.2100153019892055,0.3233777053792816,-4.035206280668511
2.093959926088373e-15,0.237059933381234,0.3131688484567222,-4.089076287793001
1.028145822447522e-15,0.2125994147641288,0.322368796930831,-3.361164754547302
1.038263951005382e-15,0.2072435258007701,0.3244682662786287,-8.324874286796183
2.804502661847769e-15,0.2284536613626686,0.316336396625349,-3.66485210236167
2.093959926088373e-15,0.237059933381234,0.3131688484567222,-4.089076287793001
1.028145822447522e-15,0.2125994147641288,0.322368796930831,-3.361164754547302
5.64667360488876e-15,0.2149239365000017,0.3214675727018655,-4.270707656938643
2.804502661847769e-15,0.2378915745399741,0.312866547585684,-4.17538990270983
1.028145822447522e-15,0.1550466264112504,0.3468792653182911,-3.918312080987872
5.64667360488876e-15,0.2100147983482836,0.323377902744983,-3.98859636404963
9.682324783204268e-17,0.2370470640126623,0.3131735316125764,-3.630596406065473
1.028145822447522e-15,0.2125994147641288,0.322368796930831,-3.361164754547302
9.682324783204268e-17,0.2370470640126623,0.3131735316125764,-3.630596406065473
5.64667360488876e-15,0.2149239365000017,0.3214675727018655,-4.270707656938643
1.038263951005382e-15,0.1641030999051889,0.3427033233106334,-4.098602432422047
9.682324783204268e-17,0.2370470640126623,0.3131735316125764,-3.630596406065473
1.985752832009056e-14,0.2233495568627717,0.3182497454073584,-8.605662482238749
9.682324783204268e-17,0.2370470640126623,0.3131735316125764,-3.630596406065473
2.093959926088373e-15,0.2570824935432032,0.306065821582393,-4.46403427134674
1.028145822447522e-15,0.2351347180573837,0.3138711878439759,-3.728008128422893
5.64667360488876e-15,0.2100147983482836,0.323377902744983,-3.98859636404963
2.804502661847769e-15,0.1550617399387217,0.3468721804043683,-4.3767919627154
9.682324783204268e-17,0.2529056805930274,0.3075182445864962,-3.934283753879841
1.162637351472891e-15,0.2083373164037461,0.3240368656105131,-4.597912525624108
2.093959926088373e-15,0.237059933381234,0.3131688484567222,-4.089076287793001
1.028145822447522e-15,0.2125994147641288,0.322368796930831,-3.361164754547302
1.028145822447522e-15,0.1877100129589468,0.332414713623374,-3.862377891071246
2.804502661847769e-15,0.2233495999554709,0.3182497291409582,-4.263586621038323
2.093959926088373e-15,0.237059933381234,0.3131688484567222,-4.089076287793001
9.682324783204268e-17,0.2529056805930274,0.3075182445864962,-3.934283753879841
4.936130869128893e-15,0.2072435603073206,0.3244682526472825,-4.112614458327244
1.028145822447522e-15,0.2125994147641288,0.322368796930831,-3.361164754547302
4.936130869128893e-15,0.2640841812061607,0.3036640248325576,-3.703414305350159
5.840566125974614e-16,0.2529043949498204,0.3075186939565818,-3.887674227787431
1.162637351472891e-15,0.2083373164037461,0.3240368656105131,-4.597912525624108
8.48884454792928e-15,0.1399286337548951,0.3541759851589062,-4.374842409616982
2.804502661847769e-15,0.1767387084135965,0.3370955271703471,-4.557088518671435
4.0479524494288e-15,0.1877100129844873,0.3324147136126685,-3.908987417163656
1.985752832009056e-14,0.2277118611185251,0.316612831884729,-8.075786762579346
1.038263951005382e-15,0.231695547269533,0.315134722957467,-4.58238485538762
2.093959926088373e-15,0.237059933381234,0.3131688484567222,-4.089076287793001
4.936130869128893e-15,0.2083373108217241,0.324036867808617,-4.55130235997575
4.936130869128893e-15,0.2083373108217241,0.324036867808617,-4.55130235997575
2.804502661847769e-15,0.2233495999554709,0.3182497291409582,-4.263586621038323
1.038263951005382e-15,0.2316955728555588,0.3151347135144234,-4.428656278284754
2.269969926313108e-14,0.1276304179447649,0.3604508330447547,-4.791994329832514
2.093959926088373e-15,0.237059933381234,0.3131688484567222,-4.089076287793001
2.804502661847769e-15,0.2284536613626686,0.316336396625349,-3.66485210236167
1.985752832009056e-14,0.1543637764448356,0.347199788459912,-8.518878334622926
2.804502661847769e-15,0.2378915745399741,0.312866547585684,-4.17538990270983
6.728744545674702e-16,0.2072435096446057,0.3244682726609035,-3.854467117620062
5.64667360488876e-15,0.2100147983482836,0.323377902744983,-3.98859636404963
5.840566125974614e-16,0.2529043949498204,0.3075186939565818,-3.887674227787431
4.936130869128893e-15,0.1276301621796581,0.3604509670216536,-4.333508216624975
4.936130869128893e-15,0.2072435603073206,0.3244682526472825,-4.112614458327244
9.682324783204268e-17,0.2529056805930274,0.3075182445864962,-3.934283753879841
1.038263951005382e-15,0.1641030999051889,0.3427033233106334,-4.098602432422047
9.682324783204268e-17,0.2370470640126623,0.3131735316125764,-3.630596406065473
4.936130869128893e-15,0.3266886061252539,0.283807746718569,-4.130598190048786
2.804502661847769e-15,0.2284536613626686,0.316336396625349,-3.66485210236167
1.028145822447522e-15,0.2125994147641288,0.322368796930831,-3.361164754547302
2.269969926313108e-14,0.1276304179447649,0.3604508330447547,-4.791994329832514
1.038263951005382e-15,0.2140693483111455,0.3217982082940375,-8.535080750248953
9.682324783204268e-17,0.2370470640126623,0.3131735316125764,-3.630596406065473
1.028145822447522e-15,0.2351347180573837,0.3138711878439759,-3.728008128422893
6.728744545674702e-16,0.2072435096446057,0.3244682726609035,-3.854467117620062
11.6711551109976,2.979902004946197,0.04215218830271672,-6.762468793522281
2.804502661847769e-15,0.2126122840541269,0.3223637910526188,-3.81964463627483
1.028145822447522e-15,0.1550466264112504,0.3468792653182911,-3.918312080987872
2.269969926313108e-14,0.1276304179447649,0.3604508330447547,-4.791994329832514
5.64667360488876e-15,0.2488596512311609,0.3089395895270161,-4.186488010152787
9.682324783204268e-17,0.2370470640126623,0.3131735316125764,-3.630596406065473
1.028145822447522e-15,0.228452375720102,0.3163368752487409,-3.61824257626926
1.038263951005382e-15,0.2316955728555534,0.3151347135144254,-4.382046109845415
2.093959926088373e-15,0.237059933381234,0.3131688484567222,-4.089076287793001
5.840566125974614e-16,0.2529043949498204,0.3075186939565818,-3.887674227787431
4.936130869128893e-15,0.3266886061252539,0.283807746718569,-4.130598190048786
1.038263951005382e-15,0.2570834830011979,0.306065479275298,-4.310305694243874
1.028145822447522e-15,0.228452375720102,0.3163368752487409,-3.61824257626926
4.936130869128893e-15,0.257083482423651,0.3060654794751025,-4.263695525804535
2.093959926088373e-15,0.2313895235534567,0.3152477132069166,-4.224207035612443
5.64667360488876e-15,0.2149239365000017,0.3214675727018655,-4.270707656938643
1.028145822447522e-15,0.2125994147641288,0.322368796930831,-3.361164754547302
4.936130869128893e-15,0.2640841812061607,0.3036640248325576,-3.703414305350159
4.0479524494288e-15,0.1877100129844873,0.3324147136126685,-3.908987417163656
4.936130869128893e-15,0.237892864811867,0.3128660790814194,-4.22199942880224
1.028145822447522e-15,0.2125994147641288,0.322368796930831,-3.361164754547302
2.093959926088373e-15,0.2313895235534567,0.3152477132069166,-4.224207035612443
9.682324783204268e-17,0.2529056805930274,0.3075182445864962,-3.934283753879841
1.028145822447522e-15,0.228452375720102,0.3163368752487409,-3.61824257626926
1.038263951005382e-15,0.2316955728555588,0.3151347135144234,-4.428656278284754
4.936130869128893e-15,0.2313900291497699,0.3152475264544985,-4.270816561704854
4.936130869128893e-15,0.2640841812061607,0.3036640248325576,-3.703414305350159
2.093959926088373e-15,0.2570824935432032,0.306065821582393,-4.46403427134674
1.038263951005382e-15,0.1641030999051889,0.3427033233106334,-4.098602432422047
1.038263951005382e-15,0.2100153019892055,0.3233777053792816,-4.035206280668511
1.028145822447522e-15,0.2351347180573837,0.3138711878439759,-3.728008128422893
1.028145822447522e-15,0.228452375720102,0.3163368752487409,-3.61824257626926
8.48884454792928e-15,0.2455448282594901,0.3101148599783513,-8.60577138700496
4.936130869128893e-15,0.2072435603073206,0.3244682526472825,-4.112614458327244
1.028145822447522e-15,0.1877100129589468,0.332414713623374,-3.862377891071246
9.682324783204268e-17,0.2529056805930274,0.3075182445864962,-3.934283753879841
2.804502661847769e-15,0.2378915745399741,0.312866547585684,-4.17538990270983
5.840566125974614e-16,0.2529043949498204,0.3075186939565818,-3.887674227787431
1.038263951005382e-15,0.2233495540752095,0.3182497464595925,-4.00543928033114
4.0479524494288e-15,0.1877100129844873,0.3324147136126685,-3.908987417163656
1.028145822447522e-15,0.2351347180573837,0.3138711878439759,-3.728008128422893
9.682324783204268e-17,0.2529056805930274,0.3075182445864962,-3.934283753879841
9.682324783204268e-17,0.2370470640126623,0.3131735316125764,-3.630596406065473
4.936130869128893e-15,0.2316955294409375,0.3151347295374735,-4.123898769138234
1.985752832009056e-14,0.124996827981974,0.3618384861310978,-8.595332550763249
2.804502661847769e-15,0.2284536613626686,0.316336396625349,-3.66485210236167
2.804502661847769e-15,0.2284536613626686,0.316336396625349,-3.66485210236167
4.936130869128893e-15,0.2245455508316159,0.3177990254836853,-4.76050820354562
5.64667360488876e-15,0.2149239365000017,0.3214675727018655,-4.270707656938643
2.804502661847769e-15,0.1550617399387217,0.3468721804043683,-4.3767919627154
1.038263951005382e-15,0.2100153019892055,0.3233777053792816,-4.035206280668511
1.028145822447522e-15,0.2125994147641288,0.322368796930831,-3.361164754547302
4.936130869128893e-15,0.257083482423651,0.3060654794751025,-4.263695525804535
2.804502661847769e-15,0.2233495999554709,0.3182497291409582,-4.263586621038323
2.093959926088373e-15,0.237059933381234,0.3131688484567222,-4.089076287793001
2.269969926313108e-14,0.1276304179447649,0.3604508330447547,-4.791994329832514
2.804502661847769e-15,0.2126122840541269,0.3223637910526188,-3.81964463627483
1.038263951005382e-15,0.1641030999051889,0.3427033233106334,-4.098602432422047
5.64667360488876e-15,0.2433655570589544,0.3108929148414472,-4.005548185097353
4.0479524494288e-15,0.1877100129844873,0.3324147136126685,-3.908987417163656
1.028145822447522e-15,0.2125994147641288,0.322368796930831,-3.361164754547302
5.840566125974614e-16,0.2529043949498204,0.3075186939565818,-3.887674227787431
8.48884454792928e-15,0.1399286337548951,0.3541759851589062,-4.374842409616982
1.038263951005382e-15,0.2100153019892055,0.3233777053792816,-4.035206280668511
4.936130869128893e-15,0.1276301621796581,0.3604509670216536,-4.333508216624975
8.48884454792928e-15,0.1399286337548951,0.3541759851589062,-4.374842409616982
5.64667360488876e-15,0.2100147983482836,0.323377902744983,-3.98859636404963
2.093959926088373e-15,0.1948843220381367,0.3294410763645068,-4.40335994156857
4.936130869128893e-15,0.2149226500175079,0.3214680698344245,-4.224098130846232
1.038263951005382e-15,0.2316955728555588,0.3151347135144234,-4.428656278284754
10.1828451237312,2.695824341849415,0.05030572060116639,-7.08060810976582
1.038263951005382e-15,0.1641030999051889,0.3427033233106334,-4.098602432422047
2.093959926088373e-15,0.2313895235534567,0.3152477132069166,-4.224207035612443
4.936130869128893e-15,0.2149226500175079,0.3214680698344245,-4.224098130846232
8.48884454792928e-15,0.1357348992816565,0.3562792325081989,-4.45495892907434
4.936130869128893e-15,0.2083373108217241,0.324036867808617,-4.55130235997575
2.093959926088373e-15,0.2313895235534567,0.3152477132069166,-4.224207035612443
11.56106512617499,2.968928173067143,0.04243903684723743,-7.032672390514588
5.64667360488876e-15,0.2233495999538455,0.3182497291415717,-8.72163926089832
8.48884454792928e-15,0.1357348992816565,0.3562792325081989,-4.45495892907434
2.269969926313108e-14,0.1276304179447649,0.3604508330447547,-4.791994329832514
2.093959926088373e-15,0.2570824935432032,0.306065821582393,-4.46403427134674
5.64667360488876e-15,0.2149239365000017,0.3214675727018655,-4.270707656938643
1.038263951005382e-15,0.2100153019892055,0.3233777053792816,-4.035206280668511
4.936130869128893e-15,0.3266886061252539,0.283807746718569,-4.130598190048786
8.48884454792928e-15,0.1399286337548951,0.3541759851589062,-4.374842409616982
1.038263951005382e-15,0.2316955728555588,0.3151347135144234,-4.428656278284754
4.936130869128893e-15,0.2313900291497699,0.3152475264544985,-4.270816561704854
1.028145822447522e-15,0.1550466264112504,0.3468792653182911,-3.918312080987872
1.028145822447522e-15,0.2125994147641288,0.322368796930831,-3.361164754547302
1.038263951005382e-15,0.2570834830011979,0.306065479275298,-4.310305694243874
2.804502661847769e-15,0.2284536613626686,0.316336396625349,-3.66485210236167
5.64667360488876e-15,0.2100147983482836,0.323377902744983,-3.98859636404963
5.64667360488876e-15,0.2488596512311609,0.3089395895270161,-4.186488010152787
4.936130869128893e-15,0.2313900291497699,0.3152475264544985,-4.270816561704854
2.804502661847769e-15,0.2284536613626686,0.316336396625349,-3.66485210236167
5.64667360488876e-15,0.2100147983482836,0.323377902744983,-3.98859636404963
4.936130869128893e-15,0.2313900291497699,0.3152475264544985,-4.270816561704854
5.64667360488876e-15,0.2100147983482836,0.323377902744983,-3.98859636404963