dN/dS,LRT,p-value,Log(L)
2.093959926088373e-15,0.91641882269405,0.1692085163836775,-4.143700263194261
4.936130869128893e-15,0.5972217545659344,0.2198200101287015,-3.933565827053305
8.005405863007662e-18,0.5757039470508083,0.2240005902978986,-4.165811787680271
7.172833755534654e-16,0.5931558270464929,0.2206006840764014,-4.136667009975191
4.004808294513406e-15,0.6145196126212085,0.2165455766789893,-10.71009251850619
5.840566125974614e-16,0.6462113720998648,0.2107352392772777,-4.451467629311084
2.804502661847769e-15,0.3942731324081272,0.2650308853465063,-4.6068469036465
4.6687352397607e-17,0.7250714082264125,0.1972427084637806,-4.092176206644559
4.936130869128893e-15,0.5328809927187237,0.2326990712442828,-4.003903718149552
4.936130869128893e-15,0.5931534417501236,0.2206011433130733,-4.069616615104255
1.028145822447522e-15,0.357960106982917,0.2748206641200656,-7.8053418358057
2.804502661847769e-15,0.6468151542715823,0.2106268258477241,-10.80555890074718
8.054333073515119e-16,0.3687878393452646,0.2718328710251289,-4.970444621429628
9.682324783204268e-17,0.6306522623378701,0.2135580803836425,-4.371776758965751
9.682324783204268e-17,0.6177180074121704,0.2159482774307236,-4.35293740020627
5.840566125974614e-16,0.6462113720998648,0.2107352392772777,-4.451467629311084
1,0,1,0
1.738688558207614e-15,2.211191200800609,0.0685064197172966,-10.69418390097647
1,0,1,0
1,0,1,0
1.028145822447522e-15,2.483128429995276,0.05753658068259054,-20.05981496447707
1,0,1,0
1,0,1,0
0.8410796347710937,0.0315556051580046,0.4295032571598613,-13.32447110712533
1,0,1,0
3.822316276088502,4.764700053144097,0.01452456026444632,-35.0060986470019
1.028145822447522e-15,2.391077964183285,0.06101472838482153,-15.03176929436469
1,0,1,0
1,0,1,0
2.287852447174094e-16,2.393353957887339,0.06092597439317526,-10.16767113130949
1.028145822447522e-15,1.735295597295273,0.09386800568272824,-11.47556157672992
9.682324783204268e-17,2.624926669849778,0.05259868254725319,-13.81832813681985
5.840566125974614e-16,2.494891577901882,0.05710812087951972,-11.48366701365478
1,0,1,0
1,0,1,0
5.840566125974614e-16,2.33364453083659,0.06330257574393,-9.046493219883276
0.8981495736712573,0.01190853660395774,0.4565511807026698,-11.42289157184958
1,0,1,0
1,0,1,0
9.682324783204268e-17,2.130789897075491,0.0721831721618803,-11.13228811266501
2.045313802228709,0.8124987436550484,0.1836912630881213,-16.82857402136352
1,0,1,0
1,0,1,0
1,0,1,0
1,0,1,0
2.804502661847769e-15,2.130789896170988,0.07218317220447218,-14.67801638992035
2.804502661847769e-15,2.38435632453438,0.06127768139710932,-9.97962953767056
1,0,1,0
1.247556155371656,0.045270535983164,0.4157536743378985,-19.52517018917461
1,0,1,0
1,0,1,0
1.028145822447522e-15,2.333644588371079,0.06330257340484235,-28.55013642772377
1,0,1,0
1,0,1,0
1,0,1,0
1,0,1,0
9.682324783204268e-17,2.471522842411584,0.05796277987979581,-10.99384657393536
1,0,1,0
1,0,1,0
1,0,1,0
1,0,1,0
1,0,1,0
1,0,1,0
0.9379466732897913,0.004167961446594148,0.474262265945175,-11.19189475710168
3.098655499556235,3.595048779716834,0.02897596390419116,-27.03124325162909
3.431985178780641,4.151413460319695,0.02079989240296359,-25.34369765410298
0.7324979511866737,0.1071112453508078,0.3717286095516488,-10.61353239169361
1,0,1,0
1.529752125682353,0.3129406556054093,0.2879406314067152,-19.94353004564061
1,0,1,0
1,0,1,0
1.028145822447522e-15,2.494525595450853,0.0571213982274294,-17.09189276436563
2.460836004856985,1.218317732964557,0.1348455252341431,-19.20097095895766
5.840566125974614e-16,2.194853718861815,0.06923617715392583,-8.634663970421297
1,0,1,0
1,0,1,0
6.728744545674702e-16,2.483461064826077,0.05752441621637794,-11.53805507418185
1.63930706804435,0.4142097520027228,0.2599202490482111,-13.47389849569558
1,0,1,0
1,0,1,0
5.840566125974614e-16,2.130789678976406,0.07218318243183397,-10.00004851947816
1.028145822447522e-15,1.36380375773005,0.1214396717733077,-8.775469342792137
1,0,1,0
1,0,1,0
1.028145822447522e-15,2.391078402048809,0.06101471129616581,-10.44580634982303
1,0,1,0
2.449231293967717e-15,1.457379223098954,0.1136737872812243,-11.28079769015874
1,0,1,0
1,0,1,0
6.728744545674702e-16,2.24120695749858,0.06718802764157056,-11.10265693100396
0.9499275298966628,0.00267018095973981,0.4793943094506384,-11.7952429886449
1,0,1,0
1.522181938536559,0.3061610625214541,0.2900227604302081,-21.6098014531631
1.529235638581973,0.3125586277428809,0.2880571684517243,-25.97489260248727
1,0,1,0
1,0,1,0
9.682324783204268e-17,2.384355711019968,0.06127770545529976,-9.975997639880379
1,0,1,0
1.732834619325416,0.5020615680241534,0.2392978425285544,-19.5101713857349
1,0,1,0
1,0,1,0
1,0,1,0
1,0,1,0
1,0,1,0
1,0,1,0
1,0,1,0
0.7591795046751506,0.08293962086880313,0.3866762791933516,-13.75862909371116
0.9087492055219939,0.009388210228777893,0.4614057724840332,-18.29257936912736
1.685492204643144,0.4583934040516411,0.2491878883076966,-20.82493717314033
1,0,1,0
1,0,1,0
1.028145822447522e-15,2.384067819615815,0.061288995907823,-16.33958589887242
1,0,1,0
1,0,1,0
1,0,1,0
1,0,1,0
1,0,1,0
1,0,1,0
1,0,1,0
1,0,1,0
1,0,1,0
0.846620125360984,0.02917445348345282,0.4321884273423302,-14.58387098064795
1,0,1,0
1,0,1,0
6.728744545674702e-16,2.544407256357484,0.05534272152353664,-14.4313715956911
1,0,1,0
1,0,1,0
2.621673319975398,2.054433067129246,0.07588186704297334,-23.58894063538679
6.728744545674702e-16,2.391078402042254,0.06101471129642166,-9.06075922762893
9.682324783204268e-17,1.694355118438073,0.09651393115393725,-4.497430959539763
2.804502661847769e-15,1.904182174859152,0.0838054733882147,-17.20946448249942
2.804502661847769e-15,2.631048395971035,0.05239624901839873,-11.52585435289422
2.804502661847769e-15,2.13078987402735,0.07218317324718238,-30.59634403737661
1,0,1,0
1,0,1,0
2.804502661847769e-15,2.284419853448178,0.06533949873260902,-16.1617055818746
2.634326567107158,2.071566418384407,0.07503366043582738,-24.18173604525852
0.8411013380648386,0.03154526406509106,0.4295146883842282,-10.45825832083539
1,0,1,0
0.7472828159748983,0.09326265229518427,0.3800348178015246,-14.40824250745983
1,0,1,0
2.804502661847769e-15,2.384356596677982,0.06127767072534601,-9.980949247987111
1,0,1,0
3.866551187011482,4.836105013791411,0.01393488740527171,-27.81887809360131
1,0,1,0
1,0,1,0
1.792012379671428,0.5614757022160575,0.2268331350678172,-23.09879626982362
2.449231293967717e-15,1.652853944250868,0.0992854693980203,-10.14546921001993
1.681721950438719,0.4543972019683977,0.2501270781295262,-13.98503839362752
1,0,1,0
1,0,1,0
1,0,1,0
1.017626399879987,0.0003017105129288211,0.4930707943747702,-10.64214838331185
2.581465588339558,1.998358174812637,0.07873484778010598,-32.70332991748476
1,0,1,0
0.9064532736401858,0.009900788572938524,0.4603695696037751,-10.06457971368323
0.7870447753404765,0.06183945865953433,0.4018059363921963,-16.21505910464392
0.8343282082820136,0.0346914058187231,0.4261218913055032,-8.727961411606573
1.028145822447522e-15,2.028165897417619,0.07720342393444113,-11.29342385208147
4.378134307919622,6.934267911682966,0.004227983347428743,-34.54824406232535
1,0,1,0
1,0,1,0
9.682324783204268e-17,2.283762827377309,0.06536717591089836,-8.782063788819702
1,0,1,0
1,0,1,0
1,0,1,0
2.804502661847769e-15,1.457422887969678,0.1136703058959273,-11.04848002031089
1,0,1,0
1,0,1,0
2.804502661847769e-15,1.455979008737017,0.1137854938812816,-10.90468244352124
4.574157965441542,7.300811874418486,0.003446173015877352,-39.8998938929772
4.281389427287217,5.455027760000078,0.009756047062255413,-43.22451574240855
2.629726700971611,0.9792063510350388,0.1611974119655757,-27.35266321626132
1.807649669379813,0.5761218315625527,0.2239182333844983,-19.67607292818807
1.008682313874069,7.374758659750569e-05,0.4965740688245674,-18.42500696248767
1,0,1,0
2.804502661847769e-15,1.97259141585203,0.08008653316134384,-16.54768655433488
1,0,1,0
0.8406481819684281,0.03178886107714618,0.4292459234893712,-20.01443521695127
2.804502661847769e-15,1.411247242542423,0.1174247271365717,-18.14954359225923
1,0,1,0
0.8610224295675336,0.02342683768843301,0.4391761571557823,-19.57073000369689
1.899825592290823,0.6672666212956386,0.2070031067511017,-19.02293056127413
1,0,1,0
1,0,1,0
0.8409363683144665,0.03161967466658311,0.4294324766377433,-12.62641074393367
1.721037444199129,0.4917770127426451,0.2415678444463548,-18.80737404182721
1.625088577276586,0.4007175630863102,0.2633594549958305,-16.18266022812901
1,0,1,0
1,0,1,0
1,0,1,0
1,0,1,0
9.682324783204268e-17,1.456957309742414,0.1137074328927483,-10.73949486578248
1,0,1,0
1,0,1,0
1,0,1,0
1,0,1,0
1.028145822447522e-15,2.333644830086911,0.06330256357778963,-18.17737884958136
4.150797535784171,6.575537974500136,0.005169487436144982,-41.81181235032622
1,0,1,0
1,0,1,0
5.687477394096275,12.66190635753095,0.0001865907543294743,-43.73086519001763
4.936130869128893e-15,2.130789884946857,0.07218317273299929,-25.62928588596189
5.840566125974614e-16,2.644749534158077,0.05194626507738137,-10.98360358817635
0.7475629414378082,0.09298026153705052,0.3802110092126786,-11.47295966252569
0.7774817346935544,0.06867203175200132,0.3966401017139259,-16.76218052155948
1,0,1,0
2.79239832745244,2.29083390012751,0.06506999289159537,-19.28351614390846
1.501476781947118,0.2878239618427614,0.2958091864937029,-19.45329787661167
2.917812606457314,1.644131045056291,0.09987980669054858,-18.40611763329243
1,0,1,0
2.557069809025319,1.965307608077161,0.08047340754230986,-23.92355877328544
1.219771446289642,0.03677400133404873,0.4239629539711222,-9.52347243886544
1.701262847517664,0.4734924384412835,0.2456924279809468,-20.32816692581557
1,0,1,0
4.936130869128893e-15,2.577064765066226,0.05421127310958157,-16.93972945202653
1,0,1,0
2.773904474946109,2.268623142637516,0.06600857137377142,-22.39338966381445
1.028145822447522e-15,2.130789678939166,0.07218318243358762,-11.89036565326497
0.8588297994056406,0.02425239597871354,0.4381222120059096,-18.01748563066555
1,0,1,0
1.028145822447522e-15,2.130790200368981,0.0721831578802547,-10.18377056932518
9.682324783204268e-17,2.211173933036516,0.06850718646358511,-10.52206844386634
2.804502661847769e-15,2.398272300707362,0.06073466845811104,-16.36791779652579
1,0,1,0
1,0,1,0
1,0,1,0
1,0,1,0
1,0,1,0
6.728744545674702e-16,2.195254201599678,0.06921818466012891,-10.98383519913102
1,0,1,0
0.839544572528709,0.03224281922367211,0.4287478836673501,-15.50187422337864
0.9131869837635402,0.008453192620606842,0.463372360537233,-11.70622063515257
0.8038290291923719,0.0510590258978425,0.4106153152990099,-19.46936987964631
1.993277441771997,0.7608923112122241,0.1915247101949253,-20.85549251659026
4.291067352004918,6.807608627627914,0.004538512298657482,-40.58751201146212
1,0,1,0
2.090723690356167,0.8588984239889399,0.1770235717632409,-18.59926888926681
2.632324356055959,2.069498942740488,0.07513544197637029,-29.96673419315142
1,0,1,0
1.584606510102984,0.3635294463554999,0.2732762877524497,-15.80849199605202
8.645584591291628,22.21682200468692,1.217653658291962e-06,-64.43884202192967
0.9868558619010501,0.0001754031457608107,0.4947165687718132,-11.43189238110032
5.840566125974614e-16,2.68250520834934,0.05072800433807545,-8.656743677787221
1.689428157534346,0.4615105504747703,0.2484594301960202,-20.05630591537932
1.482020435034503,0.2704753298206768,0.3015065476053876,-16.63045581009929
1,0,1,0
1,0,1,0
0.9983953464690769,2.564121114545515e-06,0.499361179053881,-10.84287681193685
1,0,1,0
1,0,1,0
1,0,1,0
1,0,1,0
0.9076711011689125,0.009627388559863448,0.460918798289816,-10.38159495155472
6.728744545674702e-16,2.24120321962058,0.06718819004413829,-12.20774583074667
9.682324783204268e-17,2.492271269992049,0.05720325720331265,-9.998736924853059
1,0,1,0
1,0,1,0
1.028145822447522e-15,2.162534331024204,0.07070564378549005,-18.77440609820906
2.804502661847769e-15,1.456452972530911,0.1137476671287099,-16.96968444684709
1,0,1,0
0.8421739442113123,0.0310481431057994,0.4300665120854364,-18.15684011121759
1,0,1,0
0.9395764830960893,0.003942910095162233,0.4749658309425912,-23.67098183946571
2.449231293967717e-15,2.62835637414981,0.05248516356134614,-17.16240225373929
6.728744545674702e-16,2.383701442937848,0.06130336771245087,-8.467666720179265
1,0,1,0
1,0,1,0
1,0,1,0
1,0,1,0
1.028145822447522e-15,2.272001194883838,0.06586485318096319,-10.40709336926932
1,0,1,0
1.016916508500771,0.0002774744251361483,0.4933549009003792,-12.20956165041001
1,0,1,0
0.906620902258533,0.009862818804062812,0.4604453844586537,-10.35233501035633
0.7340136967965948,0.1056118139416711,0.3725982128388908,-13.47567758804013
2.449231293967717e-15,1.484203825315475,0.1115589757187283,-10.96805836619078
0.7475956756258396,0.09294605618966401,0.3802323707226297,-10.5754959092442
1,0,1,0
1.825391682369106,0.5930811475902189,0.2206150626711679,-16.76185248979372
1,0,1,0
1,0,1,0
0.734355343770981,0.1052769439548378,0.3727933534989372,-11.13270200911629
1,0,1,0
1.028145822447522e-15,2.48486874763573,0.05747296861504764,-17.31066819148387
1,0,1,0
1,0,1,0
0.8408325779369987,0.03170608519266338,0.4293371320361085,-12.10176588033593
0.8978108171061224,0.01199785950154464,0.4563891840744429,-10.41282620282331
9.682324783204268e-17,2.203771564585274,0.06883676361904045,-12.35227954098419
0.7620282794732901,0.0805935940015452,0.3882472983334573,-11.77492200440446
3.534505838593418,3.743079796575294,0.02651331098934706,-26.23174910714041
1.028145822447522e-15,2.393294285614854,0.06092829952809559,-9.732333245093942
1.697193436694416,0.4688912645456043,0.246748840690576,-16.81202803162632
1,0,1,0
0.8144675834926848,0.04488248755522761,0.4161101284626331,-9.057027475886169
1,0,1,0
2.449231293967717e-15,2.194968604279701,0.06923101515865659,-8.935760663934452
1,0,1,0
1,0,1,0
1,0,1,0
1,0,1,0
1,0,1,0
1,0,1,0
2.804502661847769e-15,2.241206957500502,0.06718802764148718,-10.38360169013739
0.840996465389636,0.03159249456086499,0.4294624947030901,-12.13548952089916
0.7585101784043063,0.08348005715470919,0.3863177957945212,-12.17955993636066
1,0,1,0
5.840566125974614e-16,2.241203020789726,0.06718819868291326,-15.92167621018934
1,0,1,0
1,0,1,0
1,0,1,0
1,0,1,0
1,0,1,0
1.581230685256547,0.3598205995801678,0.2743029434058707,-17.28010946347923
1,0,1,0
1,0,1,0
1,0,1,0
5.840566125974614e-16,2.632017235012047,0.05236428972084928,-5.06911580969333
0.841458258215978,0.03142671435463029,0.4296458736312518,-14.56584226303861
2.804502661847769e-15,2.393349143714662,0.06092616197415524,-10.1440427257369
1,0,1,0
1.028145822447522e-15,2.401029983440136,0.0606276958039243,-13.04688309408779
1,0,1,0
6.728744545674702e-16,2.333644830086858,0.06330256357779179,-10.07501770736295
1,0,1,0
1,0,1,0
0.8509247427861268,0.02734257869693479,0.434331925259196,-13.38710699151668
9.682324783204268e-17,2.130790200277115,0.07218315788458068,-11.95180911960179
1,0,1,0
1,0,1,0
1,0,1,0
1,0,1,0
9.682324783204268e-17,2.130789678991935,0.07218318243110283,-11.79956282880037
1,0,1,0
1,0,1,0
2.804502661847769e-15,2.014760710306554,0.0778879138504448,-22.65803474750691
1,0,1,0
9.682324783204268e-17,2.333644383711491,0.06330258172536041,-14.51220138156689
1.028145822447522e-15,2.241200518805933,0.06718830738886011,-10.23200570817252
9.682324783204268e-17,2.471436896889472,0.05796594908055236,-10.30152716400814
1,0,1,0
1,0,1,0
1,0,1,0
1,0,1,0
2.271595610028619e-15,0.7111818520259412,0.199525872357369,-4.420030556273876
9.555848176237971e-17,0.738070730368654,0.195139796868921,-3.740396065052056
2.449231293967717e-15,0.6153095530826231,0.2163978224015317,-7.735905236026372
4.936130869128893e-15,0.7111787882361309,0.1995263801873396,-7.799820277187382
5.840566125974614e-16,0.6462110072714644,0.2107353048100431,-4.1947059436017
7.172833755534654e-16,0.5931558270464929,0.2206006840764014,-4.136667009975191
6.728744545674702e-16,0.6462111599401563,0.2107352773867314,-4.687184095821368
1.038263951005382e-15,0.7111787884743794,0.1995263801478493,-7.801798846525249
9.682324783204268e-17,0.6177180074121704,0.2159482774307236,-4.35293740020627
9.555848176237971e-17,0.738070730368654,0.195139796868921,-3.740396065052056
8.005405863007662e-18,0.6676663225002644,0.2069332091445747,-3.726765376606539
1.340273035413137e-15,0.6440874262827583,0.2111172725366754,-3.694891769886663
4.936130869128893e-15,0.7111818456480457,0.1995258734145174,-4.352978968754924
4.0479524494288e-15,0.4063214358684082,0.2619212645734899,-4.36686587633431
8.005405863007662e-18,0.6677130612900619,0.2069250379938196,-4.219221668684113
8.054333073515119e-16,0.670214562845727,0.2064884053601145,-4.096217283045537
2.093959926088373e-15,0.91641882269405,0.1692085163836775,-4.143700263194261
5.274430353634097,3.349941005583489,0.03360371100193849,-11.60224586742197
1.340273035413137e-15,0.7146010041196025,0.1989603042643543,-4.047596156429482
4.936130869128893e-15,0.7111818456480457,0.1995258734145174,-4.352978968754924
4.0479524494288e-15,0.4063214358684082,0.2619212645734899,-4.36686587633431
4.936130869128893e-15,0.5328809926210489,0.2326990712647299,-10.08923267481359
4.936130869128893e-15,0.7111818456480457,0.1995258734145174,-4.352978968754924
9.682324783204268e-17,0.6177180074121704,0.2159482774307236,-4.35293740020627
4.936130869128893e-15,0.6886755185297257,0.2033076258313777,-4.279035465246191
1.340273035413137e-15,0.6743213115595719,0.2057745229477403,-4.232702820539741
4.936130869128893e-15,0.4466701579460945,0.2519602498175257,-10.66388813231725
1.340273035413137e-15,0.6440874262827583,0.2111172725366754,-3.694891769886663
3.804286560885204,1.178459769571926,0.1388348895423978,-11.30775458094449
8.005405863007662e-18,0.6677130612900619,0.2069250379938196,-4.219221668684113
2.271595610028619e-15,0.7111818520259412,0.199525872357369,-4.420030556273876
4.936130869128893e-15,0.5757035205691254,0.224000674373204,-3.909050101970891
8.054333073515119e-16,0.6831664947554827,0.2042492405184942,-10.72069897463227
2.271595610028619e-15,0.4467750664192103,0.2519352079285049,-3.978920585628805
5.840566125974614e-16,0.6462110072714644,0.2107353048100431,-4.1947059436017
5.840566125974614e-16,0.6462110072714644,0.2107353048100431,-4.1947059436017
4.004733053112191e-17,0.7145949084338747,0.1989613104978702,-3.980547611517474
4.0479524494288e-15,0.5903553267725847,0.221140874496908,-8.070787262315676
2.731941657034225e-16,0.5971750172532175,0.2198289597470137,-3.441109534975726
4.6687352397607e-17,0.7250714082264125,0.1972427084637806,-4.092176206644559
8.005405863007662e-18,0.5757039470508083,0.2240005902978986,-4.165811787680271
2.271595610028619e-15,0.4467750664192103,0.2519352079285049,-3.978920585628805
5.840566125974614e-16,0.6462110072714644,0.2107353048100431,-4.1947059436017
5.840566125974614e-16,0.6462110072714644,0.2107353048100431,-4.1947059436017
7.172833755534654e-16,0.5931558270464929,0.2206006840764014,-4.136667009975191
8.005405863007662e-18,0.6440935219480339,0.2111161746303837,-3.761940314798668
4.936130869128893e-15,0.4463760860621164,0.2520304681225184,-9.285183468934244
7.172833755534654e-16,0.5931558270464929,0.2206006840764014,-4.136667009975191
2.271595610028619e-15,0.6416894110414244,0.2115498491712275,-7.144908150618771
2.744589317728e-16,0.7111750679846001,0.199526996829816,-4.588695435265205
2.731941657034225e-16,0.5971750172532175,0.2198289597470137,-3.441109534975726
8.054333073515119e-16,0.3687878393452646,0.2718328710251289,-4.970444621429628
4.936130869128893e-15,0.643656951359791,0.2111948281137916,-8.858555263912573
3.068045179234306,0.8767976223360279,0.1745401437785026,-9.685433073352513
4.936130869128893e-15,0.3570748516791795,0.2750676465960125,-9.102245907691227
1.038263951005382e-15,0.5929239487714,0.2206453340499944,-8.919798160860724
3.001427806675781,0.8527367340282925,0.177889640100229,-7.592240179355387
2.731941657034225e-16,0.5971750172532175,0.2198289597470137,-3.441109534975726
2.271595610028619e-15,0.5757036131197033,0.2240006561280595,-7.528264411381771
4.936130869128893e-15,0.6435007204294294,0.2112229856625552,-8.545251773364585
8.005405863007662e-18,0.6677130612900619,0.2069250379938196,-4.219221668684113
2.731941657034225e-16,0.5971750172532175,0.2198289597470137,-3.441109534975726
9.682324783204268e-17,0.6177180074121704,0.2159482774307236,-4.35293740020627
4.936130869128893e-15,0.6739135403607257,0.2058452435759834,-9.493512234911647
2.271595610028619e-15,0.4445997259152303,0.252455338993006,-7.583940410210568
4.936130869128893e-15,0.5931534417501236,0.2206011433130733,-4.069616615104255
8.005405863007662e-18,0.6676663225002644,0.2069332091445747,-3.726765376606539
2.731941657034225e-16,0.5971750172532175,0.2198289597470137,-3.441109534975726
8.005405863007662e-18,0.6676663225002644,0.2069332091445747,-3.726765376606539
9.682324783204268e-17,0.6177180074121704,0.2159482774307236,-4.35293740020627
2.744589317728e-16,0.4578615517328277,0.2493125396225802,-4.151013505321767
8.005405863007662e-18,0.6676663225002644,0.2069332091445747,-3.726765376606539
2.093959926088373e-15,0.6306518838974089,0.2135581497323485,-4.115015073256369
8.005405863007662e-18,0.6676663225002644,0.2069332091445747,-3.726765376606539
2.744589317728e-16,0.7111750679846001,0.199526996829816,-4.588695435265205
2.271595610028619e-15,0.6476877929546676,0.2104702844619367,-3.786579173114398
4.936130869128893e-15,0.5929849551253916,0.2206335854518166,-9.232773166417934
4.936130869128893e-15,0.4468349889057528,0.2519209062045145,-4.471376877706382
4.936130869128893e-15,0.714493503850818,0.1989780507425059,-10.53825996987768
3.502313218145154,1.062386573650663,0.151335746713968,-11.97343211396034
8.005405863007662e-18,0.6677130612900619,0.2069250379938196,-4.219221668684113
2.731941657034225e-16,0.5971750172532175,0.2198289597470137,-3.441109534975726
5.840566125974614e-16,0.5328809920722763,0.2326990713796097,-3.936855173237543
2.804502661847769e-15,0.6306522623378683,0.2135580803836429,-10.91347739117681
8.005405863007662e-18,0.6677130612900619,0.2069250379938196,-4.219221668684113
1.340273035413137e-15,0.7146010041196025,0.1989603042643543,-4.047596156429482
8.005405863007662e-18,0.5757039470508083,0.2240005902978986,-4.165811787680271
2.731941657034225e-16,0.5971750172532175,0.2198289597470137,-3.441109534975726
9.555848176237971e-17,0.738070730368654,0.195139796868921,-3.740396065052056
4.004733053112191e-17,0.7145949084338747,0.1989613104978702,-3.980547611517474
2.804502661847769e-15,0.5903823688372043,0.2211356485952416,-4.690984021385298
4.0479524494288e-15,0.4063214358684082,0.2619212645734899,-4.36686587633431
2.744589317728e-16,0.4826903218203995,0.2436031159969133,-7.77022781473265
4.936130869128893e-15,0.5328809927187237,0.2326990712442828,-4.003903718149552
1.107442391759267e-15,0.641688457396338,0.211550021462623,-7.142930057907849
6.728744545674702e-16,0.6462111599401563,0.2107352773867314,-4.687184095821368
8.005405863007662e-18,0.6677130612900619,0.2069250379938196,-4.219221668684113
2.271595610028619e-15,0.5903823125239285,0.2211356594776316,-4.623932462020957
2.271595610028619e-15,0.5903823125239285,0.2211356594776316,-4.623932462020957
9.682324783204268e-17,0.6306522623378701,0.2135580803836425,-4.371776758965751
5.840566125974614e-16,0.6462113721001472,0.210735239277227,-4.518519216830036
1.038263951005382e-15,0.368788045396343,0.2718328147410813,-10.52445312800912
8.005405863007662e-18,0.6677130612900619,0.2069250379938196,-4.219221668684113
8.005405863007662e-18,0.6440935219480339,0.2111161746303837,-3.761940314798668
2.271595610028619e-15,0.4467750664192103,0.2519352079285049,-3.978920585628805
1.340273035413137e-15,0.6743213115595719,0.2057745229477403,-4.232702820539741
4.936130869128893e-15,0.5757035205691254,0.224000674373204,-3.909050101970891
4.936130869128893e-15,0.5931534417501236,0.2206011433130733,-4.069616615104255
4.004733053112191e-17,0.7145949084338747,0.1989613104978702,-3.980547611517474
4.0479524494288e-15,0.368786018941865,0.2718333682798141,-4.477966267532743
8.005405863007662e-18,0.5757039470508083,0.2240005902978986,-4.165811787680271
1.340273035413137e-15,0.7146010041196025,0.1989603042643543,-4.047596156429482
2.744589317728e-16,0.4578615517328277,0.2493125396225802,-4.151013505321767
8.005405863007662e-18,0.6676663225002644,0.2069332091445747,-3.726765376606539
2.093959926088373e-15,0.91641882269405,0.1692085163836775,-4.143700263194261
8.005405863007662e-18,0.6440935219480339,0.2111161746303837,-3.761940314798668
2.731941657034225e-16,0.5971750172532175,0.2198289597470137,-3.441109534975726
8.054333073515119e-16,0.3687878393452646,0.2718328710251289,-4.970444621429628
2.804502661847769e-15,0.6177119027063114,0.2159494150990243,-4.285888855294264
8.005405863007662e-18,0.6676663225002644,0.2069332091445747,-3.726765376606539
3.207288430840356,0.9347816705919314,0.1668117428532492,-15.16581230696267
4.936130869128893e-15,0.5757035205691254,0.224000674373204,-3.909050101970891
4.936130869128893e-15,0.5972217545659344,0.2198200101287015,-3.933565827053305
4.936130869128893e-15,0.5972217545659344,0.2198200101287015,-3.933565827053305
2.271595610028619e-15,0.4467750664192103,0.2519352079285049,-3.978920585628805
1.038263951005382e-15,0.3691704390721604,0.2717283987540091,-12.14014297706944
4.936130869128893e-15,0.6886755185297257,0.2033076258313777,-4.279035465246191
8.005405863007662e-18,0.6676663225002644,0.2069332091445747,-3.726765376606539
1.340273035413137e-15,0.6440874262827583,0.2111172725366754,-3.694891769886663
5.840566125974614e-16,0.6462113720998648,0.2107352392772777,-4.451467629311084
8.005405863007662e-18,0.6677130612900619,0.2069250379938196,-4.219221668684113
4.004733053112191e-17,0.7145949084338747,0.1989613104978702,-3.980547611517474
2.093959926088373e-15,0.91641882269405,0.1692085163836775,-4.143700263194261
2.271595610028619e-15,0.7111818520259412,0.199525872357369,-4.420030556273876
1.340273035413137e-15,0.6440874262827583,0.2111172725366754,-3.694891769886663
4.936130869128893e-15,0.7111818456480457,0.1995258734145174,-4.352978968754924
2.804502661847769e-15,0.6468600418708768,0.2106187692844662,-4.267091065083433
9.682324783204268e-17,0.6177180074121704,0.2159482774307236,-4.35293740020627
2.731941657034225e-16,0.5971750172532175,0.2198289597470137,-3.441109534975726
9.555848176237971e-17,0.738070730368654,0.195139796868921,-3.740396065052056
4.936130869128893e-15,0.5328809927187237,0.2326990712442828,-4.003903718149552
4.6687352397607e-17,0.6743274529261729,0.2057734581111105,-4.299751365451745
2.731941657034225e-16,0.5971750172532175,0.2198289597470137,-3.441109534975726
2.804502661847769e-15,0.6468600418708768,0.2106187692844662,-4.267091065083433
1.340273035413137e-15,0.7146010041196025,0.1989603042643543,-4.047596156429482
1.340273035413137e-15,0.6440874262827583,0.2111172725366754,-3.694891769886663
3.184528202020875,0.9291523454665835,0.1675416422672289,-10.20620267801766
2.744589317728e-16,0.6468624453413412,0.2106183379152397,-4.334139609995439
9.555848176237971e-17,0.738070730368654,0.195139796868921,-3.740396065052056
2.920360512053507,0.8134504706179086,0.1835510402371466,-10.34327001378298
2.744589317728e-16,0.4578615517328277,0.2493125396225802,-4.151013505321767
7.172833755534654e-16,0.5931558270464929,0.2206006840764014,-4.136667009975191
2.271595610028619e-15,0.6476877929546676,0.2104702844619367,-3.786579173114398
1.340273035413137e-15,0.6440874262827583,0.2111172725366754,-3.694891769886663
2.093959926088373e-15,0.6713480454325023,0.2062910057909813,-9.403232482695158
8.005405863007662e-18,0.5757039470508083,0.2240005902978986,-4.165811787680271
5.840566125974614e-16,0.5328809920722763,0.2326990713796097,-3.936855173237543
1.340273035413137e-15,0.7146010041196025,0.1989603042643543,-4.047596156429482
1.340273035413137e-15,0.6743213115595719,0.2057745229477403,-4.232702820539741
4.004733053112191e-17,0.7145949084338747,0.1989613104978702,-3.980547611517474
2.093959926088373e-15,0.6306518838974089,0.2135581497323485,-4.115015073256369
4.936130869128893e-15,0.5328809927187237,0.2326990712442828,-4.003903718149552
2.271595610028619e-15,0.6476877929546676,0.2104702844619367,-3.786579173114398
1.340273035413137e-15,0.7121968830352596,0.1993577316754985,-7.430563992249583
1.340273035413137e-15,0.6671170638234791,0.207029269535095,-8.714620675210933
5.840566125974614e-16,0.6462110072714644,0.2107353048100431,-4.1947059436017
4.936130869128893e-15,0.3677626043867654,0.2721131867196139,-10.73909489751458
8.005405863007662e-18,0.6440935219480339,0.2111161746303837,-3.761940314798668
8.005405863007662e-18,0.6440935219480339,0.2111161746303837,-3.761940314798668
2.271595610028619e-15,0.6186530175219005,0.2157741369517253,-4.866951530604932
2.093959926088373e-15,0.617287237971837,0.2160285776206022,-9.455675759507098
4.936130869128893e-15,0.4468349889057528,0.2519209062045145,-4.471376877706382
7.172833755534654e-16,0.5931558270464929,0.2206006840764014,-4.136667009975191
2.731941657034225e-16,0.5971750172532175,0.2198289597470137,-3.441109534975726
2.885819046207391,0.7990656737277355,0.185686432323645,-9.155697899515062
9.682324783204268e-17,0.6306522623378701,0.2135580803836425,-4.371776758965751
8.005405863007662e-18,0.6677130612900619,0.2069250379938196,-4.219221668684113
8.054333073515119e-16,0.3687878393452646,0.2718328710251289,-4.970444621429628
4.936130869128893e-15,0.5968698992404491,0.2198873998279709,-8.922745715918147
2.744589317728e-16,0.4578615517328277,0.2493125396225802,-4.151013505321767
8.054333073515119e-16,0.670214562845727,0.2064884053601145,-4.096217283045537
4.936130869128893e-15,0.5328809927187237,0.2326990712442828,-4.003903718149552
2.731941657034225e-16,0.5971750172532175,0.2198289597470137,-3.441109534975726
4.004733053112191e-17,0.7145949084338747,0.1989613104978702,-3.980547611517474
4.0479524494288e-15,0.4063214358684082,0.2619212645734899,-4.36686587633431
2.093959926088373e-15,0.5930927430794242,0.2206128300102518,-10.22167055763959
8.054333073515119e-16,0.3685827954040839,0.2718888906370303,-10.95482625357008
4.0479524494288e-15,0.4063214358684082,0.2619212645734899,-4.36686587633431
4.936130869128893e-15,0.5931534417501236,0.2206011433130733,-4.069616615104255
3.975272492142624e-14,0.5488801246629436,0.2293878179817307,-4.474826778550117
2.804502661847769e-15,0.6177119027063114,0.2159494150990243,-4.285888855294264
5.840566125974614e-16,0.6462113721001472,0.210735239277227,-4.518519216830036
9.555848176237971e-17,0.738070730368654,0.195139796868921,-3.740396065052056
2.744589317728e-16,0.4578615517328277,0.2493125396225802,-4.151013505321767
2.804502661847769e-15,0.6468600418708768,0.2106187692844662,-4.267091065083433
2.804502661847769e-15,0.6177119027063114,0.2159494150990243,-4.285888855294264
2.804502661847769e-15,0.3942731324081272,0.2650308853465063,-4.6068469036465
2.271595610028619e-15,0.5903823125239285,0.2211356594776316,-4.623932462020957
2.804502661847769e-15,0.6468600418708768,0.2106187692844662,-4.267091065083433
3.382425405037321,1.015521904955126,0.1567917930407156,-7.285046390174516
4.572330027718157,1.560449344711664,0.1057997198803582,-11.19233855285116
1.028145822447522e-15,0.3883800241867377,0.2665760805989723,-10.83780065674373
4.936130869128893e-15,0.3750578275733041,0.2701300721721464,-8.318503422896139
2.744589317728e-16,0.7111750679846001,0.199526996829816,-4.588695435265205
9.682324783204268e-17,0.6177180074121704,0.2159482774307236,-4.35293740020627
7.172833755534654e-16,0.5931558270464929,0.2206006840764014,-4.136667009975191
2.093959926088373e-15,0.91641882269405,0.1692085163836775,-4.143700263194261
4.0479524494288e-15,0.4063214358684082,0.2619212645734899,-4.36686587633431
5.840566125974614e-16,0.6462113721001472,0.210735239277227,-4.518519216830036
2.744589317728e-16,0.6468624453413412,0.2106183379152397,-4.334139609995439
2.271595610028619e-15,0.4467750664192103,0.2519352079285049,-3.978920585628805
2.731941657034225e-16,0.5971750172532175,0.2198289597470137,-3.441109534975726
2.271595610028619e-15,0.7111818520259412,0.199525872357369,-4.420030556273876
8.005405863007662e-18,0.6440935219480339,0.2111161746303837,-3.761940314798668
4.936130869128893e-15,0.5930692156765005,0.220617360145456,-9.925747058018935
4.936130869128893e-15,0.6871394886530453,0.2035695271004007,-9.1402171640026
2.744589317728e-16,0.6468624453413412,0.2106183379152397,-4.334139609995439
8.005405863007662e-18,0.6440935219480339,0.2111161746303837,-3.761940314798668
4.936130869128893e-15,0.5931534417501236,0.2206011433130733,-4.069616615104255
2.744589317728e-16,0.6468624453413412,0.2106183379152397,-4.334139609995439
4.936130869128893e-15,0.5931534417501236,0.2206011433130733,-4.069616615104255