dN/dS,LRT,p-value,Log(L)
1.20578150638828e-15,1.324425890747778,0.1248996419002682,-4.147126294678236
5.396476916132113e-16,0.8452795575061849,0.1789455835973893,-4.0257677300363
2.744589317728e-16,0.8256221330656377,0.1817707487108414,-4.199546591592293
5.396476916132113e-16,0.8360059902614214,0.1802707818691543,-4.155375131896298
5.396476916132113e-16,0.8360053508801872,0.1802708737022066,-4.095614960196102
2.269969926313108e-14,0.9487593131538876,0.1650176523479866,-4.520802969333975
2.804502661847769e-15,0.529721962589301,0.2333618878359582,-4.755069055135226
3.17603086687411e-16,1.028437053145332,0.1552630209320582,-4.136489239271556
5.396476916132113e-16,0.7534627705095573,0.1926910534352708,-4.05219140712836
2.413660856059144,0.5871268788335513,0.2217661462193993,-10.29795666648419
3.995263398725543,1.264134156800246,0.13043499971717,-12.24733257418412
2.183502570986349,0.475292560731976,0.2452811831782802,-10.09283956563628
1.417318643400957e-14,0.4996829378192444,0.2398197348640972,-5.154396293729833
8.054333073515119e-16,0.9226607163026941,0.168388661789399,-4.435112245270655
2.38732531376145,0.5737039502239298,0.2243954039438994,-21.99658975184596
2.021787736309306,0.3953676348324109,0.2647456764980876,-15.07750934770122
3.998098789864233,5.664942848569552,0.008653640450884292,-44.60109423440935
1.539705825549163,0.4826384339452972,0.2436148194520442,-33.12058802850692
1.026325947046487,0.001333193361553242,0.4854366882667356,-21.53358751700831
1.028145822447522e-15,4.030020554190365,0.0223486981732221,-16.95970126861782
0.8566223774556807,0.05020832844955692,0.4113505812694125,-25.58283805259682
0.9695606206593543,0.001918743328793937,0.4825305335229154,-31.00574021771005
0.422577573250132,1.005756820169484,0.1579607620209987,-12.45388324327038
4.730343101349462e-16,4.159272296140511,0.02070359511091135,-10.87982997495499
0.4203537961452528,1.020223099290224,0.1562330476368403,-14.0033668816287
5.840566125974614e-16,3.828376092871281,0.02519586640520244,-29.48487577391325
1,0,1,0
6.728744545674702e-16,3.828376093759196,0.02519586639185423,-26.85755938910742
9.682324783204268e-17,2.317420680066089,0.06396600204212188,-11.42930413126265
9.682324783204268e-17,4.272393775784085,0.01936816225407495,-10.10508676768154
1.028145822447522e-15,3.855270203860975,0.02479496929828096,-24.65261946167137
5.840566125974614e-16,4.895772814007518,0.01346126054100399,-11.23262367466026
4.730343101349462e-16,4.360787409296083,0.01838765162861633,-10.35256547666445
1,0,1,0
0.4546238911866466,0.8194755206695206,0.182666777966999,-12.04878607877318
5.840566125974614e-16,4.278571835283209,0.01929788244687797,-14.10264152823979
1.515981630522889,0.4525178124267342,0.2505708521262189,-24.10807295134307
5.840566125974614e-16,4.159279975378414,0.02070350124368653,-11.01942932921744
1,0,1,0
5.840566125974614e-16,3.828376093138779,0.0251958664011811,-11.66517917817457
2.109590122377054,2.190997215319797,0.06940970705729321,-36.0930531393793
2.804502661847769e-15,4.278571947562156,0.01929788117205788,-17.57889354424742
0.5102530383979683,0.5708314817765725,0.2249643483974405,-12.02591186388321
1,0,1,0
6.728744545674702e-16,3.87649270045226,0.02448337443758608,-10.66106079653426
2.449231293967717e-15,3.828376090498679,0.02519586644087024,-32.79904920504013
3.17603086687411e-16,4.159140170258414,0.02070521022268967,-9.725447095183286
0.4225775620801991,1.005756881874238,0.1579607545984192,-12.45344298607307
1,0,1,0
1,0,1,0
9.682324783204268e-17,4.490218467829113,0.01704466049286579,-10.28700604935994
1.028145822447522e-15,4.278572105879782,0.01929787937451277,-20.95386450310037
1,0,1,0
1,0,1,0
5.840566125974614e-16,4.399656156511938,0.01797308865395603,-11.2497387219021
5.840566125974614e-16,3.82837642759695,0.02519586137320462,-19.1704113445355
5.840566125974614e-16,4.489810896908359,0.01704872459937556,-27.79098108326337
1.028145822447522e-15,2.319949068585679,0.06386210407211479,-18.17092016936561
1,0,1,0
5.840566125974614e-16,2.746042908859536,0.04874772365993252,-9.646575104420917
0.4196688633963228,1.024608184398662,0.15571421160932,-15.51891906946137
1,0,1,0
0.6414837671794339,0.2287985304211375,0.3162080672998637,-13.70077560239455
0.5228608464940994,0.5257917610199279,0.2341907419385559,-14.42777405730624
1.230788950791537,0.1201482238233069,0.3644368922329441,-33.32210854510669
3.534127308073653,8.657604002348492,0.001628496426211601,-44.93672367191865
1,0,1,0
1,0,1,0
0.8534690885619618,0.05269343374727953,0.4092205360503693,-17.66010824690149
0.4193683789227257,1.026592916459066,0.1554801195909564,-32.64113884050546
9.682324783204268e-17,4.030020554179814,0.02234869817336188,-10.26172030772671
0.4588183388734983,0.7971878311499268,0.1859677470237351,-16.04798055027921
5.840566125974614e-16,2.744583373977946,0.04879225455767811,-14.36608162171579
1.028145822447522e-15,3.876492761822327,0.02448337354253571,-17.82795004428873
1.032306053319444,0.00199216566156224,0.4821996471122056,-36.17809805838723
2.731941657024047e-16,4.730542417570614,0.01481576953128499,-11.16106066936535
5.840566125974614e-16,4.682202936451795,0.01523832093683175,-28.0713757247149
1.796050412998516,1.130623460135496,0.1438211964262223,-35.36438374876224
5.840566125974614e-16,4.159272283857405,0.02070359526105431,-10.87962159131916
0.4682637379277451,0.7507227367684237,0.1931237522612128,-15.34044241189221
0.5227011920000919,0.5263472668340938,0.2340733028722253,-23.29367896063849
1.028145822447522e-15,2.31734497755464,0.06396911575223996,-12.87370189011209
1,0,1,0
1,0,1,0
9.555848176237971e-17,4.399656156511927,0.01797308865395608,-10.70680170927009
2.804502661847769e-15,2.312767854050129,0.06415769071395627,-19.76976225171881
1.028145822447522e-15,2.455304348610206,0.05856423219513485,-12.08379742059548
6.728744545674702e-16,4.680228535246805,0.01525584452732531,-23.43693269724647
9.555848176237971e-17,4.730474286246157,0.01481635642053963,-10.35939481318052
5.840566125974614e-16,4.030020554184009,0.02234869817330631,-11.50604990384827
0.7160838852271593,0.1245234032133027,0.3620896759653332,-23.02253289745945
1,0,1,0
1,0,1,0
1.24420049516129,0.1325772373159992,0.3578873477262153,-22.64172822334836
1.022703407359764,0.0009961202806252345,0.4874109238628285,-21.27319591389396
6.728744545674702e-16,2.746243260012296,0.04874161433898372,-11.23257143788556
0.4809536526376855,0.69082448282537,0.202942042556569,-23.1287589091886
6.728744545674702e-16,3.91894986417558,0.02387234774105529,-22.79578804106358
1.533605403347985,0.4748388399272585,0.2453847290377225,-33.84562242165716
1,0,1,0
1,0,1,0
9.682324783204268e-17,3.908933776703716,0.02401503004156591,-10.17952304932916
1,0,1,0
1.41018752485386,0.3152389714949067,0.28724149803924,-30.07444551932438
1,0,1,0
1,0,1,0
1,0,1,0
1.030405514062527,0.001764783727246311,0.4832456305899144,-20.41457763964003
0.4548875844931964,0.8180861831174511,0.182870157886835,-22.09524527280853
2.899056384689152,4.057289646915976,0.02199051861001866,-35.0170754235852
5.840566125974614e-16,4.768783187074249,0.01449015077605226,-10.67507658847968
1,0,1,0
9.682324783204268e-17,4.27241278991643,0.01936794554361326,-10.3548570260426
1,0,1,0
1,0,1,0
1,0,1,0
3.17603086687411e-16,4.730545505137275,0.01481574293528637,-11.24671604939831
9.682324783204268e-17,4.278571947648601,0.01929788117107634,-23.3853741986566
9.682324783204268e-17,4.030013626456995,0.02234878994532818,-11.70047749423847
9.682324783204268e-17,4.730533079416993,0.01481584996953395,-11.01404823604699
1,0,1,0
0.4545346064104203,0.8199463784415322,0.1825979220158075,-12.60858035732989
1,0,1,0
1,0,1,0
9.682324783204268e-17,4.584965083094779,0.01612681420553297,-16.31206133778433
1,0,1,0
0.8635075069205705,0.02254888473284566,0.4403180632406563,-14.50454455445148
0.9515387364141145,0.004991884440826766,0.4718368568314916,-19.26941924178492
1,0,1,0
1,0,1,0
2.804502661847769e-15,3.606139304172451,0.02878330592217715,-18.47691853413856
1,0,1,0
5.840566125974614e-16,3.828375858491874,0.02519586992867545,-11.85606342406591
9.682324783204268e-17,2.317420204664284,0.06396602159528503,-12.26812491080636
3.17603086687411e-16,4.490314875148453,0.01704369931227701,-10.67180943239913
1,0,1,0
0.4834446812471044,0.679929977759663,0.2048054185573293,-11.96461511840692
0.4807490498025304,0.6918592021942196,0.2027663581147934,-10.99095865115766
1.028145822447522e-15,4.490153264328754,0.01704531060361902,-24.26346342892578
1.700071023095622,0.9437292019017889,0.1656603140832471,-36.49462861661667
1,0,1,0
1,0,1,0
1,0,1,0
1.578640325946567,0.5365553641562855,0.2319319058478165,-23.14076383418122
3.17603086687411e-16,4.679525821723558,0.01526208645511185,-10.84644850542271
1.028145822447522e-15,4.278572240450359,0.01929787784659276,-23.99996202327006
1.044017425348679,0.003641394998311398,0.4759408404355744,-40.66001534040506
2.449231293967717e-15,2.746021201910779,0.04874838562148459,-16.53806197444773
9.682324783204268e-17,4.159248100412274,0.02070389087050883,-10.67733078952562
2.287852447174094e-16,4.682129032612817,0.0152389764844455,-10.30570670421929
1,0,1,0
5.840566125974614e-16,4.768471916435868,0.01449277093241447,-15.905938631913
0.5551002909472827,0.4241175559726358,0.2574447909367793,-15.33187064820657
2.313619251583098,2.691563135573773,0.05044040290399437,-51.53333043819301
5.840566125974614e-16,4.272439058721517,0.01936764615338887,-10.80005627298195
0.5113880878743348,0.5665977067915051,0.2258070367077697,-13.28192239967368
0.4366969429268329,0.9187041809372971,0.1689077211314223,-17.74128949729391
1.847878465718241,1.232486623334452,0.1334619968000956,-26.8639231769367
2.804502661847769e-15,3.606681781665024,0.02877391729452833,-28.63525903085059
1.453114791217111,0.3686376161858149,0.2718739110814823,-25.54784214727526
1.440261883201287,0.3523105932971262,0.2764040323034104,-25.1343056565896
1,0,1,0
1,0,1,0
1,0,1,0
1,0,1,0
1,0,1,0
6.728744545674702e-16,2.450210714378159,0.05875454642315064,-13.34013918125067
0.4806721920807585,0.6921966833119626,0.2027091054401283,-11.87983012687026
1,0,1,0
2.449231293967717e-15,2.455720270643148,0.05854872214441048,-17.21486180994916
1.094659641386179,0.01582418117839524,0.4499474158520526,-22.82472446164418
2.341683183813254,2.763325206275965,0.04822378979460523,-61.39304932116967
2.66345469792539,2.118468903504215,0.0727659842957355,-23.03125272007138
0.5102999321905695,0.5706553950481101,0.2249992986944032,-12.0269132029208
0.5222020304622962,0.5290455708869075,0.2335041989568106,-11.39556249658395
0.5110437762386288,0.5678765433444184,0.2255519787291534,-13.69041000365652
5.840566125974614e-16,3.493700215785605,0.03080137425732166,-14.14426800292851
0.4971832112363165,0.6229859373038025,0.21496992627426,-19.59934162201264
0.4548880022335597,0.8180836532584053,0.1828705285097937,-15.45555789346085
5.840566125974614e-16,2.449126491838076,0.05879514455668489,-13.94182394715595
0.4811853590972703,0.6898379399211123,0.2031097544336575,-26.31648850430772
9.682324783204268e-17,4.278571947687027,0.01929788117064007,-11.22164609743056
1.028145822447522e-15,3.828376427972984,0.0251958613675517,-29.16058550411384
1.319654504839193,0.2794690310211223,0.2985247219718342,-41.17306949797273
0.4972969619820972,0.6225262718880309,0.2150550269766362,-14.84841984122847
1,0,1,0
9.682324783204268e-17,4.159203543625171,0.02070443552774165,-10.14585936952617
3.17603086687411e-16,4.490162670473822,0.01704521681815785,-9.881860794229747
2.528275548125571,3.200514610935571,0.0368075515628285,-34.85735392340796
5.840566125974614e-16,3.929366684889111,0.02372490523764037,-17.28869153855166
1,0,1,0
1,0,1,0
9.682324783204268e-17,2.456323460009614,0.05852623681447444,-11.67572633530886
1,0,1,0
1,0,1,0
1,0,1,0
9.682324783204268e-17,4.895560108077596,0.01346291887992007,-10.82541776746194
0.937331292260361,0.00851840781542279,0.4632317426389114,-29.01784664395671
0.9211968621264225,0.01378461453893465,0.4532684127904257,-35.37631473917145
4.730343101349462e-16,4.360846677966578,0.01838701192039383,-10.75868359154619
6.728744545674702e-16,4.030013624918389,0.02234878996571027,-24.45451702893341
1.654917286902916,0.8593997767559785,0.1769533571726012,-32.77161569140281
9.682324783204268e-17,3.828376091190343,0.02519586643047234,-22.03662200395765
0.857823945214731,0.04927224645527417,0.4121672460381487,-25.15545776906633
0.4786833768711587,0.701683297785987,0.2011093296386308,-9.144037228123882
1.028145822447522e-15,4.730375046956418,0.01481721131989056,-16.57343873015975
1,0,1,0
0.5161360812810516,0.549649644304985,0.2292304423279303,-11.5636260081626
1.467821558541257,0.3878368274607453,0.2667193271054253,-35.2115003828363
9.675494556350705,29.81670126779557,2.374417062966927e-08,-72.1328264695789
3.507938297400529,6.41869403391523,0.005646258772760038,-46.92781366950164
6.728744545674702e-16,4.399656156511938,0.01797308865395603,-11.36826157936681
0.729151653981303,0.1106753627576609,0.3696882755960043,-14.02874010332584
0.9164072980179087,0.01561887423518726,0.4502714753739206,-34.15096712994063
1.267988769149347,0.103744286024309,0.3736908939821021,-18.61154943755387
2.287852447174094e-16,4.685830961355624,0.01520617546262637,-8.084978945035809
5.840566125974614e-16,4.369472307873018,0.01829416039652226,-10.39430585986172
0.5143681687993901,0.5565643175568518,0.22782392648783,-9.608069077718289
1,0,1,0
1.028145822447522e-15,4.278572240375041,0.01929787784744791,-24.22445534502312
1,0,1,0
1,0,1,0
1,0,1,0
0.4575110478868583,0.8037767856597426,0.1849832831306189,-19.24647189641481
0.4193782010717673,1.026579355171897,0.1554817175400448,-17.5090737143859
1.028145822447522e-15,2.746195802685108,0.04874306138294443,-10.61835714044472
9.682324783204268e-17,2.746234863983982,0.04874187034287047,-11.09077525015852
9.682324783204268e-17,3.828376428180867,0.02519586136442653,-11.48593811017722
0.4673571549296376,0.7550188816045207,0.1924459302257245,-12.51245766555012
9.682324783204268e-17,3.876343882707602,0.02448554496829614,-21.29521070657065
1.028145822447522e-15,4.03001362386339,0.02234878997968592,-17.38061833350305
2.429124488732193,2.965806047116814,0.0425210322224977,-34.48666165941941
1.035687382888757,0.002413788855733401,0.480407718278888,-33.67500534495667
5.840566125974614e-16,4.687587775795564,0.01519063492767747,-17.02949430459422
0.5551222586238225,0.4240553451931177,0.2574602054321796,-21.39269680769825
0.4563124316862537,0.8102880702611799,0.1840175481979304,-17.19205597758215
0.4970631229225665,0.6234903372568468,0.2148766022046553,-21.15034641853722
1.927807302223171,1.381272442335856,0.1199422615339976,-56.67020457258725
2.833182957546352,4.696652961228267,0.01511070824674599,-45.71056749949535
2.449231293967717e-15,4.579770062385244,0.01617577789209601,-22.31218663172235
5.218701594391611,18.36947306125663,9.097491162457505e-06,-63.19169636203428
0.5143712294989663,0.5565477863096007,0.2278272728783846,-16.0801629843243
0.5263004012019679,0.5169433637823921,0.2360742382425829,-13.06942905258197
1,0,1,0
1,0,1,0
1,0,1,0
4.730343101349462e-16,4.768766878074004,0.01449028804668984,-10.52968314807213
2.287852447174094e-16,3.876515235656147,0.02448304577572952,-11.35570606402048
0.5735616235153402,0.3733442143884673,0.2705935020509775,-20.504812914745
1,0,1,0
1,0,1,0
0.4041893187119261,1.130814760355619,0.1438008079091334,-12.37135072611305
4.730343101349462e-16,4.278571742616929,0.01929788349901507,-11.52702247831348
1,0,1,0
2.449231293967717e-15,4.030013625886539,0.02234878995288508,-34.25477464322456
6.728744545674702e-16,4.68788796724175,0.01518798113262981,-24.49517130235962
1,0,1,0
2.061723354000711,2.067931173160929,0.07521272715732419,-38.27615959575944
1,0,1,0
0.8147356778931438,0.04484827028590388,0.4161416369361209,-16.21946556197096
1,0,1,0
4.730343101349462e-16,4.159272254583076,0.02070359561889012,-10.87912512538997
1,0,1,0
1,0,1,0
5.840566125974614e-16,4.89400570861369,0.01347504403784039,-11.08157995581534
9.682324783204268e-17,4.159203633526296,0.02070443442878511,-10.14662129731909
0.8650856982179753,0.02197747708952846,0.4410735157958539,-15.20642895812103
1.028145822447522e-15,3.876292751693356,0.02448629076924808,-20.74289313320965
1,0,1,0
1,0,1,0
2.449231293967717e-15,4.490354849507739,0.01704330078468902,-21.15719060739709
6.728744545674702e-16,4.896211902782646,0.01345783790426036,-13.91808767508898
1,0,1,0
1.028145822447522e-15,3.929254690090588,0.02372648532378052,-16.15193139238102
0.5101670848633544,0.5711535551584106,0.2249004440725554,-12.02473973443853
0.4004434583441987,1.158408203278917,0.1408979549404728,-12.49681781885148
1.514407552229408,0.299718720108352,0.2920294058831652,-25.62214611768053
0.4192572393381159,1.027408010799252,0.1553841149278224,-12.74269061144304
5.840566125974614e-16,4.895554600150511,0.01346296182470264,-17.45761258603991
0.5133658496925771,0.5593120751862948,0.2272687754050075,-11.47439661302247
0.4191713645698518,1.027988102493158,0.155315836712513,-11.76219088971342
9.682324783204268e-17,3.136607542330388,0.03827644161445487,-15.64550301897043
0.8107984480570398,0.09389803031860566,0.3796394512719591,-19.43605086803312
1,0,1,0
0.4571918924254586,0.8049183554899066,0.1848134592081628,-15.07107260819436
5.840566125974614e-16,3.12922292836992,0.03845019373949676,-15.38054432873963
1,0,1,0
2.287852447174094e-16,4.399655676840922,0.01797309370918748,-12.02021549235764
1,0,1,0
3.17603086687411e-16,3.876512659815241,0.02448308334252253,-11.38536951294
0.8243009445845054,0.07932534309481554,0.3891068874890087,-28.1639938838249
0.5102424085752069,0.5708706720191543,0.2249565709358815,-12.79461801257636
4.730343101349462e-16,4.272444930709593,0.01936757922996429,-10.93978460605388
0.4819187833496953,0.6866282506437251,0.2036568054692945,-13.57199697145335
9.682324783204268e-17,3.606213435549499,0.02878202274269409,-13.44974186823743
0.4460141332364877,0.8653873554416691,0.1761177284506048,-11.39516954969821
1,0,1,0
9.682324783204268e-17,3.876447621915489,0.02448403189383552,-9.967148943628192
9.682324783204268e-17,3.828376428180867,0.02519586136442653,-11.33719398700909
1,0,1,0
0.4806720946658901,0.6921970723306998,0.202709039457877,-11.87910837676805
9.682324783204268e-17,4.682461391116494,0.01523602860320455,-13.83527536996669
1,0,1,0
1.028145822447522e-15,3.876466630689684,0.02448375465458275,-24.36416066841031
1,0,1,0
1,0,1,0
1.278225338573234,0.1658129969170403,0.3419300291774725,-24.16487641243722
9.682324783204268e-17,3.918998215260878,0.0238716611380444,-10.2233426436748
1,0,1,0
1,0,1,0
1,0,1,0
1.028145822447522e-15,4.159085538870109,0.02070587807752344,-16.26384687613757
2.287852447174094e-16,4.278571741139903,0.01929788351578526,-11.52932873426213
1,0,1,0
3.17603086687411e-16,4.57024118907658,0.01626599244621085,-11.2967281262296
9.682324783204268e-17,3.876041597874558,0.02448995446667462,-12.0028116608903
0.5224008252566769,0.5273950106010652,0.2338520573882006,-12.6038800516895
5.840566125974614e-16,3.493700709418341,0.03080136507412734,-10.94695758587785
1,0,1,0
2.449231293967717e-15,4.399656156339574,0.01797308865577252,-18.37762420808782
1,0,1,0
1,0,1,0
9.555848176237971e-17,4.357468785016202,0.01842350795414249,-11.82738305340245
1,0,1,0
0.4674175132584064,0.7547126691437356,0.1924941306704528,-18.99048522770138
1.019037650869739,0.0007021339544337479,0.4894301400300566,-32.35074055227918
1,0,1,0
0.965869334906825,0.002424966510261584,0.480362443759731,-22.77942939540901
9.682324783204268e-17,3.82837642818086,0.02519586136442664,-10.80803895655171
2.804502661847769e-15,2.317420425887477,0.06396601249642714,-11.71789129374991
1.028145822447522e-15,3.918922655437953,0.02387273412419455,-9.595484543952209
1,0,1,0
1,0,1,0
2.287852447174094e-16,3.828375857448453,0.0251958699443614,-11.29435416416527
5.840566125974614e-16,4.895561319430065,0.01346290943513939,-11.92612944723108
1,0,1,0
6.728744545674702e-16,2.826382824294853,0.04636349830704661,-24.00403434027648
1,0,1,0
1,0,1,0
1,0,1,0
1.028145822447522e-15,4.490147082855579,0.01704537223727137,-22.43807892737545
0.513203575376577,0.5596940766348979,0.2271917650188983,-19.55108100029481
1,0,1,0
1.028145822447522e-15,3.82837642818086,0.02519586136442664,-18.11284369804106
2.287852447174094e-16,4.276518809314059,0.0193212073618606,-11.20120597317304
1.417318643400957e-14,1.273592025093279,0.1295469492912992,-4.550609330584829
5.396476916132113e-16,1.286680329826792,0.1283303130530429,-3.717463396280872
1.827506400178574e-15,1.022008926447265,0.1560214798665525,-4.364279904483309
1.417318643400957e-14,1.273592025093279,0.1295469492912992,-4.550609330584829
2.269969926313108e-14,1.076495281762472,0.1497414552590466,-4.27273845033875
4.162828811893032e-17,0.9411064868919095,0.1659967219856179,-4.180528849478292
2.269969926313108e-14,1.068033359888858,0.1506950430637758,-16.09690897554454
6.722605837085583e-15,1.188616979705049,0.1378043527590547,-11.54217923597162
5.840566125974614e-16,0.95385356233969,0.1643701710597641,-4.412071440019334
5.396476916132113e-16,1.200784768788883,0.1365824423830371,-3.713821339843302
3.17603086687411e-16,1.090139318771769,0.1482201712279591,-3.795947878122074
5.396476916132113e-16,1.009824549301674,0.1574724376448647,-3.747918326541986
6.722605837085583e-15,1.188616980568048,0.1378043526719054,-4.472208301114541
2.804502661847769e-15,0.5976100758115486,0.2197456730279202,-4.422720919849982
2.731941657024047e-16,1.090157271436832,0.1482181826459127,-4.374315813093576
1.417318643400957e-14,1.135932486490505,0.1432567286001599,-4.196173259753934
1.20578150638828e-15,1.490928160016896,0.1110362532389015,-4.147126294678236
1.038263951005382e-15,1.00690734392931,0.15782244271433,-4.754797048557569
9.555848176237971e-17,1.113339331449511,0.1456786011696716,-4.063603136354914
6.722605837085583e-15,1.143656511765275,0.1424405060030661,-4.463275256998321
2.093959926088373e-15,0.5750069392604367,0.22413806182972,-4.422720919849982
4.162828811893032e-17,0.8161022482090754,0.1831611235949787,-4.066363895014597
6.722605837085583e-15,1.134718916397567,0.1433855096291376,-9.129355689070337
5.840566125974614e-16,0.9106045280356767,0.1699770352862441,-4.403368768881508
9.682324783204268e-17,1.062159527106502,0.1513615816400631,-9.574227281455098
9.682324783204268e-17,1.010625953321435,0.1573764633637358,-4.312871577889259
5.967042733414826e-16,0.6115018711871549,0.2171114444596192,-9.910012414063592
4.286253891507e-16,0.9264581898911217,0.1678924782971602,-3.732868561007777
5.840566125974614e-16,0.8032239264787808,0.1850656066038784,-4.47129600189305
9.555848176237971e-17,1.000157782753547,0.158636166061538,-4.354140211533232
1.417318643400957e-14,1.025455784228422,0.1556141841186571,-4.176582936848424
5.738135429005637,5.466582115864405,0.009691748740458195,-19.26005295243546
1.417318643400957e-14,1.025455784228422,0.1556141841186571,-4.176582936848424
4.580859501297232e-15,0.601832610075796,0.2189398277087995,-4.033286980080518
2.269969926313108e-14,0.9641606753141438,0.1630704100895625,-4.251551548824406
2.269969926313108e-14,0.9641606753141438,0.1630704100895625,-4.251551548824406
9.555848176237971e-17,1.011845756388146,0.1572305293507685,-4.047491154866595
2.804502661847769e-15,0.8359938803127029,0.1802725212079057,-4.745052632803676
5.24143268477775e-17,0.8383497176402042,0.1799345896737333,-3.45680399990001
5.840566125974614e-16,1.019755638374637,0.156288489738062,-9.069744359404394
5.396476916132113e-16,0.8188723148466952,0.1827550404608411,-4.197831861297327
4.580859501297232e-15,0.5873791369741621,0.2217171917589043,-4.030024518410209
2.269969926313108e-14,0.9410056296338301,0.1660096768166678,-4.247183118372189
2.269969926313108e-14,0.9410056296338301,0.1660096768166678,-4.247183118372189
2.433952318323859,0.596826223578848,0.2198957670975041,-10.75347611935211
4.569891875611908,2.919426577644472,0.04375948009322717,-16.02980559308261
4.580859501297232e-15,0.5873791369741621,0.2217171917589043,-4.030024518410209
5.24143268477775e-17,0.8291713674201073,0.1812561231369774,-4.153739607597973
4.162828811893032e-17,0.8897124031479091,0.1727776279327289,-3.72623477712492
6.722605837085583e-15,1.047244190022035,0.1530713147328984,-4.739411724481404
4.286253891507e-16,0.8383658012761543,0.1799322855673031,-4.023993429473109
1.417318643400957e-14,0.4956015510746496,0.2407195822315553,-11.23405692652509
4.162828811893032e-17,0.8897124031479091,0.1727776279327289,-3.72623477712492
2.055845424600907,0.4117196179047333,0.2605489916149653,-10.32726508455424
1.038263951005382e-15,0.5253954758573176,0.2342745781506139,-4.752264383748574
5.24143268477775e-17,0.8291713674201073,0.1812561231369774,-4.153739607597973
6.722605837085583e-15,1.047244190022035,0.1530713147328984,-4.739411724481404
5.24143268477775e-17,0.8383497176402042,0.1799345896737333,-3.45680399990001
5.24143268477775e-17,0.8188723148466828,0.182755040460843,-4.257522780621069
4.286253891507e-16,0.8897140832935913,0.1727774002116636,-3.785924856784447
2.731941657024047e-16,0.9604932236393147,0.1635313208936699,-4.345249807214785
5.24143268477775e-17,0.8383497176402042,0.1799345896737333,-3.45680399990001
4.730343101349462e-16,0.8404090864626266,0.1796398990790751,-4.389245603009133
9.682324783204268e-17,0.9327191901079868,0.1670786703461424,-4.299455295635115
2.287852447174094e-16,0.5873984144084652,0.2217134513711355,-4.597213947983304
4.162828811893032e-17,0.8291707268272699,0.1812562158387159,-4.094049008570662
3.17603086687411e-16,0.9604771399069989,0.1635333460327984,-3.778060377641685
2.744589317728e-16,0.8382852479862422,0.1799438258629042,-10.02766543655909
3.17603086687411e-16,0.9604771399069989,0.1635333460327984,-3.778060377641685
4.730343101349462e-16,0.8404090864626266,0.1796398990790751,-4.389245603009133
2.449231293967717e-15,0.6687547457817828,0.2067430482474726,-4.190799253714919
3.17603086687411e-16,0.9604771399069989,0.1635333460327984,-3.778060377641685
3.397720200437721e-16,0.9151197829351805,0.1693798145629709,-4.161492394308868
6.728744545674702e-16,0.9603154093539601,0.1635537117405742,-16.91778129819367
6.722605837085583e-15,1.047244190022035,0.1530713147328984,-4.739411724481404
5.114956077737342e-17,0.9345671618153757,0.1668394781609907,-3.823023709307587
2.431077267680403,0.5953008685356345,0.2201882977040167,-14.47312899658955
2.287852447174094e-16,0.5873984144084652,0.2217134513711355,-4.597213947983304
3.975272492142624e-14,1.011847436534415,0.1572303284645573,-4.107181234526142
2.439190249522826,0.6003503139034656,0.2192221983569324,-11.80501985949958
2.731941657024047e-16,0.9604932236393147,0.1635313208936699,-4.345249807214785
5.24143268477775e-17,0.8383497176402042,0.1799345896737333,-3.45680399990001
9.555848176237971e-17,0.7473020585306971,0.1936658808292082,-3.991107290209332
1.038263951005382e-15,0.9151198168419423,0.1693798100888093,-4.433397514975688
2.731941657024047e-16,0.9604932236393147,0.1635313208936699,-4.345249807214785
3.975272492142624e-14,1.011847436534415,0.1572303284645573,-4.107181234526142
5.24143268477775e-17,0.8188723148467005,0.1827550404608403,-10.16851628190849
5.24143268477775e-17,0.8383497176402042,0.1799345896737333,-3.45680399990001
1.91155208028539,0.3398378387592516,0.2799614197226657,-9.45013291996349
9.555848176237971e-17,1.011845756388146,0.1572305293507685,-4.047491154866595
2.804502661847769e-15,0.8359938803127029,0.1802725212079057,-4.745052632803676
2.804502661847769e-15,0.5265376191377964,0.2340330823932768,-4.422720919849982
2.449231293967717e-15,0.6687547457817828,0.2067430482474726,-4.190799253714919
5.396476916132113e-16,0.7473020585603365,0.1936658808245014,-4.050797369868859
4.286253891507e-16,0.8897140832935913,0.1727774002116636,-3.785924856784447
2.269969926313108e-14,0.9410056430551208,0.1660096750926511,-15.87925468931007
2.731941657024047e-16,0.9604932236393147,0.1635313208936699,-4.345249807214785
5.840566125974614e-16,0.8359938743366317,0.180272522066248,-4.685361716467931
5.840566125974614e-16,0.8359938743366317,0.180272522066248,-4.685361716467931
1.038263951005382e-15,0.9151198168419423,0.1693798100888093,-4.433397514975688
2.269969926313108e-14,0.94100566218804,0.1660096726349537,-4.57877915836275
1.417318643400957e-14,0.4956015123101025,0.2407195908044987,-5.150849751155458
2.731941657024047e-16,0.9604932236393147,0.1635313208936699,-4.345249807214785
4.286253891507e-16,0.8897140832935913,0.1727774002116636,-3.785924856784447
4.580859501297232e-15,0.5873791369741621,0.2217171917589043,-4.030024518410209
6.728744545674702e-16,0.932616634216064,0.1670919580795082,-10.27007038668348
5.396476916132113e-16,0.8188722759123692,0.1827550461597116,-3.925926740630508
4.162828811893032e-17,0.8291707268272699,0.1812562158387159,-4.094049008570662
9.555848176237971e-17,1.011845756388146,0.1572305293507685,-4.047491154866595
1.028145822447522e-15,0.4956015760490899,0.2407195767083526,-10.05276114153164
5.396476916132113e-16,0.8188723148466952,0.1827550404608411,-4.197831861297327
3.975272492142624e-14,1.011847436534415,0.1572303284645573,-4.107181234526142
2.804502661847769e-15,0.6690913595568517,0.2066842899662857,-10.35323134017731
3.17603086687411e-16,0.9604771399069989,0.1635333460327984,-3.778060377641685
1.20578150638828e-15,1.313600325829777,0.1258719150088221,-4.147126294678236
4.286253891507e-16,0.8897140832935913,0.1727774002116636,-3.785924856784447
1.20578150638828e-15,0.8382202739463906,0.1799531349730775,-9.331853212193062
1.417318643400957e-14,0.4956021307351897,0.2407194540372364,-9.842564755389358
2.804502661847769e-15,0.8404074056103568,0.179640139333907,-4.329555523349607
3.17603086687411e-16,0.9604771399069989,0.1635333460327984,-3.778060377641685
2.160913378423069,0.4635949763345337,0.2479743157510824,-9.017111903080936
5.396476916132113e-16,0.8188722759123692,0.1827550461597116,-3.925926740630508
4.286253891507e-16,0.8383658012761543,0.1799322855673031,-4.023993429473109
4.286253891507e-16,0.8383658012761543,0.1799322855673031,-4.023993429473109
1.310429860337431e-16,0.5870240183202107,0.2217861126294025,-8.89207210472143
1.417318643400957e-14,0.5001053982830399,0.2397269074011654,-12.54388157063979
3.17603086687411e-16,0.9809952042475718,0.1609766148894657,-4.390213138882599
3.17603086687411e-16,0.9604771399069989,0.1635333460327984,-3.778060377641685
4.162828811893032e-17,0.8897124031479091,0.1727776279327289,-3.72623477712492
2.269969926313108e-14,0.9410056621880578,0.1660096726349514,-4.519088239039008
2.731941657024047e-16,0.9604932236393147,0.1635313208936699,-4.345249807214785
9.555848176237971e-17,1.011845756388146,0.1572305293507685,-4.047491154866595
1.20578150638828e-15,1.313600325829777,0.1258719150088221,-4.147126294678236
1.417318643400957e-14,1.047245265829664,0.1530711905149661,-4.503810546386765
4.162828811893032e-17,0.8897124031479091,0.1727776279327289,-3.72623477712492
6.722605837085583e-15,1.047245265323555,0.1530711905734038,-4.444119627063023
9.555848176237971e-17,0.9138009335637296,0.1695539633021562,-4.340277635436941
4.730343101349462e-16,0.8404090864626266,0.1796398990790751,-4.389245603009133
5.24143268477775e-17,0.8383497176402042,0.1799345896737333,-3.45680399990001
5.396476916132113e-16,1.057958309342292,0.1518406547948927,-3.70775007650341
5.396476916132113e-16,0.7473020585603365,0.1936658808245014,-4.050797369868859
5.396476916132113e-16,0.9327208754065452,0.1670784520009242,-4.359145375294642
5.24143268477775e-17,0.8383497176402042,0.1799345896737333,-3.45680399990001
9.555848176237971e-17,0.9138009335637296,0.1695539633021562,-4.340277635436941
1.98970269017575,0.3789284126568404,0.2690886452070356,-11.52592326846112
4.162828811893032e-17,0.8897124031479091,0.1727776279327289,-3.72623477712492
2.269969926313108e-14,0.94100566218804,0.1660096726349537,-4.57877915836275
4.730343101349462e-16,0.913801576321573,0.1695538783699982,-4.399967715096468
5.396476916132113e-16,1.057958309342292,0.1518406547948927,-3.70775007650341
1.417318643400957e-14,1.003408318695396,0.1582435988135406,-8.38805859317816
2.449231293967717e-15,0.6687547457817828,0.2067430482474726,-4.190799253714919
2.093959926088373e-15,0.8288843317518513,0.181297667324519,-11.82259430193218
5.114956077737342e-17,0.9345671618153757,0.1668394781609907,-3.823023709307587
4.162828811893032e-17,0.8897124031479091,0.1727776279327289,-3.72623477712492
1.417318643400957e-14,1.000825745468545,0.1585553920748747,-4.172214506396205
5.396476916132113e-16,0.8188723148466952,0.1827550404608411,-4.197831861297327
9.555848176237971e-17,0.7473020585306971,0.1936658808292082,-3.991107290209332
3.975272492142624e-14,1.011847436534415,0.1572303284645573,-4.107181234526142
9.682324783204268e-17,0.9327191901079868,0.1670786703461424,-4.299455295635115
9.555848176237971e-17,1.011845756388146,0.1572305293507685,-4.047491154866595
1.038263951005382e-15,0.9151197830029645,0.1693798145540264,-15.91039956270744
2.744589317728e-16,0.7473020546100173,0.193665881451822,-8.667122219244661
5.114956077737342e-17,0.9345671618153757,0.1668394781609907,-3.823023709307587
9.555848176237971e-17,1.011845756388146,0.1572305293507685,-4.047491154866595
3.17603086687411e-16,0.9604771399069989,0.1635333460327984,-3.778060377641685
2.269969926313108e-14,0.9410056296338301,0.1660096768166678,-4.247183118372189
2.804502661847769e-15,0.4829388280594227,0.2435470776477331,-4.185074954096128
4.286253891507e-16,0.8897140832935913,0.1727774002116636,-3.785924856784447
4.286253891507e-16,0.8897140832935913,0.1727774002116636,-3.785924856784447
6.728744545674702e-16,0.9021994736784471,0.1710963176659106,-10.00361006354957
4.730343101349462e-16,0.8404090864626266,0.1796398990790751,-4.389245603009133
2.287852447174094e-16,0.5873984144084652,0.2217134513711355,-4.597213947983304
5.24143268477775e-17,0.8291713674201073,0.1812561231369774,-4.153739607597973
1.20578150638828e-15,0.8381233493626326,0.1799670230077846,-16.19180443316552
1.417318643400957e-14,1.047244880769764,0.1530712349758224,-15.49028368126842
2.204797287881423,0.4856428753722,0.2429386913919846,-11.39437754897514
9.682324783204268e-17,0.9603635504698396,0.1635476492822954,-9.734187147782604
1.417318643400957e-14,0.4956015123101025,0.2407195908044987,-5.150849751155458
4.286253891507e-16,0.8383658012761543,0.1799322855673031,-4.023993429473109
2.449231293967717e-15,0.6687547457817828,0.2067430482474726,-4.190799253714919
1.417318643400957e-14,1.001565449680058,0.1584660055920496,-18.29417900263157
5.396476916132113e-16,0.7473020585603365,0.1936658808245014,-4.050797369868859
5.24143268477775e-17,0.8383497176402042,0.1799345896737333,-3.45680399990001
9.555848176237971e-17,1.011845756388146,0.1572305293507685,-4.047491154866595
2.804502661847769e-15,0.5265376191377964,0.2340330823932768,-4.422720919849982
5.24143268477775e-17,0.8291713674201073,0.1812561231369774,-4.153739607597973
6.728744545674702e-16,0.4956012235802127,0.2407196546583502,-4.583652505383985
2.804502661847769e-15,0.5265376191377964,0.2340330823932768,-4.422720919849982
4.162828811893032e-17,0.8291707268272699,0.1812562158387159,-4.094049008570662
2.804502661847769e-15,0.7713770008732244,0.1898957014831236,-4.522395293705481
2.804502661847769e-15,0.8404074056103568,0.179640139333907,-4.329555523349607
2.269969926313108e-14,0.94100566218804,0.1660096726349537,-4.57877915836275
1.898028601098515,0.3331540212212829,0.2819038808799119,-9.721228702703691
2.449231293967717e-15,0.6687547457817828,0.2067430482474726,-4.190799253714919
9.555848176237971e-17,0.9138009335637296,0.1695539633021562,-4.340277635436941
2.804502661847769e-15,0.8404074056103568,0.179640139333907,-4.329555523349607
1.038263951005382e-15,0.5253954758573176,0.2342745781506139,-4.752264383748574
5.840566125974614e-16,0.8359938743366317,0.180272522066248,-4.685361716467931
9.555848176237971e-17,0.9138009335637296,0.1695539633021562,-4.340277635436941
1.038263951005382e-15,0.9151198168419423,0.1693798100888093,-4.433397514975688
4.412236482712487,2.823468678466053,0.04644772758531707,-14.65548629442094
1.028145822447522e-15,0.5232470616381697,0.2347299275438756,-10.13630374757501
3.848112539204443,1.20875559033777,0.1357893571019876,-12.08303828509487
1.93841351157674,0.3535652672958989,0.2760509121357441,-12.779108713623
4.730343101349462e-16,0.8404090864626266,0.1796398990790751,-4.389245603009133
5.24143268477775e-17,0.8291713674201073,0.1812561231369774,-4.153739607597973
1.20578150638828e-15,1.313600325829777,0.1258719150088221,-4.147126294678236
2.804502661847769e-15,0.5265376191377964,0.2340330823932768,-4.422720919849982
2.269969926313108e-14,0.94100566218804,0.1660096726349537,-4.57877915836275
1.028145822447522e-15,0.9137609236718234,0.1695592502058075,-10.3136722146552
4.580859501297232e-15,0.5872497725783212,0.2217422947676537,-9.904586831535628
1.20578150638828e-15,0.8382202109203192,0.1799531440034158,-9.331366313025429
1.417318643400957e-14,1.047245265829664,0.1530711905149661,-4.503810546386765
4.162828811893032e-17,0.889611528007066,0.1727913009408338,-9.70454298658273
4.162828811893032e-17,0.8291707268272699,0.1812562158387159,-4.094049008570662
3.17603086687411e-16,0.9809952042475718,0.1609766148894657,-4.390213138882599
4.730343101349462e-16,0.913801576321573,0.1695538783699982,-4.399967715096468
4.286253891507e-16,0.8897140832935913,0.1727774002116636,-3.785924856784447
4.162828811893032e-17,0.8291707268272699,0.1812562158387159,-4.094049008570662
4.730343101349462e-16,0.913801576321573,0.1695538783699982,-4.399967715096468
4.162828811893032e-17,0.8291707268272699,0.1812562158387159,-4.094049008570662