dN/dS,LRT,p-value,Log(L)
1,0,1,0
3.561780191334803,1.096565134888341,0.1475105756596236,-11.75944681780554
1,0,1,0
1,0,1,0
1,0,1,0
1,0,1,0
1,0,1,0
1,0,1,0
1,0,1,0
1,0,1,0
4.936130869128893e-15,0.2797356885105451,0.2984372540972002,-11.63495680976881
2.804502661847769e-15,0.6219434006599407,0.2151630108664764,-10.83234946359767
8.48884454792928e-15,0.289136549868072,0.2953871907099064,-10.57966225413167
1,0,1,0
2.804502661847769e-15,0.4882137882406283,0.2423625881845235,-11.40359804184352
1,0,1,0
1,0,1,0
1,0,1,0
3.900347496276452,1.231576320004468,0.1335503501627512,-12.69706051125057
1.038263951005382e-15,0.5846290116077242,0.2222517973866723,-10.2502133158404
1,0,1,0
1,0,1,0
1,0,1,0
1,0,1,0
1,0,1,0
1,0,1,0
1,0,1,0
1,0,1,0
1,0,1,0
1,0,1,0
1,0,1,0
4.936130869128893e-15,0.7547628289576629,0.1924862339142354,-10.30213334089648
1,0,1,0
1,0,1,0
1,0,1,0
1,0,1,0
1,0,1,0
1,0,1,0
1,0,1,0
1,0,1,0
5.64667360488876e-15,0.2889659552115376,0.2954419668454989,-10.59707783682616
1,0,1,0
1,0,1,0
1,0,1,0
1,0,1,0
3.430270639436035,1.044519341464717,0.1533863585744268,-9.94680753541677
3.282934661090611,0.9823505611465038,0.1608095893678301,-9.205569659869077
1,0,1,0
1,0,1,0
1,0,1,0
2.804502661847769e-15,0.6479401645513398,0.2104250442768523,-10.13372200522626
4.936130869128893e-15,0.601720143129274,0.2189612326149336,-10.62012766032497
1,0,1,0
1,0,1,0
1,0,1,0
3.446579829289592,1.051125840630164,0.1526239690768525,-18.29229813810904
1,0,1,0
1,0,1,0
1,0,1,0
1,0,1,0
1,0,1,0
1,0,1,0
1,0,1,0
1,0,1,0
1,0,1,0
2.924433075795389,0.8269794018770646,0.1815737116162852,-8.990872459274751
1,0,1,0
4.936130869128893e-15,0.6219289981804685,0.215165680137596,-10.14153907906768
2.984816455153238,0.8538153912331232,0.1777376090715202,-9.793914831687291
2.728672843956127,0.737867470995468,0.1951724303655825,-16.43738016551546
1.038263951005382e-15,0.5846290116079835,0.2222517973866218,-11.50172962330041
1,0,1,0
5.76632937719392,1.844121528936032,0.0872343231043185,-10.53946686826259
1,0,1,0
1,0,1,0
1,0,1,0
1,0,1,0
3.103385893965571,0.9058067379831165,0.1706147340557194,-8.799372569626859
1,0,1,0
1,0,1,0
1,0,1,0
2.269969926313108e-14,0.2891364914420933,0.2953872094663023,-18.54370088214884
1,0,1,0
1,0,1,0
1,0,1,0
1,0,1,0
1,0,1,0
1,0,1,0
4.936130869128893e-15,0.6747362936278094,0.2057025884705913,-9.51753526380628
1.028145822447522e-15,0.5846290116077171,0.2222517973866737,-10.24437484300643
6.884495535261809,4.278463047311504,0.01929911767178089,-17.93735723461031
1,0,1,0
1,0,1,0
1,0,1,0
1,0,1,0
1,0,1,0
1,0,1,0
2.804502661847769e-15,0.5662747175843137,0.2258715267292364,-9.914591252376811
1,0,1,0
1,0,1,0
1,0,1,0
1,0,1,0
1,0,1,0
1,0,1,0
1,0,1,0
1,0,1,0
2.804502661847769e-15,0.7375758455663544,0.1952192647671045,-10.46376637500813
1,0,1,0
3.021310640406194,0.8706674057908863,0.1753853044117441,-9.78519659899532
1,0,1,0
1,0,1,0
1,0,1,0
1,0,1,0
1,0,1,0
1,0,1,0
1,0,1,0
1,0,1,0
4.936130869128893e-15,0.6017201430872383,0.2189612326229344,-9.516246281397901
3.507371626268628,1.077406647486818,0.1496392159545863,-13.39141031220685
1,0,1,0
1,0,1,0
4.936130869128893e-15,0.6673661143307896,0.2069857046794066,-10.27386820290646
1,0,1,0
1,0,1,0
2.801616595924796,0.7715933438549207,0.1898622948110057,-9.890223744542379
1,0,1,0
1,0,1,0
1,0,1,0
1,0,1,0
1,0,1,0
1,0,1,0
1.038263951005382e-15,0.7674836770813691,0.1904983122119794,-12.77641664809438
2.449231293967717e-15,0.5856964403814793,0.2220440602004197,-12.67773406432205
1,0,1,0
1,0,1,0
1.038263951005382e-15,0.4882136115991074,0.2423626276896654,-11.40000793569252
1,0,1,0
1,0,1,0
1,0,1,0
1,0,1,0
1,0,1,0
1,0,1,0
1,0,1,0
1,0,1,0
1,0,1,0
1.038263951005382e-15,0.601720144187265,0.2189612324135597,-9.38441278284516
1,0,1,0
1,0,1,0
1,0,1,0
1,0,1,0
1,0,1,0
1,0,1,0
8.289564365668129,4.92135094216669,0.01326338343074385,-16.09846663874916
3.014495681210396,0.8676341353605075,0.1758055568604929,-10.47854371843548
1,0,1,0
1,0,1,0
1,0,1,0
2.890873456988285,0.8119594348528345,0.1837707883327736,-10.02763038277774
1.038263951005382e-15,0.5022494558970365,0.2392566974380917,-10.35823967795409
3.623322868052984,1.121645146054142,0.1447822435611626,-12.57903283434798
1,0,1,0
1,0,1,0
1,0,1,0
1,0,1,0
1,0,1,0
1,0,1,0
1,0,1,0
1,0,1,0
1,0,1,0
1.038263951005382e-15,0.3010479871419349,0.2916130858744245,-10.76569260617546
1,0,1,0
1,0,1,0
1,0,1,0
1,0,1,0
1,0,1,0
1,0,1,0
1,0,1,0
1,0,1,0
1,0,1,0
7.090496187621078,2.192027914639198,0.06936328128017699,-11.76202130210882
4.936130869128893e-15,0.5931051760540811,0.2206104361337886,-9.935540250979601
1,0,1,0
3.433990509390514,1.045957224542374,0.1532200075681182,-10.35016843721456
1,0,1,0
1,0,1,0
1,0,1,0
1,0,1,0
6.138889290118641,3.888156197533263,0.02431389073074652,-16.22583504081276
1,0,1,0
1,0,1,0
2.982978724559966,0.8529964761170099,0.1778530145450907,-12.13374508757049
1,0,1,0
1,0,1,0
1,0,1,0
1,0,1,0
1,0,1,0
1,0,1,0
2.449231293967717e-15,0.6017201441872686,0.2189612324135591,-10.6360320193368
5.64667360488876e-15,0.5919411393891174,0.2208347361867283,-9.496587773914262
3.407637504344853,1.035651439235526,0.154417496645555,-10.17046560260393
1.028145822447522e-15,0.584628978517447,0.2222518038311797,-11.4861370106727
2.801137987380094,0.771482435448938,0.1898794197321622,-11.02492558647413
1,0,1,0
1,0,1,0
1,0,1,0
1,0,1,0
1,0,1,0
3.612204438516536,1.11784460788752,0.145191519726836,-10.01690690077373
1,0,1,0
1,0,1,0
1,0,1,0
1,0,1,0
1,0,1,0
1,0,1,0
9.13769496901304,5.2626998223048,0.0108935980138139,-13.68755290470313
1,0,1,0
1,0,1,0
1,0,1,0
1,0,1,0
1,0,1,0
1,0,1,0
1,0,1,0
7.483368490117401,4.556642009515556,0.01639565336689575,-18.25707079941392
1,0,1,0
1,0,1,0
1,0,1,0
1,0,1,0
1.038263951005382e-15,0.5856964409622272,0.2220440600874795,-11.94140060654268
1,0,1,0
1,0,1,0
3.452247786076677,1.054999378308786,0.1521792441229777,-11.54846462344048
4.936130869128893e-15,0.5930660526474014,0.2206179691887212,-9.228983836157278
1,0,1,0
1,0,1,0
1,0,1,0
8.783841573181249,7.669990086876865,0.002807338276634874,-20.62077241006486
1,0,1,0
1,0,1,0
3.340436533132671,1.007319372123082,0.1577729460486441,-9.773083512675154
1,0,1,0
1,0,1,0
1.038263951005382e-15,0.6017201441872686,0.2189612324135591,-9.939972557858404
1,0,1,0
1,0,1,0
15.42734648259847,17.83666542454645,1.203500455759787e-05,-30.98567705186366
1,0,1,0
1,0,1,0
1,0,1,0
1,0,1,0
1,0,1,0
1,0,1,0
1,0,1,0
4.936130869128893e-15,0.6017201425581504,0.218961232723639,-16.48564694850019
1,0,1,0
1,0,1,0
1,0,1,0
1,0,1,0
1,0,1,0
1,0,1,0
1.038263951005382e-15,0.2987436567306574,0.2923355545952128,-10.88507283846228
2.804502661847769e-15,0.5394563219428079,0.2313290658315702,-10.34639183541481
3.421688411959206,1.039848566746691,0.1539283469727795,-12.32097815556796
1,0,1,0
1,0,1,0
1,0,1,0
1,0,1,0
1,0,1,0
1,0,1,0
2.093959926088373e-15,0.6673661143307932,0.2069857046794061,-10.55654977886028
5.64667360488876e-15,0.5846290116079835,0.2222517973866218,-11.50166041901049
1,0,1,0
1,0,1,0
1,0,1,0
1,0,1,0
1,0,1,0
1,0,1,0
1,0,1,0
1,0,1,0
1,0,1,0
1,0,1,0
1,0,1,0
1,0,1,0
1,0,1,0
2.297418916167128,0.5325402682306404,0.2327704158431579,-9.075892831816782
2.820291773154003,0.7800332597695423,0.1885654840060019,-10.28813845757451
1,0,1,0
2.986106548836398,0.854398650387683,0.1776554759144701,-9.328672980177179
1,0,1,0
1,0,1,0
1,0,1,0
2.623466380955725,0.6892309986541072,0.203213034915636,-9.372511038607117
1,0,1,0
1,0,1,0
1,0,1,0
1.038263951005382e-15,0.5018337991364774,0.2393477365711196,-13.01332742001454
1,0,1,0
1,0,1,0
2.804502661847769e-15,0.5394418462077191,0.2313320677963088,-9.651963309912951
1,0,1,0
1,0,1,0
1,0,1,0
1,0,1,0
1,0,1,0
3.763768101268865,1.176989506285224,0.1389848627549215,-18.44689201543477
1,0,1,0
1,0,1,0
3.003251380303818,0.8618330410691613,0.1766131180384599,-10.96087152953345
1,0,1,0
1,0,1,0
1,0,1,0
1,0,1,0
3.448799542669779,1.051185627479104,0.15261709211468,-9.382016648825962
1,0,1,0
1,0,1,0
1.028145822447522e-15,0.7190250212101503,0.198231953114179,-10.04127094625597
1.038263951005382e-15,0.5389837215774946,0.2314271053103105,-11.10007763978929
1,0,1,0
1,0,1,0
1,0,1,0
1,0,1,0
1,0,1,0
1,0,1,0
1,0,1,0
1,0,1,0
3.34592244456469,1.009584178733263,0.1575012387882072,-10.74186025824289
1,0,1,0
1,0,1,0
1,0,1,0
1,0,1,0
1,0,1,0
1,0,1,0
1.985752832009056e-14,0.300999735684929,0.2916281770662765,-12.20353861015936
1,0,1,0
1,0,1,0
2.804502661847769e-15,0.7674836036490191,0.1904983236033499,-10.74662738817197
1,0,1,0
1,0,1,0
1,0,1,0
3.340435751439954,1.007319056875872,0.1577729839113087,-9.772900744564961
1,0,1,0
1,0,1,0
1,0,1,0
1,0,1,0
1,0,1,0
1,0,1,0
1,0,1,0
4.936130869128893e-15,0.6978542048360339,0.201752826621736,-10.9938054797162
1,0,1,0
1.038263951005382e-15,0.7676541988997485,0.1904718622011854,-23.38524550322851
1,0,1,0
1,0,1,0
5.64667360488876e-15,0.6673661133210729,0.2069857048560027,-19.58645872211316
1,0,1,0
1,0,1,0
1,0,1,0
1,0,1,0
1,0,1,0
1,0,1,0
1,0,1,0
1,0,1,0
1,0,1,0
1,0,1,0
4.936130869128893e-15,0.6017201430330452,0.2189612326332494,-9.969913023988626
1,0,1,0
1,0,1,0
1,0,1,0
1,0,1,0
1,0,1,0
1,0,1,0
1,0,1,0
1,0,1,0
5.707331821593186,1.825220615497145,0.08834655363828114,-11.56499410054672
4.936130869128893e-15,0.5931239756082185,0.2206068164958852,-10.62273897588249
1,0,1,0
2.804502661847769e-15,0.6479433588220012,0.2104244717642768,-10.19430130905225
2.804502661847769e-15,0.7676542050155675,0.1904718612526404,-11.46168327915222
1,0,1,0
1,0,1,0
1,0,1,0
1,0,1,0
1,0,1,0
1,0,1,0
1,0,1,0
1,0,1,0
1,0,1,0
1.028145822447522e-15,0.5856964409979675,0.2220440600805289,-10.68344525014686
1,0,1,0
1,0,1,0
1,0,1,0
2.804502661847769e-15,0.5394636504239791,0.2313275460814709,-11.04635458747968
2.804502661847769e-15,0.5930664208007279,0.2206178983004311,-9.236510555744506
1,0,1,0
2.804502661847769e-15,0.5394564466721086,0.2313290399655911,-10.35269691295697
1,0,1,0
1,0,1,0
1,0,1,0
1,0,1,0
1,0,1,0
1,0,1,0
1,0,1,0
1,0,1,0
1,0,1,0
1,0,1,0
5.64667360488876e-15,0.5856964398618132,0.2220440603014812,-16.36993899856434
1.028145822447522e-15,0.5930666200480701,0.2206178599351712,-9.237988862699442
1,0,1,0
1,0,1,0
1,0,1,0
1,0,1,0
1,0,1,0
1,0,1,0
1,0,1,0
1,0,1,0
1,0,1,0
1,0,1,0
4.400737120989357,1.413084333911414,0.1172725252137246,-11.48778259789579
1,0,1,0
1,0,1,0
1,0,1,0
1,0,1,0
1,0,1,0
1,0,1,0
5.64667360488876e-15,0.3592346406873723,0.274465802008956,-10.32307734729657
2.804502661847769e-15,0.6746980424020848,0.2057092175248633,-9.113702328136599
1,0,1,0
1,0,1,0
1,0,1,0
1,0,1,0
1,0,1,0
1,0,1,0
1,0,1,0
1,0,1,0
1,0,1,0
1,0,1,0
1,0,1,0
1,0,1,0
1,0,1,0
8.48884454792928e-15,0.4654325272052589,0.2475479792005122,-10.63617414921215
1,0,1,0
1,0,1,0
4.936130869128893e-15,0.6673661133778133,0.206985704846079,-9.842624287783977
3.105307316249889,0.9065647028317514,0.1705137751075945,-11.16005750989198
1,0,1,0
1,0,1,0
1,0,1,0
1,0,1,0
1,0,1,0
1,0,1,0
1,0,1,0
1,0,1,0
1,0,1,0
1,0,1,0
1,0,1,0
1,0,1,0
1,0,1,0
1,0,1,0
1,0,1,0
1,0,1,0
1,0,1,0
1,0,1,0
1,0,1,0
1,0,1,0
1,0,1,0
1,0,1,0
1,0,1,0
1,0,1,0
1,0,1,0
6.198157129061134,3.920323369621901,0.02385285157161787,-14.26688585597411
3.558577928094389,1.095314819043001,0.1476483048885203,-9.64630925633015
1,0,1,0
1,0,1,0
1,0,1,0
1,0,1,0
1,0,1,0
1,0,1,0
1,0,1,0
1,0,1,0
1,0,1,0
1,0,1,0
1,0,1,0
1,0,1,0
1,0,1,0
4.127718841247179,1.314871126658204,0.1257573008439902,-16.05388702708421
1,0,1,0
1,0,1,0
1,0,1,0
1,0,1,0
1,0,1,0
1,0,1,0
1,0,1,0
1,0,1,0
3.029787136136016,0.8743205063428121,0.1748809901333766,-10.88127571909933
1,0,1,0
2.845566817370278,0.7911132411668724,0.1868818590163352,-10.83789786048936
1,0,1,0
1,0,1,0
1,0,1,0
1,0,1,0
1,0,1,0
1,0,1,0
1,0,1,0
1,0,1,0
2.983500990883521,0.8532251743101646,0.1778207749620023,-10.48781340701509
1,0,1,0
1,0,1,0
1,0,1,0
1,0,1,0
1,0,1,0
1,0,1,0
1,0,1,0
1,0,1,0
1,0,1,0
1,0,1,0
1,0,1,0
1,0,1,0
1,0,1,0
5.64667360488876e-15,0.3592162949808575,0.2744709038407158,-10.02993222104855
1,0,1,0
1,0,1,0
1,0,1,0
1,0,1,0
1,0,1,0
1,0,1,0
1,0,1,0
1,0,1,0
1,0,1,0
1,0,1,0
1,0,1,0
1,0,1,0
1,0,1,0
4.936130869128893e-15,0.5394564470903234,0.2313290398788631,-10.35272595514415
1,0,1,0
1,0,1,0
1,0,1,0
1,0,1,0
1,0,1,0
1,0,1,0
5.957131169337929,3.78708307309433,0.02582479168766838,-14.75837693697828
1,0,1,0
1,0,1,0
1,0,1,0
1,0,1,0
3.875411127171591,1.222133083424012,0.1344712197413847,-10.81600497612617
1,0,1,0
3.347300647313241,1.010151117829672,0.1574333193190966,-10.04805239005753
3.325252315279146,1.000935954984378,0.1585420700739404,-11.42566755336621
1,0,1,0
1,0,1,0
1,0,1,0
1,0,1,0
1,0,1,0
1,0,1,0
1,0,1,0
1,0,1,0
1,0,1,0
1,0,1,0
1.038263951005382e-15,0.5662715705362942,0.2258721552299951,-9.855321467465695
1,0,1,0
1,0,1,0
1,0,1,0
1,0,1,0
1,0,1,0
1,0,1,0
3.734144260324561,1.16567395156039,0.140145956665413,-9.930037603200246
1,0,1,0
1,0,1,0