dN/dS,LRT,p-value,Log(L)
3.17603086687411e-16,6.295140593972617,0.006053470695694452,-4.058752806064704
0.4978229017176835,0.6206741224071379,0.2153984441037364,-17.34001692326929
1.028145822447522e-15,4.1349349307702,0.02100334119678798,-39.49109934372632
3.17603086687411e-16,3.913471085575356,0.02395028349491707,-4.830848710970208
0.5110164491092488,0.5696996465229667,0.2251891467888023,-12.15109022753297
2.287852447174094e-16,4.744443988888566,0.01469652528184995,-12.36150147207029
2.287852447174094e-16,2.340893083891181,0.0630086442247485,-12.00539761194472
1.954785539786585e-16,5.208213764991502,0.01124020969577838,-4.831789746245005
2.287852447174094e-16,3.319475375238085,0.03423183659232443,-4.689595758465541
1.024234765683083,0.001134354266369542,0.4865660935678278,-19.90067633480537
3.17603086687411e-16,2.231963676855623,0.06759097295388816,-5.959299546057244
1.354918236258154,0.2501244865901455,0.3084937181478429,-29.5117718705838
5.840566125974614e-16,2.232038341041431,0.06758770728348984,-12.82236937655474
1.384098506102536,0.2843801918346358,0.2969222753192248,-28.42559420084374
2.170761388448622,1.880890491942694,0.08511648605145716,-35.76603918067983
1.2696439802481,0.1577214608837068,0.3456315175097706,-37.62428633901499
1.028145822447522e-15,3.207096334440116,0.03665974643848702,-18.43624776886529
1.261354462180567,0.1492530173473128,0.3496251130362545,-25.61307229325806
0.8895620512271096,0.0284337775764314,0.43304652246027,-28.7742741984316
1,0,1,0
1.97786026575685,2.24271931557351,0.06712235501559932,-40.99375998831687
0.3971052136220088,1.185954283713759,0.1380735734309202,-12.45222241659359
0.6980143802901015,0.2916298578165382,0.2945889836655369,-27.92188240745084
0.7949880011327703,0.1134189584732965,0.3681423883787226,-18.45825810892046
0.6497849511003417,0.4302907259076605,0.2559231639973874,-19.9204301532692
2.451610005151819,3.639701723754001,0.02820852041441696,-50.11071795105459
5.840566125974614e-16,5.615490931489742,0.008901196642781828,-11.61908897879347
3.17603086687411e-16,4.905540468448123,0.01338533641304523,-11.8406624217575
2.804502661847769e-15,2.641856013221698,0.05204094271694498,-20.98447839526545
3.17603086687411e-16,5.252578357022173,0.01095713797458592,-12.29367862350417
6.728744545674702e-16,4.481119169497397,0.01713563597395551,-21.23955903775248
1.028145822447522e-15,6.351028729704311,0.005865662532124172,-27.8546308863121
9.682324783204268e-17,5.107601548237088,0.01191061478820382,-11.51295053918571
1,0,1,0
3.17603086687411e-16,5.615490931489749,0.008901196642781772,-11.61859669009141
1.028145822447522e-15,5.148349692160423,0.01163423869962726,-35.30546751122864
0.4018005703050017,1.152332576031192,0.1415306958489247,-16.14174542954213
9.682324783204268e-17,5.033820095185234,0.01242850678624136,-10.70356180646693
5.840566125974614e-16,6.112537876594342,0.006711312825384119,-11.19882183630964
1.028145822447522e-15,4.905540468051591,0.01338533641611844,-27.77381272004984
0.6752490820225213,0.3519029360442758,0.2765189479248454,-17.85351610872057
3.17603086687411e-16,5.148349705857537,0.01163423860785212,-10.94409545179605
5.840566125974614e-16,4.760555021061176,0.01455957842652111,-15.48906899007404
9.682324783204268e-17,4.905540444688253,0.0133853365971886,-11.31525377417601
1,0,1,0
0.4075452714320228,1.109589647221753,0.1460855837823754,-32.20454038734093
0.3970757879172214,1.186178055670421,0.1380509228014931,-13.14661590251164
3.17603086687411e-16,5.743804286283755,0.008273457714703669,-11.70181682219977
0.6230061758823897,0.2632063649659173,0.3039629235307864,-14.13230531636734
0.4315672698142864,0.9511602567641368,0.1647120698748896,-12.21698242348537
3.17603086687411e-16,5.47078532698302,0.00966846727002818,-11.40887966882361
6.728744545674702e-16,5.14834974350417,0.01163423835560728,-29.867808188884
1,0,1,0
5.840566125974614e-16,5.03381104978406,0.01242857169153067,-10.62869591818481
3.17603086687411e-16,5.615490984396136,0.008901196374058118,-11.41475724715592
1,0,1,0
9.682324783204268e-17,5.4705708050694,0.009669654100000202,-28.49966211917427
2.804502661847769e-15,2.641831276962847,0.05204175291551649,-19.9840570636788
1.028145822447522e-15,5.148349743496908,0.01163423835565597,-20.81985809626034
1.028145822447522e-15,3.207162404760378,0.03665826593665655,-11.33846939376448
2.984987596350225,7.677591502354716,0.002795537043023433,-64.22906703334971
9.682324783204268e-17,4.323404567806648,0.01879581943320563,-24.17837360008773
9.682324783204268e-17,3.745792824424846,0.02647030319776389,-21.32332881487959
2.411033599368965,3.522857558933509,0.0302640024742481,-47.54957027642276
0.3147559674566117,2.038051907518792,0.07670300007476355,-20.07134365391366
1.503247606996494,0.5807415865930494,0.2230108947213018,-37.89907179411858
1,0,1,0
9.682324783204268e-17,5.252553540845689,0.01095729423500275,-18.5319156157766
1.927328239850095,1.744327347932384,0.09329572799823266,-41.16190332753265
3.17603086687411e-16,6.164248100785816,0.006517888520018111,-11.84061470828141
9.682324783204268e-17,4.979322948376417,0.01282601018060764,-11.43666252803401
9.682324783204268e-17,5.107222034933322,0.01191322061928207,-22.85811055580957
2.380800932668437,2.29070797649311,0.06507527201602825,-51.9951322413436
0.8646681399554678,0.04425257072935551,0.4166922036387561,-39.99450657193552
0.8889266279055063,0.02878888391240508,0.4326337043684614,-23.50331308784924
1,0,1,0
5.840566125974614e-16,6.119563104266632,0.006684691984652269,-21.19760198363981
0.7639941386376939,0.1582987210028719,0.3453638485816963,-30.99969171433609
5.840566125974614e-16,5.033887278381897,0.01242802472412746,-4.467061276785877
1,0,1,0
5.840566125974614e-16,4.905540444692488,0.01338533659715579,-11.46514168813952
1,0,1,0
1,0,1,0
1,0,1,0
9.682324783204268e-17,5.615490984396139,0.008901196374058062,-18.3123162597425
1,0,1,0
2.287852447174094e-16,2.771650788330476,0.04797358243343897,-13.03541888859071
5.840566125974614e-16,6.110058450179594,0.006720734173727982,-11.48122627379453
1,0,1,0
1,0,1,0
0.6221675376182971,0.2648413539274799,0.3034067095781255,-27.35600980627548
6.728744545674702e-16,5.252565940051319,0.0109572161604371,-11.67048597386827
1,0,1,0
1.266440036842676,0.2059217068864427,0.3249914412272749,-42.98318057861708
0.4566427727106446,0.8106626982067979,0.1839621981708224,-12.81245452656898
1,0,1,0
0.3953450317395626,1.19908757692869,0.1367520593020147,-39.34877233673142
0.4199426449076438,1.024182785944749,0.1557644455792074,-15.79083589313256
0.4198986602964381,1.024452437583999,0.1557326008123547,-11.98086024260544
1,0,1,0
1,0,1,0
1.028145822447522e-15,4.511258243551268,0.01683623081092434,-20.39262015039571
1,0,1,0
0.3889467606832386,1.250667823406658,0.1317124825115277,-20.25827362651203
0.3656826071035945,1.45358163988179,0.113977058272942,-18.1927751236343
2.804502661847769e-15,3.995343903134085,0.02281307027868179,-51.72266048777826
0.6496852676770164,0.4306246826899596,0.2558412925621795,-19.06172538636979
1.643172352704414,0.8377659492861653,0.180018246558652,-32.43353130175817
2.287852447174094e-16,5.615490984229787,0.008901196374903053,-20.35023356882304
1.319150683283065,0.2096682167622035,0.323513788331893,-23.68186560709821
1,0,1,0
0.3970301601296595,1.186531953202671,0.1380151101432887,-12.39555615744125
1,0,1,0
1,0,1,0
1,0,1,0
6.728744545674702e-16,3.928784324524457,0.02373312272016825,-10.59905807441847
0.3483654591629669,1.628254702716433,0.100972308891053,-13.68175703077764
0.3889352340662,1.250765591580905,0.1317031519363259,-15.32013294697366
0.4022281496984234,1.149173618862406,0.1418611035012184,-27.71257127985255
0.6967496132108606,0.2947750079707134,0.2935883583602098,-20.11122168592815
1,0,1,0
5.840566125974614e-16,5.615490984396132,0.008901196374058118,-16.32949655262981
1,0,1,0
1,0,1,0
0.3348255212932397,1.780929598090381,0.09101760931876074,-32.46506617125538
1,0,1,0
1.028145822447522e-15,2.641831005869349,0.05204176179484848,-19.30164941086938
0.3888448817145032,1.251458687146588,0.1316370293957091,-15.74854449224613
1,0,1,0
1.611005919105619,0.5838463841847101,0.2224042991185536,-37.33314210779918
6.728744545674702e-16,4.323404632556553,0.0187958187180659,-19.08054824528083
4.004733053112191e-17,6.351272166860991,0.005864857698818005,-5.548021738915166
1,0,1,0
9.682324783204268e-17,2.647744651062851,0.05184846178267666,-23.45698339344443
0.3654263253841042,1.455868684557686,0.1137943009543567,-37.99599925561062
1,0,1,0
0.3972008882338688,1.185214135688014,0.138148525931048,-20.656129535588
1.593527615697717,0.7446412068080051,0.1940890891485941,-29.78073500739463
3.17603086687411e-16,5.470722201126904,0.009668816494509958,-10.30979722841296
1.303627032779691,0.2570377726490847,0.3060812938256866,-41.57504836689055
1,0,1,0
1,0,1,0
1,0,1,0
0.4080126626583239,1.106264382931514,0.146447716388965,-29.0906892451096
4.730343101349462e-16,6.110578816767472,0.006718755752726402,-15.70812895560994
1,0,1,0
9.682324783204268e-17,4.905540508323035,0.01338533610400733,-19.70287563110725
5.840566125974614e-16,3.207159411978346,0.03665833299744276,-11.91455228202551
0.3948545052681209,1.203177866323152,0.1363437245812113,-11.31242611131455
5.840566125974614e-16,6.109821597247731,0.006721634881153959,-28.8109820459239
1,0,1,0
9.555848176237971e-17,6.163986911751909,0.006518850970613832,-9.711743612716292
2.804502661847769e-15,4.321694735914015,0.0188147138625181,-21.04892513451446
2.53333903598052,4.522209138527131,0.01672880168433821,-64.90192432297373
1,0,1,0
1.012099099697751,0.0004294276840894895,0.4917334555927552,-26.26252715718224
1,0,1,0
2.453045146697636,4.249620157821397,0.01962955522663629,-53.53112651575398
0.4632319894665653,0.7770847596627277,0.1890171047113168,-43.36834039806229
1.208889362991445,0.1010420079095198,0.3752913745695867,-27.43992919818769
0.7949134815429095,0.1135007462755411,0.3680966258499455,-31.91720629420332
1,0,1,0
9.682324783204268e-17,4.379017180930362,0.01819198550734485,-17.12656428689511
1,0,1,0
1,0,1,0
0.3487123046060743,1.62454697879766,0.1012294700756424,-18.55074075998196
1.028145822447522e-15,2.771304761679403,0.04798395330291683,-18.57378600919328
1,0,1,0
1,0,1,0
6.728744545674702e-16,2.771163804354163,0.04798817867754601,-11.37579978785629
9.555848176237971e-17,4.905540508330741,0.0133853361039476,-12.31859076150537
0.3916911869490604,1.229031063167177,0.1337977780246015,-19.82983728723623
1.562973879061238,0.3446374213159444,0.2785822837646721,-31.27884936682306
0.3971921883074949,1.185207166172816,0.1381492319553401,-25.79679049603518
0.4575840162825197,0.8057782452435305,0.1846856824584922,-14.01742706201347
0.4199260476119755,1.024239751221117,0.1557577175037599,-18.98217243897472
0.5108827784559015,0.5700630216419214,0.2251169371970317,-20.07434873173969
0.836887408066101,0.0672285919336133,0.3977077647646379,-33.69813723326671
3.17603086687411e-16,5.606010971566057,0.008949482236632389,-12.97009320977291
2.804502661847769e-15,2.77019323687017,0.04801728367404146,-16.81987720114233
0.3971837617884716,1.185320267363458,0.1381377751639232,-20.25271287617685
0.3881989612970392,1.256713286944787,0.1311370693400544,-25.7206126911048
0.4076297227190835,1.108987924145097,0.1461510286261962,-41.7465137885048
1,0,1,0
3.17603086687411e-16,4.97932180056679,0.01282601869039479,-10.84109298349849
1,0,1,0
0.3972170682502487,1.185099642210702,0.1381601248989039,-13.74886918674443
1,0,1,0
0.6229385287451233,0.2633166604155051,0.3039253330854419,-19.11213448215441
1,0,1,0
0.3480835801990925,1.631282319208921,0.1007628887851581,-12.74237413245398
5.840566125974614e-16,4.760473358305461,0.01456026921430298,-21.49939813893844
2.804502661847769e-15,2.765833721840721,0.04814825247178411,-16.34636065741171
5.840566125974614e-16,3.928784324616718,0.02373312271886618,-11.08199708755403
9.682324783204268e-17,4.631788407792868,0.01569241636484581,-11.86536669736635
1,0,1,0
6.728744545674702e-16,6.347714845620082,0.005876629927697774,-28.60769935337841
9.682324783204268e-17,5.14834974350417,0.01163423835560728,-17.48418188866997
1.179978295714043,0.07760169619359658,0.3902871082479227,-45.63036771221307
9.682324783204268e-17,5.107445210882588,0.01191168816706301,-24.27908867291675
1,0,1,0
0.3151575089752849,2.032510282231009,0.07698305920067094,-28.47381287016893
5.840566125974614e-16,4.905540468242357,0.01338533641463996,-22.16749655479345
9.555848176237971e-17,5.743770482320855,0.008273616935915773,-11.00560186415711
0.4199367798060743,1.024072651416176,0.1557774544619377,-30.37690791024071
5.840566125974614e-16,5.743737257902374,0.00827377343047464,-17.94015837336378
3.17603086687411e-16,3.207096382691933,0.03665974535723826,-10.81536033979586
1.297438815337483,0.1861543384200388,0.3330683948996876,-27.17410349279013
0.4572345327584424,0.807580922077836,0.1844182098653776,-15.63116154236847
0.7557982021111688,0.08608587416740932,0.3846067057152824,-46.45567504956689
1,0,1,0
6.728744545674702e-16,5.615490984361735,0.008901196374232812,-18.55346531852843
0.6247544753954212,0.2598111493380841,0.3051249637152422,-20.10242107631706
0.3576939560499735,1.532275366918125,0.1078856368886079,-13.94954839407856
1.892077017950129,1.325454479724428,0.1248077416457509,-42.07773872931379
1,0,1,0
1,0,1,0
0.86434838206242,0.04448836621488539,0.41647381299972,-26.28315527974889
2.287852447174094e-16,4.905540444699156,0.01338533659710411,-10.91079126688824
2.804502661847769e-15,5.148349706397369,0.01163423860423507,-32.11093434486045
3.17603086687411e-16,4.323404570161067,0.01879581940720193,-11.00507167315999
6.728744545674702e-16,4.905540508074203,0.01338533610593579,-20.0777182208214
1,0,1,0
0.3468767102880789,1.644256068752071,0.09987125870385066,-19.69797693827471
0.3242712712498151,1.911188217054161,0.08341566469071537,-26.25393792922889
1,0,1,0
1.028145822447522e-15,3.207127913616812,0.03665903880520233,-11.22166052938451
1.094333559016583,0.02359654084173712,0.4389579729619085,-24.57299832006524
0.4041026776538031,1.138827635440975,0.1429500952220232,-28.20220930055215
0.8651511274639779,0.04392269172456054,0.4169987552748154,-40.20130946108884
6.728744545674702e-16,4.979322155631316,0.01282601605796846,-22.96887506577484
0.3970132561453301,1.186646420827103,0.1380035290921591,-19.10761785697744
1.028145822447522e-15,4.631704900671537,0.0156931801305939,-23.31759122883475
3.17603086687411e-16,6.108979980219644,0.006724836397731637,-12.17444219723146
0.9278476202232006,0.01147737709456464,0.4573419237320957,-20.79562557360675
1,0,1,0
3.667921502585431,10.26764218873296,0.0006769185495902885,-75.40578412082746
6.728744545674702e-16,5.396039847511965,0.01009124806752321,-19.16926026712762
1.94768866775636,1.793991513580153,0.09022029614770588,-47.01106472741532
1,0,1,0
8.218636197213904,48.6380039742042,1.539213201340317e-12,-112.6612417816659
1.028145822447522e-15,4.631692228312168,0.01569329603684061,-16.22952534874301
1.028145822447522e-15,4.979322948376605,0.01282601018060625,-25.94705023093344
1,0,1,0
1,0,1,0
1.826090611507956,1.491659510275284,0.1109795779757627,-33.57993615677891
1,0,1,0
3.17603086687411e-16,4.63205747901274,0.01568995567221909,-11.34543862512103
1,0,1,0
1,0,1,0
1,0,1,0
1,0,1,0
1,0,1,0
1,0,1,0
1.028145822447522e-15,4.97932214647669,0.01282601612584028,-24.89353207715693
4.730343101349462e-16,6.108740497484366,0.006725747678152594,-13.9323591582137
5.840566125974614e-16,5.743769796472066,0.008273620166388551,-11.00366727332312
0.3379119885309856,1.744118395941864,0.09330892187461215,-12.87542804426119
3.17603086687411e-16,4.509406775665262,0.01685446496995019,-13.91001088114852
9.682324783204268e-17,2.771754408297813,0.04797047728307829,-13.7287816702969
9.682324783204268e-17,4.631653106823677,0.01569365386257415,-22.16577090283486
0.3971046530497429,1.185961935143116,0.1380727988613397,-12.6108985977889
0.3242649167178973,1.911308152334485,0.08340900971903364,-12.23177564549792
1.227182155157033,0.1171663066621846,0.3660642073890665,-28.64124512131102
1,0,1,0
1,0,1,0
2.804502661847769e-15,2.641420379586251,0.05205521325548218,-18.84702558011015
9.682324783204268e-17,4.631763610371518,0.01569264316086949,-10.76586889985206
5.840566125974614e-16,5.615490984396118,0.008901196374058173,-22.97384737682517
1,0,1,0
5.840566125974614e-16,5.976271259478299,0.007249812813689027,-12.2275401190164
1,0,1,0
1,0,1,0
9.682324783204268e-17,4.37902832329825,0.01819186658149757,-16.85766230705459
1,0,1,0
1.306015974475476,0.2603234492322812,0.3049490139754346,-31.47773919629284
1.749383595423931,0.781221304391579,0.1883839408195885,-36.55465665751122
0.3242802653786945,1.911093595090737,0.08342091550546848,-13.17277043571569
0.315008517218885,2.034566101840426,0.07687902844534578,-33.51151755498623
0.4199431785362464,1.023957267079837,0.155791084960877,-21.97660570203375
0.6491650518867876,0.4323383991042178,0.2554218783150859,-27.91863638988722
1,0,1,0
0.6756220442540228,0.3508408794149958,0.2768187571167078,-19.28681485792347
1,0,1,0
9.555848176237971e-17,5.733759289153255,0.00832091031949922,-10.60509754724864
1,0,1,0
1,0,1,0
5.840566125974614e-16,5.615490931798718,0.008901196641212472,-20.22705418695208
0.8049902599837017,0.1011268620366224,0.3752407617303732,-31.42702306444293
0.431989080468581,0.9485912295856309,0.1650390735739427,-16.15144815950256
5.840566125974614e-16,6.348859807271538,0.005872838265365332,-20.35468260754367
1.263270390159453,0.1511358324452985,0.3487261353884226,-25.37065206434661
9.682324783204268e-17,5.252565946295483,0.01095721612111938,-11.59981017590019
2.409101650360995,3.513490381813909,0.03043554393134074,-51.11905595457637
1.393306215876866,0.2956248721891725,0.293319161637914,-29.12323684644106
3.319585696628016,8.97552833525063,0.001368097259763612,-68.76700863862456
1,0,1,0
1,0,1,0
1,0,1,0
5.840566125974614e-16,4.979321682080624,0.01282601956884394,-12.12246843555159
9.682324783204268e-17,5.033811062729537,0.01242857159864014,-10.62921197597566
5.840566125974614e-16,6.108620696940971,0.006726203591190083,-11.48012569490178
5.840566125974614e-16,6.164122731559456,0.00651835047250926,-10.30423652239705
2.287852447174094e-16,4.631738857482972,0.0156928695530083,-24.71329144762255
9.555848176237971e-17,4.979322948376449,0.01282601018060742,-11.47886208605236
0.396797521165239,1.188324116838096,0.13783393132192,-11.19557016749351
0.6968538620656101,0.2945129151876387,0.2936714783057279,-21.85483236912984
0.4198789757723645,1.02458156383231,0.1557173545292835,-12.1712701147748
3.17603086687411e-16,4.979321682000453,0.01282601956943835,-12.81733501737425
5.840566125974614e-16,4.379132039009548,0.01819075963152844,-18.39287755389731
1,0,1,0
1,0,1,0
0.388145454257438,1.257136430885936,0.1310969109977287,-18.61868747515502
1,0,1,0
1.028145822447522e-15,5.972961918105391,0.00726343024461662,-16.41579286533727
1.028145822447522e-15,4.632189516632515,0.01568874831758088,-18.00147412487044
0.4075487368952624,1.109565264039343,0.1460882350279863,-13.25997247444167
5.840566125974614e-16,3.928784324616696,0.02373312271886652,-11.0817783142835
3.17603086687411e-16,6.351030147215784,0.005865657845327998,-12.00180259730156
1.431085009390828,0.4562366259815605,0.249694031639873,-34.77796747266316
9.682324783204268e-17,5.252525297684038,0.01095747207698022,-17.43722099267378
3.17603086687411e-16,4.979322948376701,0.01282601018060553,-13.11435855964564
0.3488810597309856,1.622795839926397,0.1013511939779685,-11.19306533426294
1,0,1,0
0.7781563315606188,0.1366757586047171,0.3558041907231749,-30.78330565141074
5.840566125974614e-16,4.760442259891384,0.01456053228572535,-28.62107750928349
9.555848176237971e-17,3.206766910990741,0.03666712910715003,-4.69871215428317
1.55023751777973,0.6651938462714355,0.207366143191729,-52.70107857818557
0.4077436245089199,1.108176640143157,0.1462393251177321,-16.15336912425706
3.17603086687411e-16,2.637326428694188,0.05218953298058299,-12.34397243380378
3.17603086687411e-16,4.752569748919601,0.01462728786979445,-9.313383613308389
1.177629422548942e-16,2.767131303623922,0.04810922981657856,-6.306913522383368
3.17603086687411e-16,5.605911541505272,0.008949990107976813,-11.6168235409974
9.682324783204268e-17,4.897170343199843,0.01345037013528932,-10.90980605298467
5.840566125974614e-16,6.149772990565673,0.006571448509003763,-21.36943486615016
3.17603086687411e-16,7.455639636715226,0.003161900166917364,-4.058752806064704
4.0479524494288e-15,4.630183680643,0.01570710017328891,-56.0396789562849
5.840566125974614e-16,5.025045086497695,0.01249163757957106,-15.99277989149806
0.3888749616659372,1.251247363652805,0.1316571856613047,-11.7591886680518
9.555848176237971e-17,4.970831239318228,0.01288912792947317,-5.600312592400795
5.840566125974614e-16,5.461321862304526,0.009720966801779252,-9.994703598226385
0.8434009729443001,0.06122488210282029,0.4022851672925326,-17.95445821482622
4.730343101349462e-16,3.191191912594578,0.03701800611456513,-4.695000291994663
3.17603086687411e-16,4.88106754377486,0.01357641038732094,-5.221174827873574
0.3504806221225978,1.605795790414394,0.1025418964243321,-12.42495413413364
5.840566125974614e-16,5.353839097527038,0.01033834768021802,-5.351968962833893
0.8036445218972066,0.1026172624438288,0.3743555699821325,-22.87087770122307
0.5419728441867914,0.4643732936613318,0.2477935848635314,-22.80242011209055
2.804502661847769e-15,5.353719242103011,0.01033905831941889,-33.77299644969384
9.555848176237971e-17,4.733554950519125,0.01478984350113433,-4.941417082248893
2.731941657024047e-16,4.813690470387492,0.01411725857564783,-10.66679014128239
1.028145822447522e-15,4.733554967800174,0.01478984335254824,-43.40433811665118
9.555848176237971e-17,5.353839096684606,0.01033834768521275,-5.205695090020615
9.682324783204268e-17,3.691297177626769,0.02734853093464695,-11.30471826306336
4.004733053112191e-17,4.995492487289678,0.01270671023551423,-3.733463695083066
3.17603086687411e-16,4.61178031131301,0.01587652583614846,-4.076851111855127
6.728744545674702e-16,4.243454946554333,0.01970095336984234,-10.4870896537801
1.028145822447522e-15,5.352311970531236,0.010347406006743,-11.54267899323147
2.804502661847769e-15,2.325869080777482,0.06361956950072978,-4.57447814105436
6.728744545674702e-16,4.611698886435178,0.01587727967456776,-17.02525932887125
2.509897052099161e-16,5.149118904950782,0.01162908590440398,-4.8023202133845
3.17603086687411e-16,6.295532132146795,0.006052133700671869,-4.058752806064704
2.613812250383696,4.105773557510659,0.02136851835310738,-51.08124475816056
9.555848176237971e-17,4.841884499532052,0.01388826254283571,-4.467534221479445
5.840566125974614e-16,5.353839089092592,0.01033834773022524,-11.1207000288573
2.804502661847769e-15,2.325869080777482,0.06361956950072978,-4.57447814105436
9.682324783204268e-17,3.311854567381705,0.03439091409112793,-9.478458675809614
9.682324783204268e-17,5.353839094997895,0.01033834769521313,-11.87294088038744
9.555848176237971e-17,3.691364166999312,0.02734743260619632,-5.06530919679796
3.17603086687411e-16,5.037912018701141,0.01239918123481265,-5.334708269894639
9.682324783204268e-17,4.305246846389867,0.01899749043420829,-10.193193281705
5.840566125974614e-16,2.703505703529116,0.05006393017088512,-4.581962561609666
5.840566125974614e-16,4.243521898282156,0.0197001765531562,-4.165831762807451
0.5488473088817643,0.4434135741569634,0.2527397267543693,-13.98238796255553
3.17603086687411e-16,4.611793766692426,0.01587640126870105,-11.73265379266716
5.840566125974614e-16,5.14924158241395,0.01162826433259878,-12.01390754460087
0.4035230483908483,1.138735160284241,0.1429598766379325,-31.91033083918152
2.509897052099161e-16,5.149118904950782,0.01162908590440398,-4.8023202133845
9.682324783204268e-17,2.703476366078267,0.05006485122332899,-11.82629517654308
9.555848176237971e-17,4.733554950553529,0.01478984350083851,-12.81479311637446
9.682324783204268e-17,4.733554950692124,0.01478984349964685,-20.66233228899527
3.17603086687411e-16,4.841851009758329,0.01388853224696618,-11.48148828774657
1.028145822447522e-15,3.803403245161149,0.02557426124229006,-25.12867376934633
1.001150407354856,2.63365714658903e-06,0.4993525749578162,-26.50960443601754
1.954785539786585e-16,5.196258279208372,0.01131778116897159,-4.829875613833818
6.728744545674702e-16,4.135192388934584,0.02100014651229087,-22.39143328486662
5.840566125974614e-16,2.703505703529116,0.05006393017088512,-4.581962561609666
9.555848176237971e-17,4.733554950519125,0.01478984350113433,-4.941417082248893
0.4225798685583345,1.008206783766045,0.1576664108744319,-11.97296528692624
0.5122269093137374,0.5651822038637064,0.2260898784691052,-19.28743604447946
0.4141810402002707,1.063489852398398,0.151210289036711,-18.58294216732259
5.840566125974614e-16,2.703505703529116,0.05006393017088512,-4.581962561609666
5.840566125974614e-16,3.904461708646554,0.02407902637418818,-11.0674410873476
0.4709051910426126,0.7389863822100438,0.1949928848275114,-11.22952131628656
0.3757596860964983,1.362362002243295,0.1215642725940945,-24.22994005536662
9.682324783204268e-17,4.013351266415413,0.02257066964184357,-16.72617799716068
9.682324783204268e-17,2.226843187938083,0.06781535528738919,-12.22396146689007
5.840566125974614e-16,4.243521898282156,0.0197001765531562,-4.165831762807451
0.415536987533938,1.051276069264389,0.1526066898411327,-20.08054265981202
5.840566125974614e-16,2.33643776414794,0.06318912891628259,-6.015529802451812
0.546740232994974,0.4494115475833738,0.2513072667975137,-17.21937588278918
0.3988346981998755,1.173941999112451,0.1392963719539066,-17.60597246676669
3.17603086687411e-16,3.759500774982413,0.02625412676818645,-3.735482351259281
9.555848176237971e-17,3.873511738490912,0.02452689099738542,-5.122769762642236
9.682324783204268e-17,3.974927326974097,0.0230912230654024,-17.42937410822492
3.17603086687411e-16,4.320001104899472,0.01883344888395511,-4.984464411300801
5.840566125974614e-16,3.759406961476579,0.02625559985391213,-17.48051634225464
3.17603086687411e-16,3.457728003705771,0.03147838278433568,-5.01266985843148
5.840566125974614e-16,4.032963649237542,0.02230974667827867,-4.92412307397488
1.028145822447522e-15,2.531992000856107,0.05577965102449278,-15.08064603961252
3.17603086687411e-16,3.657413667276098,0.0279101100110774,-4.625026785817997
4.730343101349462e-16,4.319834014547428,0.01883529830389469,-9.865075176500119
9.555848176237971e-17,3.759469230682384,0.02625462207578533,-10.95081781845475
3.17603086687411e-16,4.319960236494651,0.01883390121351647,-4.037184809931277
3.17603086687411e-16,3.457728003705771,0.03147838278433568,-5.01266985843148
0.6762928793508968,0.1747129539725663,0.3379783889596426,-27.71988947605504
5.840566125974614e-16,4.319865524309868,0.01883494952723141,-10.15295623468863
6.728744545674702e-16,4.065199735209013,0.02188775384881403,-17.21690564556926
3.17603086687411e-16,4.319960236494651,0.01883390121351647,-4.037184809931277
6.728744545674702e-16,5.01408650910161,0.01257094560447297,-22.90320650399947
0.442277962369078,0.8884626463262215,0.1729471282340911,-14.03638874262404
1.092438997124378,0.01515564374398792,0.4510106851535473,-31.59549858024562
5.840566125974614e-16,2.532332274723995,0.0557676253099183,-10.78245696708237
5.840566125974614e-16,4.535096537997532,0.01660329190385751,-22.01334001397746
0.5626131665132673,0.4039064987383263,0.2625393216015717,-14.34981280660938
6.728744545674702e-16,4.319811456679858,0.01883554799758125,-30.32098242592961
3.17603086687411e-16,3.759406146148329,0.02625561265680615,-9.852134366204695
9.555848176237971e-17,3.102283803999876,0.03909127217300656,-4.492888624525245
2.287852447174094e-16,4.06519973511611,0.02188775385001801,-12.3350667242763
0.4628379561635573,0.7785606553035365,0.188790852183282,-18.4517224401091
2.731941657024047e-16,4.535500876258098,0.01659937002332151,-4.561165287382969
2.287852447174094e-16,3.87351173849088,0.02452689099738592,-10.60496055501444
3.17603086687411e-16,3.759406038457684,0.02625561434784573,-9.850996779055475
0.4274045523656104,0.9769257058144873,0.1614794901631781,-12.12083169296808
9.555848176237971e-17,4.535494581475456,0.01659943107217526,-4.419011624220341
0.5619220459251021,0.405816636124591,0.2620502446159947,-26.94746553272137
2.804502661847769e-15,2.178642069603505,0.0699689420591007,-4.57447814105436
5.840566125974614e-16,2.956500405711184,0.04276644121916406,-4.962477768528187
3.17603086687411e-16,3.102283804016235,0.03909127217261382,-4.635042287687873
1.028145822447522e-15,3.974759922700109,0.02309351847536317,-22.16624652900929
4.0479524494288e-15,4.433984631461641,0.01761508462572769,-32.46852336780066
3.17603086687411e-16,4.320001104899472,0.01883344888395511,-4.984464411300801
9.682324783204268e-17,3.560815074177604,0.02957934181326743,-13.53569400078361
9.555848176237971e-17,3.562669325250047,0.02954632045718619,-5.508184174584367
3.17603086687411e-16,4.065199735209006,0.02188775384881408,-5.003072666471885
3.17603086687411e-16,4.433984650387611,0.01761508443042259,-5.424472221314232
0.9540384867476565,0.00224484350346188,0.4811052722801382,-21.68074355802291
3.17603086687411e-16,4.319652492837267,0.01883730767127706,-15.16290418813552
5.840566125974614e-16,3.974960959393094,0.02309076193420367,-10.49874993034284
5.840566125974614e-16,2.532414381916411,0.05576472396390586,-4.542296259685815
6.728744545674702e-16,4.032441946895752,0.02231664612815493,-26.86252489366969
4.730343101349462e-16,3.873511702988932,0.02452689151613507,-10.70364859539997
3.17603086687411e-16,3.657413667276098,0.0279101100110774,-4.625026785817997
9.555848176237971e-17,4.535158419174778,0.01660269162441785,-15.39647471521509
1.028145822447522e-15,2.085483699967714,0.07435255680104863,-11.22637353325059
9.555848176237971e-17,3.873511738490885,0.02452689099738581,-4.98061295267704
0.4409321023633769,0.8961356885453604,0.1719099963670355,-14.0012909451296
5.840566125974614e-16,2.956927743165103,0.0427551379501947,-10.79023994664316
3.17603086687411e-16,4.319802412012894,0.01883564811423477,-9.64219108887932
3.17603086687411e-16,5.897131870189986,0.007582780493963548,-4.058752806064704
0.5029376238241157,0.600487362891883,0.2191960677524561,-13.05106147716261
3.17603086687411e-16,3.759500774982413,0.02625412676818645,-3.735482351259281
1.028145822447522e-15,2.104563073065151,0.07343014355773347,-36.98581014275222
3.17603086687411e-16,3.457721707680689,0.03147850265582225,-4.870516195268852
3.17603086687411e-16,4.319960236494651,0.01883390121351647,-4.037184809931277
0.5317845381898615,0.4965030930622305,0.2405203379091106,-11.08343611825024
3.17603086687411e-16,3.873511702973493,0.02452689151636067,-4.586898309551286
1.028145822447522e-15,3.759098528373187,0.02626044357279872,-27.01683946020682
5.840566125974614e-16,3.759446259934073,0.02625498276797023,-17.34327749733467
5.840566125974614e-16,2.532288209349058,0.05576918247587997,-10.3694277053005
1.028145822447522e-15,2.085895657641593,0.07433250256769425,-21.89068858958878
5.840566125974614e-16,4.718955634561713,0.01491592814449799,-11.94403497055715
3.17603086687411e-16,4.319897122410548,0.01883459977956131,-10.55891319764375
9.555848176237971e-17,3.975021664160753,0.02308992964093282,-4.117309165548345
3.17603086687411e-16,4.433984650387595,0.01761508443042276,-5.282315411349035
5.840566125974614e-16,4.31996953992148,0.01883379824262998,-11.66616327465985
9.555848176237971e-17,4.535494581475456,0.01659943107217526,-4.419011624220341
3.17603086687411e-16,5.897131870189986,0.007582780493963548,-4.058752806064704
9.555848176237971e-17,5.015027909994368,0.01256411213711578,-5.285375352449838
9.555848176237971e-17,3.975021664160753,0.02308992964093282,-4.117309165548345
6.771941737530898e-17,5.015027854981778,0.01256411253633,-10.07451700723658
2.287852447174094e-16,4.147332554165278,0.02085008280375628,-10.92528570075492
3.17603086687411e-16,3.457728003705771,0.03147838278433568,-5.01266985843148
0.5319145997281389,0.4960841189001286,0.2406128991562782,-13.96574381073936
3.659764554900657e-17,4.679410590723141,0.01526311026080929,-3.720313661236691
2.804502661847769e-15,3.102283803592286,0.03909127218279274,-28.197928011049
9.555848176237971e-17,4.032969951901874,0.02230966334004125,-5.066276737137507
1.065617857066667,0.007882822096021869,0.4646262867881343,-17.32264092431397
2.731941657024047e-16,4.147369780522988,0.02084962438819871,-5.010662071281609
3.17603086687411e-16,4.535467390221257,0.01659969478451517,-11.49397412795214
9.555848176237971e-17,3.975021664160753,0.02308992964093282,-4.117309165548345
5.840566125974614e-16,4.433984650295592,0.01761508443137222,-20.78457357605713
9.682324783204268e-17,4.147334891048345,0.02085005402642709,-10.98631542484712
0.8579917940858967,0.0492554761683266,0.4121819508282393,-22.2755068510078
0.4147880319000806,1.059642400485288,0.1516483796627746,-18.05458550913214
0.6763747547250928,0.1745966851686376,0.3380292432012864,-26.6667106256191
3.17603086687411e-16,3.657415995373867,0.0279100710082012,-4.767182431734311
9.682324783204268e-17,4.521016577527099,0.01674046597245821,-12.67646455369266
9.555848176237971e-17,3.975021664160753,0.02308992964093282,-4.117309165548345
5.840566125974614e-16,4.823629244176981,0.01403608928744254,-10.8660545929133
6.728744545674702e-16,3.873511738490883,0.02452689099738581,-11.2987732477078
9.555848176237971e-17,3.102283803999876,0.03909127217300656,-4.492888624525245
1.328861211760716,0.220375535323754,0.3193769641024748,-41.09431483348296
1.494610484877896,0.4244822033790854,0.2573544715022155,-45.58472021183594
2.228746773736479,2.49156366252268,0.05722897848788572,-33.55824074972643
1.482133229762119,0.4079174073242058,0.2615142221298256,-43.91743716825536
3.17603086687411e-16,3.102283804016235,0.03909127217261382,-4.635042287687873
9.682324783204268e-17,4.527499762679135,0.01667715704904937,-10.83728217330408
3.17603086687411e-16,4.535461119818876,0.0165997555981634,-11.43334670355574
5.840566125974614e-16,4.319865496166592,0.01883494983874195,-10.15265908074466
5.840566125974614e-16,4.433984620874224,0.0176150847349838,-11.41093708759274
2.449231293967717e-15,2.019098566004203,0.0776656651024325,-17.23063426069739
2.014471770899889,1.567586283438487,0.1052789452189579,-32.49765033932417
0.5048458659292585,0.5930024614807579,0.2206302142572383,-25.00667032666347
6.728744545674702e-16,3.358731253914584,0.03342477664375654,-25.33486023151572
1.028145822447522e-15,3.457378009548918,0.03148504714275036,-16.62832943057645
9.682324783204268e-17,2.532363648967898,0.05576651664762938,-11.07105185740978
3.17603086687411e-16,3.657415995373867,0.0279100710082012,-4.767182431734311
2.287852447174094e-16,3.759510017524853,0.0262539816439516,-11.3625362619836
0.4146241695253119,1.060757789425697,0.1515212072267312,-12.52223896951413
1.990179969452202,1.520349156017126,0.1087833316223942,-27.81005510323591
0.4626510520462651,0.7795318477691495,0.1886421778342052,-18.74526689812798
4.936130869128893e-15,2.085944401172512,0.07433013012107526,-19.0791533586299
2.287852447174094e-16,3.759224955719951,0.02625845800835369,-14.86126471488925
5.840566125974614e-16,2.956500405711184,0.04276644121916406,-4.962477768528187
0.7993383883892156,0.1080056228121649,0.3712131154823632,-24.40916148533546
3.17603086687411e-16,3.102283804016235,0.03909127217261382,-4.635042287687873
3.17603086687411e-16,3.759500774982413,0.02625412676818645,-3.735482351259281
9.555848176237971e-17,4.535494581475456,0.01659943107217526,-4.419011624220341
2.804502661847769e-15,2.178642069603505,0.0699689420591007,-4.57447814105436
1.645184369557993,0.6319067084784606,0.2133283910983562,-30.95419981556944
0.9613266898028311,0.00157354702465895,0.4841789230204742,-14.4202102400279
2.804502661847769e-15,2.178642069603505,0.0699689420591007,-4.57447814105436
3.17603086687411e-16,3.657413667276098,0.0279101100110774,-4.625026785817997
9.682324783204268e-17,3.413639689591383,0.03232984198953071,-5.498349221619137
3.17603086687411e-16,3.457721707680689,0.03147850265582225,-4.870516195268852
0.4510867547156969,0.8400068964813627,0.1796973992416344,-13.13942997968111
2.579275324747759,4.004097522383944,0.02269489540228886,-41.47812426450182
5.840566125974614e-16,2.956500405711184,0.04276644121916406,-4.962477768528187
0.4839137760379212,0.6801071662940146,0.2047749121444528,-27.45739928373585
9.682324783204268e-17,3.457688240340531,0.03147913985646544,-11.88518243216142
2.804502661847769e-15,2.188343877344149,0.06952938177667678,-12.6410511238296
5.840566125974614e-16,3.562669067119355,0.02954632505136806,-10.91112148990175
2.731941657024047e-16,4.147369780522988,0.02084962438819871,-5.010662071281609
0.9860943202124349,0.0003939390759697403,0.4920823539492302,-19.09384640562191
0.4510377638667935,0.8402700763585322,0.1796597701652957,-14.04097302879739
5.840566125974614e-16,2.187107771160854,0.06958521346915275,-11.95124682585499
5.840566125974614e-16,2.188550981239342,0.06952003235048893,-5.915465072501241
6.728744545674702e-16,5.014305416414665,0.01256935624962702,-25.94755553639633
9.555848176237971e-17,3.457727969135082,0.03147838344253379,-5.0116664764757
0.5475374356167091,0.447012890199133,0.2518784546039703,-12.00031427775881
3.17603086687411e-16,5.889538869274469,0.007615544107960726,-4.058752806064704
2.804502661847769e-15,2.173043382863879,0.07022402100017788,-4.57447814105436
5.840566125974614e-16,4.422586864014075,0.01773311477434431,-12.34510237168645
5.840566125974614e-16,4.136711816076106,0.02098130300980489,-5.15081239684298
9.682324783204268e-17,2.522611708340762,0.05611228926055201,-11.06298620542138
0.5340039540663769,0.4890767795559157,0.2421697106154301,-56.83384589850066
5.840566125974614e-16,4.995739655868784,0.01270489557847532,-5.281584705437631
5.840566125974614e-16,3.959735981016397,0.02330050595223926,-4.256465592063
9.555848176237971e-17,3.638689421815586,0.02822567760483008,-4.620684081754487
0.427390684059929,0.972964635854396,0.1619709593263072,-26.50124165533659
9.682324783204268e-17,4.126152080983761,0.02111263017815684,-5.148826665183651
0.504042607093638,0.5961637632564276,0.220022739496061,-11.65711585821304
5.840566125974614e-16,3.638652249674287,0.02822630783462599,-17.95675679286679
9.682324783204268e-17,4.126152063511045,0.02111263039617128,-5.148826660445751
3.17603086687411e-16,3.638689392396342,0.02822567810360854,-4.620684076601823