dN/dS,LRT,p-value,Log(L)
2.744589317728e-16,1.662831657009892,0.0986107162976923,-4.136142147462507
2.744589317728e-16,1.075788244265643,0.1498208344323202,-4.050534617672853
5.396476916132113e-16,1.048924484821237,0.1528774588934187,-4.260481871606891
4.162828811893032e-17,1.062562752990628,0.1513157037328816,-4.19353703965069
1.902148585687354,0.3358506143417657,0.2811170873446625,-11.9079066621603
2.269969926313108e-14,1.195307371823716,0.1371308023918809,-4.575529197017056
1.038263951005382e-15,0.6970154594176989,0.2018941820193476,-10.51773767317453
3.975272492142624e-14,1.315742863294457,0.125678752590454,-4.167726261310627
3.17603086687411e-16,0.9510989000847836,0.1647198697367298,-4.091368398500418
1.892888902110931,0.3312556377980158,0.282460328421033,-16.82647260525333
9.682324783204268e-17,0.6538013856101053,0.2093784274177286,-4.681557712823214
6.771941737530898e-17,1.169682674105855,0.1397332260406812,-4.383183861061958
2.287852447174094e-16,0.6538017689141213,0.2093783592263848,-10.90525296929806
1.74729499473179,0.2596889987109421,0.3051669486925563,-12.51983504344304
3.17603086687411e-16,1.0914574312499,0.1480742573886396,-15.82826035042423
1.685950159832619,0.2300423495969284,0.3157462143569366,-25.93589947379608
1,0,1,0
1.911660352900734,1.360743867775611,0.1217043022426365,-37.58015050886089
1.455789188426964,0.3735360977126518,0.2705415365281783,-30.06387545028635
9.682324783204268e-17,4.296736257661507,0.01909279362989003,-19.61333910022819
9.682324783204268e-17,4.890626075096549,0.01350144620731986,-12.02202331768739
0.895457380435013,0.02520204379833046,0.4369323244930767,-31.63932465230301
0.3945285091854012,1.205750973246612,0.1360876332180597,-11.82601147142005
1,0,1,0
1.97421793885136,1.85802404452879,0.08642651361759207,-44.98603936902547
0.484635155704104,0.6760470362211173,0.2054756227446548,-11.12848219487408
1,0,1,0
0.9782612160450885,0.0009695873549233625,0.4875796635425292,-31.36965121521713
2.804502661847769e-15,2.560080240602971,0.05479651045258033,-27.42254485152345
1,0,1,0
0.4836054768249475,0.6811033164042115,0.204603529946129,-20.83779528758815
1,0,1,0
9.682324783204268e-17,4.695926956605533,0.01511709316881571,-12.0228332424555
1,0,1,0
5.840566125974614e-16,4.668883590227015,0.01535694338277371,-11.06279935843626
0.443143713002772,0.8830954447156643,0.1736776307655439,-18.96023218127642
1,0,1,0
5.840566125974614e-16,4.495951401026201,0.01698760152949619,-9.473306264663853
5.840566125974614e-16,4.893706574588158,0.01347737874775728,-11.6034424232317
0.4880180307428115,0.6613758090398107,0.2080373254095664,-24.63847912568864
0.3867469200742851,1.263547690764938,0.1304903139847035,-25.54248721421276
2.287852447174094e-16,4.51124928535318,0.01683631898599058,-11.96950692489226
0.4757520291488402,0.7155642394700408,0.19880139244747,-11.08925733891451
1,0,1,0
0.4824438947091479,0.6856519324124974,0.2038236345235453,-19.59658830653131
0.4879005224758111,0.6618783575294813,0.2079487973547554,-27.60874906607943
0.8905905765866489,0.02780596720832307,0.433782903541362,-17.82066044818087
9.682324783204268e-17,5.06759043744362,0.01218862315477071,-15.58119571896864
1,0,1,0
0.4816954400425479,0.6891154131681638,0.2032327122887935,-10.40702497648951
1,0,1,0
0.8877793207182638,0.02939883780690877,0.4319306889805053,-23.72269796820618
1,0,1,0
5.840566125974614e-16,4.495582805862014,0.01699126408638579,-8.74448057793108
9.682324783204268e-17,4.668883775906224,0.0153569417224162,-28.62052020860437
9.682324783204268e-17,4.097070273289035,0.0214787951468563,-12.83826464698507
1.028145822447522e-15,4.773230480019492,0.01445276899782022,-22.1855330052714
2.804502661847769e-15,2.556893951698015,0.05490707230203967,-17.44237701171002
0.4434131422874278,0.88157781478602,0.1738849463296911,-17.29270599961634
5.840566125974614e-16,3.083127678942958,0.03955413165915894,-15.13679670305646
1.984123883428983,1.882985317107227,0.08499761731622785,-47.92961211291441
5.840566125974614e-16,3.86923414857824,0.02458947868417555,-12.44287793128224
1.849447501739136,0.9295939434245355,0.1674842304545872,-30.68453402261089
6.728744545674702e-16,4.097070053400856,0.02147879794054347,-12.75693432631823
1.167663860778209,0.06823946926305524,0.3969587851914779,-23.64984116025214
2.075445556867261,2.109675329019282,0.07318518461623474,-53.88589634701879
9.682324783204268e-17,5.178118976832401,0.01143653651228932,-19.32188845531346
0.4383240947687737,0.9109298129881331,0.1699339161765837,-13.98744192375989
2.806733646078337,5.405369466691056,0.01003744943489865,-51.20411067951144
0.7811402185572931,0.1322598281544529,0.358050191406376,-27.48086277563764
5.840566125974614e-16,4.296736257763769,0.01909279362874189,-16.68871229638011
0.4261096708447011,0.9849512925555288,0.1604897306640779,-20.51376769355768
1,0,1,0
3.17603086687411e-16,4.150307083397454,0.02081348699799318,-11.39331797780622
0.4856849980026143,0.6720080911474469,0.2061761850133794,-18.87566211773768
1,0,1,0
2.804502661847769e-15,4.891115439155442,0.01349761989904164,-24.04423119342139
3.17603086687411e-16,4.77357241311147,0.01444989903500293,-11.51647476362283
5.840566125974614e-16,4.49626364074922,0.01698449959561515,-11.42129615270213
1,0,1,0
5.840566125974614e-16,4.097070051342801,0.02147879796669117,-11.37682947976053
1,0,1,0
1,0,1,0
1,0,1,0
0.4293673448711391,0.9646352626753405,0.1630108916216796,-14.14685541482587
1,0,1,0
2.287852447174094e-16,2.721052670052071,0.04951634211341926,-10.16977330230839
1,0,1,0
1,0,1,0
5.840566125974614e-16,4.29673625777626,0.01909279362860167,-10.71930217006797
1.028145822447522e-15,3.083807058807682,0.03953761559218438,-10.95139883825467
1,0,1,0
6.728744545674702e-16,5.068027460294733,0.01218555050281722,-11.1447272744998
0.3877140208466986,1.260016812936492,0.1308239541065957,-12.81208338658119
0.9439244551806962,0.006772213562427964,0.4672066774669149,-19.99831240661044
1,0,1,0
0.4448019923902873,0.8731548092903481,0.1750417011188155,-16.84147321133895
1,0,1,0
1,0,1,0
1,0,1,0
1,0,1,0
1,0,1,0
1,0,1,0
0.4455866293673154,0.8693635805229469,0.1755657783776815,-13.37621241753491
3.17603086687411e-16,4.772940414151403,0.01445520408637291,-14.92360372331502
1,0,1,0
5.840566125974614e-16,5.138816106184638,0.01169829904388803,-9.624363442310148
0.4760900772427716,0.7140143789100541,0.1990571740190282,-10.62591054936724
1,0,1,0
2.699905624859825,3.615196315432499,0.02862698204430963,-35.86881250008398
1,0,1,0
0.8910442314264156,0.02755719360288111,0.4340770604600681,-19.4247731481611
2.804502661847769e-15,4.568562620009224,0.01628193862431304,-29.20781814365454
1,0,1,0
2.804502661847769e-15,4.296736257537368,0.0190927936312838,-21.04411255017387
1,0,1,0
6.728744545674702e-16,5.067937946216468,0.01218617979942543,-10.45165102685801
5.840566125974614e-16,4.511249285056884,0.01683631898890708,-22.65192930957922
1,0,1,0
1,0,1,0
0.5387138557181802,0.473845002857594,0.2456117926543788,-14.18238359662252
1.725639089662396,0.9966067382309802,0.1590664866740553,-39.40723842374243
9.682324783204268e-17,3.869234138529762,0.02458947883139811,-11.89264241252219
1,0,1,0
0.4072792610431824,1.110813242401591,0.1459526180321436,-19.11554693417131
5.840566125974614e-16,3.270149172127859,0.03527560405618491,-11.23261934175808
1,0,1,0
1.809705254756403,1.160846719130561,0.1406450038027595,-34.23293461800693
1,0,1,0
5.840566125974614e-16,3.268223863780651,0.03531702936106795,-11.66308394733563
1.028145822447522e-15,3.868549827462999,0.02459950698818292,-33.71672152317567
9.682324783204268e-17,5.153693903934204,0.01159848779313111,-19.997273739649
1,0,1,0
1,0,1,0
9.682324783204268e-17,4.773474717002209,0.01445071897171357,-23.97365440206822
1.028145822447522e-15,4.264849266483637,0.01945435054682193,-17.30258469953423
5.840566125974614e-16,4.496226048110806,0.01698487302693413,-10.87653582869548
1,0,1,0
1,0,1,0
0.389053818415823,1.249069626501868,0.1318651240244458,-12.91387419203863
1,0,1,0
0.4443125555967738,0.8759781705362606,0.1746527986836278,-15.38779223126046
1,0,1,0
0.4881340717013508,0.6608683782361808,0.208126770238211,-28.00346966722283
1,0,1,0
5.840566125974614e-16,4.511249400682015,0.01683631785081197,-12.66246371987256
1,0,1,0
9.682324783204268e-17,3.083518038883405,0.03954464090418008,-15.94417615009527
1,0,1,0
5.840566125974614e-16,4.890624324043703,0.01350145990072205,-10.49899907583304
1.028145822447522e-15,4.09707005140779,0.02147879796586544,-17.39984551805161
5.840566125974614e-16,5.138997381547171,0.01169707757034832,-17.02160293735573
1.028145822447522e-15,3.868899070008567,0.02459438851447171,-19.16826259822178
3.977162968844518,11.30706632716158,0.0003860633592570606,-78.95620417889856
9.682324783204268e-17,4.568785364351353,0.01627982164450764,-12.07287531779216
1,0,1,0
0.8149360053470717,0.08945892545958856,0.3824330749876085,-19.53107330657496
3.118037203138718,6.383045310851088,0.00576077877114306,-45.90915718509352
5.840566125974614e-16,3.866919326083149,0.02462341839001675,-12.63820289774078
1.354195928968063,0.2487501718375427,0.308978248977967,-36.40269652127985
3.687830184485308,9.15212930942306,0.001242144043957727,-57.30132515720669
5.840566125974614e-16,5.139164319826317,0.01169595282022423,-11.19368857876019
5.840566125974614e-16,4.264750447730027,0.01945548211465259,-10.06383697384722
9.682324783204268e-17,4.264486751616932,0.01945850202143817,-9.508321499207451
0.3890063802320588,1.249447650907985,0.1318289996225292,-13.12045805933729
0.8626913736253329,0.04567372809578529,0.4153849970438703,-26.97600406802351
2.449231293967717e-15,2.723143784089118,0.04945152199593805,-17.44633483114104
1,0,1,0
1,0,1,0
1.028145822447522e-15,2.723882706558733,0.04942863910895334,-18.3658815102843
1,0,1,0
0.4263326818208262,0.9829157906038688,0.1607400015733833,-58.15328355713885
1.616380931390444,0.3942089813261305,0.2650476191541865,-16.85285208777434
0.4755456413368687,0.7164726169988711,0.1986516989407692,-17.29077852794043
0.9517986131537438,0.004949324368176633,0.4719569724483221,-19.15150515953158
1,0,1,0
3.17603086687411e-16,3.714953935064209,0.02696355638116854,-9.212802114982193
1,0,1,0
1,0,1,0
2.449231293967717e-15,2.721353533477526,0.04950701027430882,-18.22461374618198
0.8913086063404279,0.0274128600842829,0.4342483501684353,-21.07301733307414
0.4427096492263092,0.8855609563524176,0.1733415441975413,-12.64191314534156
0.9785805526787872,0.0009408803359747253,0.4877648538082508,-42.79893764797384
1,0,1,0
1,0,1,0
1,0,1,0
0.8914099343938171,0.02735705168052505,0.4343147057008314,-26.62481301422502
0.4188280605566311,1.031457559667643,0.1549082872987338,-11.98969407256535
2.372480445604032,2.835341891385582,0.04610558705651135,-41.00013823759268
0.4697637737671403,0.7447210511697655,0.1940763707129354,-14.11343207916252
0.7957279535888254,0.1124592810338001,0.3686807322780227,-21.68695296085198
1,0,1,0
2.449231293967717e-15,2.714817911969753,0.04971015754283697,-17.0688246341648
1,0,1,0
1,0,1,0
1,0,1,0
6.728744545674702e-16,5.155481177714698,0.01158655698796768,-30.90762760698705
0.8885444233133485,0.02896611349143541,0.4324286512674264,-30.82625768596969
1.722206901589689,0.9894778515697311,0.1599350128364643,-54.38246106168813
9.682324783204268e-17,4.695432601186543,0.01512144243738428,-15.84775776637423
1.028145822447522e-15,4.296734437687974,0.01909281406380653,-24.04652410309601
1.963365790828111,1.831470175743434,0.08797699719528823,-48.3669375617465
9.682324783204268e-17,4.097070142385082,0.02147879680999565,-11.21019885780825
3.214772516228141,7.614530588768844,0.002894991444109984,-56.42321372530424
1.359627230546515,0.2552669779892369,0.3066953061269442,-27.04100428710828
1.193043066230816,0.08783321439235436,0.3834750307630481,-29.86005196835098
5.840566125974614e-16,3.083784872266563,0.03953815484083573,-11.25755040252552
0.4820135256492671,0.6875766674964225,0.2034949355240847,-19.89624392618999
4.037046308752454,12.78114307618263,0.0001750654572243993,-63.21092612187368
1.028145822447522e-15,2.553453036999443,0.05502674498436527,-17.03209101021199
0.5393882413252485,0.4717147322525541,0.2460996837551954,-13.42832460214602
0.8656146375522092,0.04359694479811793,0.4173026485520117,-19.34687040619282
1,0,1,0
0.4292882324702649,0.9651213035376713,0.1629499665657283,-44.68631316390173
1.213136195561161,0.06980863623272882,0.395807804690973,-19.46420974832053
1,0,1,0
0.4320582037686012,0.9475613058547765,0.165170411871515,-18.60024078921612
0.4818789731800289,0.6872252149132549,0.2035548973068305,-20.08306190034916
0.4879601237885481,0.6616259145414318,0.2079932602827715,-18.07685128393821
3.17603086687411e-16,4.511249400779747,0.01683631784984996,-11.8815361918721
6.728744545674702e-16,3.869234099169088,0.02458947940808037,-11.29755930866955
3.17603086687411e-16,4.097070272978165,0.02147879515080592,-12.05067511995161
0.4758493480853032,0.7151117505986839,0.1988760199079344,-11.54688069090219
0.4302019071732491,0.9589697726743402,0.1637232897138681,-11.33846417111027
0.3890621321048425,1.249002846393925,0.1318715068782208,-12.7662602883635
2.287852447174094e-16,3.083784821816465,0.03953815606704525,-11.25695685303051
1,0,1,0
2.804502661847769e-15,4.097070273354561,0.02147879514602385,-16.8496677535245
9.682324783204268e-17,4.511249205691648,0.01683631977009697,-9.969911222056169
0.4819479548584407,0.6878553215141778,0.2034474123773404,-17.99168251818941
5.840566125974614e-16,4.296734417607837,0.01909281428925819,-10.99415398131385
0.8858930854847437,0.0304680565267148,0.4307162213030606,-23.55651015226155
0.9655686067230652,0.00247355155440232,0.4801668572881312,-27.20191000892915
0.8210542008004055,0.08283079241961389,0.3867486203967755,-51.81966088984746
1.566963027771457,0.5220319459808564,0.234988098242514,-33.71479223934928
1,0,1,0
9.682324783204268e-17,4.296736251919775,0.01909279369435579,-18.43242835630734
1.028145822447522e-15,4.878084788771275,0.01359989158056252,-37.86164494770616
1.767485883234244,1.078105517179637,0.1495608758244826,-32.51519990758167
0.4075799262661635,1.10858024184018,0.1461953904139771,-24.22682414659479
1.596649705298879,0.7501805735016234,0.1932095331033019,-32.52852377126863
0.9630494412337619,0.002859935964842464,0.4786753824596324,-27.36238285945954
0.4760950994450269,0.7149162359683956,0.1989082780051425,-20.50328197817239
1,0,1,0
1.028145822447522e-15,4.604266698085027,0.01594624503288922,-24.86831728375737
1,0,1,0
1,0,1,0
1.028145822447522e-15,4.149599130982793,0.02082219085363202,-25.48426151653612
1,0,1,0
1,0,1,0
1,0,1,0
0.3856522861952838,1.276115364660058,0.1293112844696786,-11.69017700013937
3.17603086687411e-16,4.511249209379514,0.01683631973379746,-11.20544972859548
1,0,1,0
0.4655186046263818,0.7654428077716204,0.1908152794567873,-20.61824613439395
9.682324783204268e-17,4.893774220934716,0.01347685073826826,-17.17981451277373
3.17603086687411e-16,5.067860330745056,0.01218672547444533,-10.0920549068332
0.7760567653323551,0.139046131743271,0.3546155668630685,-31.05924766204259
0.9700748414752963,0.001859865521581128,0.4828004837316077,-20.10784689010572
5.840566125974614e-16,2.724263643665175,0.04941684679613795,-12.12538759818311
0.481545736346539,0.6893555883317433,0.2031918277821715,-19.97756400816821
1.341490790732087,0.2341883443244512,0.3142177378837577,-27.46915234409841
0.3893238584884257,1.246895137792649,0.1320731593877882,-15.03747223388659
0.9797210996559748,0.0008420494329257622,0.4884250822542505,-19.79425787326913
6.728744545674702e-16,5.155997350625121,0.01158311368488857,-10.18861660582381
5.840566125974614e-16,4.496130503178403,0.01698582217345218,-10.1713535217798
5.840566125974614e-16,2.553597776004704,0.05502170528574957,-12.2711035984659
1,0,1,0
9.682324783204268e-17,4.668883775906458,0.01535694172241409,-11.87860335145679
1,0,1,0
6.728744545674702e-16,4.443591519269269,0.01751623826844684,-20.70709286595171
9.682324783204268e-17,5.157547921434265,0.0115727764651487,-17.6343680580575
1,0,1,0
1,0,1,0
3.17603086687411e-16,4.201503960024688,0.020194072424911,-9.271015990071358
1,0,1,0
0.7069095003885294,0.134108034363102,0.3571050714840279,-25.79043953509309
0.7839167652207465,0.1283372467210953,0.3600811531324608,-19.4601633105863
1,0,1,0
1,0,1,0
5.840566125974614e-16,5.139176411307282,0.01169587135797567,-11.24015638904848
1,0,1,0
1,0,1,0
1,0,1,0
0.4328957245503081,0.9423915104537102,0.1658317821986615,-22.82403878793599
1,0,1,0
1,0,1,0
0.4284638935835564,0.9702323546633629,0.1623111186065298,-11.76542116529471
0.9331786190197336,0.009764712368749429,0.4606419602619822,-34.43093466582759
9.682324783204268e-17,4.150302470681126,0.02081354369623495,-11.34672111915688
1,0,1,0
1.433846615568773,0.3449006170893441,0.2785070298263815,-26.92339099061134
1,0,1,0
0.89258232350461,0.02672230247328855,0.4350743626438892,-27.86958011763943
9.682324783204268e-17,3.869234084905546,0.02458947961705876,-11.15686286401029
1,0,1,0
1,0,1,0
1,0,1,0
2.804502661847769e-15,4.097070273181771,0.0214787951482191,-18.73413127494677
1,0,1,0
5.840566125974614e-16,4.495674149183031,0.01699035637383467,-8.879880202500987
1,0,1,0
1,0,1,0
1,0,1,0
1,0,1,0
1,0,1,0
0.394563741141481,1.205470473717956,0.1361155209769018,-12.15503030467269
9.682324783204268e-17,4.201588939766026,0.02019306052706582,-9.557791320845693
2.287852447174094e-16,4.296733247944882,0.01909282742176643,-11.4097666874324
9.682324783204268e-17,4.264486751616932,0.01945850202143817,-9.508321499207451
2.287852447174094e-16,3.083698696696782,0.03954024943172763,-10.56031591214931
1,0,1,0
1,0,1,0
1,0,1,0
3.17603086687411e-16,4.91556763379284,0.01330785805086332,-10.11760360473573
3.17603086687411e-16,4.150238773548093,0.02081432666048494,-10.2935422419894
9.682324783204268e-17,4.097070051383369,0.02147879796617574,-10.67937077941446
1.028145822447522e-15,3.714953934775025,0.0269635563858393,-9.160678423732328
3.17603086687411e-16,5.155909051411125,0.01158370263893832,-11.43176795299285
0.8586964121160265,0.04871059674614031,0.4126611574708005,-21.84624164349798
6.728744545674702e-16,4.568757509251927,0.01628008636584916,-11.24921883748322
1,0,1,0
0.4298900210289757,0.96069768279024,0.1635055798762451,-15.82839520253002
1,0,1,0
2.287852447174094e-16,4.511249400779711,0.01683631784985035,-11.06555611055837
1.028145822447522e-15,4.201170265756996,0.02019804641051581,-15.19791187147429
6.728744545674702e-16,3.08369983916106,0.0395402216621098,-10.56375682214875
0.8971702452151482,0.02432446738222183,0.4380310803485392,-19.81789564086395
0.4888029648146121,0.6580148662702925,0.2086308230763061,-32.66679732345381
0.7855645642165485,0.06309048612393298,0.4008381707062019,-21.23467844706511
1,0,1,0
2.804502661847769e-15,2.721135955437305,0.04951375867002972,-24.45453498427647
0.4287695499917242,0.9683280928328983,0.1625487509948454,-21.71683184229858
1,0,1,0
6.728744545674702e-16,5.15497482010344,0.01158993584595691,-17.1245896186215
1,0,1,0
2.287852447174094e-16,2.854032671045211,0.04557252532543493,-12.06135767825583
1,0,1,0
0.4425651918517023,0.8863865972811809,0.1732291939300926,-16.94063883003956
1,0,1,0
5.840566125974614e-16,4.773549704644505,0.01445008961663069,-10.66691211305259
0.4775402040136012,0.7073510645555245,0.200162299674241,-20.48395141019961
1.028145822447522e-15,3.083699804565065,0.03954022250302647,-10.56355316583091
9.682324783204268e-17,4.097070273354579,0.02147879514602358,-11.6554630434914
9.682324783204268e-17,4.649877267260802,0.0155278839127882,-9.726114994498984
5.840566125974614e-16,1.338969850146267,0.1236078594932685,-4.557508352917788
4.162828811893032e-17,1.346612478174955,0.1229356010640313,-3.719282699239051
2.804502661847769e-15,1.107263563414692,0.1463387818032066,-4.367858308479456
6.722605837085583e-15,1.338969806735406,0.1236078633245095,-16.33099164923392
2.269969926313108e-14,1.212098114804684,0.1354584967127311,-4.307752099571835
2.744589317728e-16,1.077430636435427,0.1496365260272038,-10.11808852168559
2.269969926313108e-14,1.212098130244549,0.1354584951867439,-9.106617013176916
1.177629422548942e-16,1.338969849371821,0.1236078595616175,-4.485804112627734
3.17603086687411e-16,1.076745196985637,0.1497134101974344,-4.433810774927884
5.396476916132113e-16,1.30945388564704,0.1262467780972336,-3.71740057899853
9.555848176237971e-17,1.205119643644066,0.1361504111965167,-3.778120979322772
2.744589317728e-16,1.135110520053484,0.1433439375641642,-3.730142266322847
9.555848176237971e-17,1.302042154497162,0.1269202686779276,-4.478408730646463
2.449231294032979e-15,0.7015302906392247,0.2011349858730583,-4.441180761983287
5.840566125974614e-16,1.205144339784589,0.1361479547870462,-4.361967607665187
1.417318643400957e-14,1.097555088647042,0.1474016434749073,-4.18312093617108
2.744589317728e-16,1.457838714953725,0.1136371585724775,-4.136142147462507
1.038263951005382e-15,1.012572855404926,0.157143625299908,-10.42121343812688
6.728744545674702e-16,1.137389070851217,0.1431023533862975,-9.985083044404529
2.731941657024047e-16,1.157639392209932,0.1409778241334208,-4.449487941869656
2.449231294032979e-15,0.6237237439606478,0.2148334380395215,-4.441180761983287
1.028145822447522e-15,0.8204817897459407,0.1825196697754465,-10.39058327508328
2.287852447174094e-16,1.139090301451301,0.1429223167654132,-10.8331264724427
1.028145822447522e-15,0.9418846935353251,0.1658968088228051,-10.73557165159199
6.728744545674702e-16,1.085355900041836,0.1487512434244331,-10.0870666309087
6.728744545674702e-16,1.037144004919314,0.1542433161790487,-4.30684959083499
9.682324783204268e-17,0.6810988510991418,0.2046042977073961,-4.043966005280966
2.744589317728e-16,0.9930513387072235,0.1594988712743364,-3.706250892442068
3.975272492142624e-14,0.8545522988965928,0.1776338481501634,-4.511158707217679
3.17603086687411e-16,1.054319899621531,0.1522571344140932,-4.329918501507066
1.417318643400957e-14,1.081917234914133,0.1491345265739837,-10.46032343053095
1.903200925511452,0.3366650909503157,0.2808802745821267,-10.20475948687083
1.417318643400957e-14,1.080414559020753,0.1493024174457003,-10.35325531908862
9.682324783204268e-17,0.6810988510991418,0.2046042977073961,-4.043966005280966
2.269969926313108e-14,1.031162950328776,0.1549428402969165,-4.273370137790862
2.269969926313108e-14,1.031162950328776,0.1549428402969165,-4.273370137790862
2.287852447174094e-16,1.11933929579512,0.1450303825901281,-4.021298217852222
3.17603086687411e-16,0.9141538339723354,0.1695073406641344,-4.783179429753083
2.744589317728e-16,0.9280182633125991,0.1676892040811201,-3.443367306888044
3.975272492142624e-14,1.135052865486967,0.1433500571265133,-4.13950102684668
4.162828811893032e-17,0.9048750404982808,0.1707389440884497,-4.224165700848811
9.682324783204268e-17,0.6810988510991418,0.2046042977073961,-4.043966005280966
2.269969926313108e-14,1.031162950328776,0.1549428402969165,-4.273370137790862
2.269969926313108e-14,1.031162950328776,0.1549428402969165,-4.273370137790862
2.744589317728e-16,0.9162887282185395,0.1692256608371115,-11.62421665071447
2.039574400720553,0.4029339896681954,0.2627889496595122,-14.2747888315968
9.682324783204268e-17,0.6810988510991418,0.2046042977073961,-4.043966005280966
2.744589317728e-16,0.9166403922455597,0.1691793222881163,-4.159290824170762
2.744589317728e-16,0.9930513387072235,0.1594988712743364,-3.706250892442068
1.417318643400957e-14,1.139089420581785,0.1429224099110332,-4.751444569980851
9.83736901463257e-16,0.9273934068818548,0.1677705819699735,-8.22741091126985
5.840566125974614e-16,0.5645143629991232,0.2262235170745273,-9.652769243800485
2.744589317728e-16,0.9927394764510744,0.1595368715406225,-8.992511949646346
2.287852447174094e-16,1.085157147481784,0.1487733624576071,-9.798383295235748
2.804502661847769e-15,0.5993456713933227,0.2194138955427281,-8.987572103205171
2.744589317728e-16,0.9166403922455597,0.1691793222881163,-4.159290824170762
4.936130869128893e-15,1.133289724708899,0.1435373605168446,-11.53011919195553
2.744589317728e-16,0.9280182633125991,0.1676892040811201,-3.443367306888044
2.744589317728e-16,0.9048750258022373,0.1707389460486256,-11.74919106114528
5.396476916132113e-16,0.9930539875142452,0.1594985485694043,-3.776150157667626
6.728744545674702e-16,1.054171676741291,0.1522741324137961,-10.01681023853825
2.744589317728e-16,0.9279689566759828,0.1676956235885231,-10.7162761720799
2.731941657024047e-16,0.9419884600506663,0.1658834924009917,-4.408448425063572
6.728744545674702e-16,1.037144004919314,0.1542433161790487,-4.30684959083499
5.840566125974614e-16,0.6811224048489048,0.2046002479406983,-4.615469874489833
5.24143268477775e-17,0.9166393828761183,0.1691794552677168,-4.089390739812395
9.555848176237971e-17,1.054298350363513,0.1522596055014064,-3.758414632298198
2.744589317728e-16,0.9280182633125991,0.1676892040811201,-3.443367306888044
9.555848176237971e-17,1.054298350363513,0.1522596055014064,-3.758414632298198
2.731941657024047e-16,0.9419884600506663,0.1658834924009917,-4.408448425063572
2.449231293967717e-15,0.7213427668113912,0.1978519051415872,-4.245315818749548
9.555848176237971e-17,1.054298350363513,0.1522596055014064,-3.758414632298198
1.417318643400957e-14,0.996348599568444,0.1590978279711117,-4.16188452224174
9.555848176237971e-17,1.054298350363513,0.1522596055014064,-3.758414632298198
1.417318643400957e-14,1.139089420581785,0.1429224099110332,-4.751444569980851
9.555848176237971e-17,1.026815925355816,0.1554538451483032,-3.828318943162219
1.20578150638828e-15,0.9165795862219532,0.1691873334415726,-10.06665280881966
1.028145822447522e-15,0.6809742776310408,0.2046257184834305,-10.30206793871649
5.840566125974614e-16,1.119341944602922,0.1450300972337016,-4.09119748307778
9.682324783204268e-17,0.9088606850324581,0.1702084466816808,-11.55319944825024
3.17603086687411e-16,1.054319899621531,0.1522571344140932,-4.329918501507066
2.744589317728e-16,0.9280182633125991,0.1676892040811201,-3.443367306888044
1.20578150638828e-15,0.8204817897207093,0.1825196697791333,-10.38034087533016
4.936130869128893e-15,0.9963486417890337,0.1590978228443356,-10.40897456958501
3.17603086687411e-16,1.054319899621531,0.1522571344140932,-4.329918501507066
9.682324783204268e-17,1.119290110684982,0.1450356814387717,-11.11215970231835
2.744589317728e-16,0.904875040498279,0.1707389440884499,-10.61099605021495
2.744589317728e-16,0.9279196411705293,0.1677020445795162,-10.02296988248875
1.76048367427445,0.2657854876490617,0.3030865090092927,-9.745279142203966
2.287852447174094e-16,1.11933929579512,0.1450303825901281,-4.021298217852222
3.17603086687411e-16,0.9141538339723354,0.1695073406641344,-4.783179429753083
2.449231294032979e-15,0.6137320116622416,0.2166930460877976,-4.441180761983287
2.449231293967717e-15,0.7213427668113912,0.1978519051415872,-4.245315818749548
3.17603086687411e-16,0.8204817897817183,0.1825196697702191,-4.063143164036474
5.396476916132113e-16,0.9930539875142452,0.1594985485694043,-3.776150157667626
2.269969926313108e-14,1.031162966730463,0.1549428383729797,-16.62472316339865
3.17603086687411e-16,1.054319899621531,0.1522571344140932,-4.329918501507066
6.728744545674702e-16,0.9141537661140795,0.1695073496274183,-11.10010923532813
9.555848176237971e-17,0.9141538270416625,0.1695073415795954,-4.713278844175314
4.936130869128893e-15,0.9963486409606332,0.1590978229449269,-11.52437436838726
1.949085480094206,0.3593175917118963,0.2744427360330333,-12.03996537857179
3.17603086687411e-16,0.5640263835574562,0.2263212426489826,-5.194013915087654
3.17603086687411e-16,1.054319899621531,0.1522571344140932,-4.329918501507066
5.396476916132113e-16,0.9930539875142452,0.1594985485694043,-3.776150157667626
9.682324783204268e-17,0.6810988510991418,0.2046042977073961,-4.043966005280966
6.728744545674702e-16,1.037144004919314,0.1542433161790487,-4.30684959083499
2.065807842256774e-16,0.904874992592509,0.1707389504781795,-3.958322812380699
2.208639963080657,0.4877579834262527,0.2424645624476111,-12.32923960057301
2.287852447174094e-16,1.11933929579512,0.1450303825901281,-4.021298217852222
1.177629422548942e-16,0.5640261577954977,0.2263212878766739,-4.622499447849292
4.162828811893032e-17,0.9048750404982808,0.1707389440884497,-4.224165700848811
5.840566125974614e-16,1.119341944602922,0.1450300972337016,-4.09119748307778
2.449231293967717e-15,0.7213427668113912,0.1978519051415872,-4.245315818749548
9.555848176237971e-17,1.054298350363513,0.1522596055014064,-3.758414632298198
2.744589317728e-16,1.434479640287803,0.1155173739654657,-4.136142147462507
5.396476916132113e-16,0.9930539875142452,0.1594985485694043,-3.776150157667626
2.744589317728e-16,0.9280182633125991,0.1676892040811201,-3.443367306888044
3.17603086687411e-16,0.5640263835574562,0.2263212426489826,-5.194013915087654
2.804502661847769e-15,0.9417783933905852,0.1659104518639671,-10.03290960105867
9.555848176237971e-17,1.054298350363513,0.1522596055014064,-3.758414632298198
9.555848176237971e-17,1.026815925355816,0.1554538451483032,-3.828318943162219
2.065807842256774e-16,0.904874992592509,0.1707389504781795,-3.958322812380699
9.83736901463257e-16,0.9278619411936262,0.1677095576653763,-9.519380130042791
2.744589317728e-16,0.927842088099478,0.1677121428312231,-9.413540213022014
9.682324783204268e-17,0.6810988510991418,0.2046042977073961,-4.043966005280966
3.17603086687411e-16,0.5640263835574562,0.2263212426489826,-5.194013915087654
6.728744545674702e-16,1.0849596161633,0.1487953497649294,-9.575786882431045
9.555848176237971e-17,1.054298350363513,0.1522596055014064,-3.758414632298198
2.744589317728e-16,0.9930513387072235,0.1594988712743364,-3.706250892442068
2.269969926313108e-14,1.0311629903858,0.1549428355981817,-4.539213026258976
3.17603086687411e-16,1.054319899621531,0.1522571344140932,-4.329918501507066
2.287852447174094e-16,1.11933929579512,0.1450303825901281,-4.021298217852222
2.744589317728e-16,1.434479640287803,0.1155173739654657,-4.136142147462507
6.722605837085583e-15,1.13909030853438,0.1429223160164289,-4.515673607904869
2.744589317728e-16,0.9930513387072235,0.1594988712743364,-3.706250892442068
3.17603086687411e-16,1.139090307808447,0.1429223160931911,-4.445773018861783
5.840566125974614e-16,1.00899905046932,0.1575713775240525,-10.33781460731741
2.731941657024047e-16,0.9419884600506663,0.1658834924009917,-4.408448425063572
2.744589317728e-16,0.9280182633125991,0.1676892040811201,-3.443367306888044
4.162828811893032e-17,1.145575840345501,0.1422385999680905,-3.709079597575616
3.17603086687411e-16,0.8204817897817183,0.1825196697702191,-4.063143164036474
5.24143268477775e-17,1.037146659480699,0.1542430066226492,-4.376748856060546
2.744589317728e-16,0.9280182633125991,0.1676892040811201,-3.443367306888044
5.840566125974614e-16,1.009058399352449,0.1575642615713611,-4.356594767989947
1.796598406525715,0.283665441371145,0.2971543796448863,-10.56190132004588
2.744589317728e-16,0.9930513387072235,0.1594988712743364,-3.706250892442068
2.269969926313108e-14,1.031162990385802,0.1549428355981816,-4.609113615302058
6.728744545674702e-16,1.009059411087748,0.1575641402675753,-4.426494033215502
4.162828811893032e-17,1.145575840345501,0.1422385999680905,-3.709079597575616
1.417318643400957e-14,1.136699733762217,0.1431753860195608,-8.757029709591253
5.64667360488876e-15,0.7222272972576178,0.1977071428911208,-18.9315714771017
2.744589317728e-16,0.9166403922455597,0.1691793222881163,-4.159290824170762
9.555848176237971e-17,1.026815925355816,0.1554538451483032,-3.828318943162219
2.744589317728e-16,0.9930513387072235,0.1594988712743364,-3.706250892442068
1.867716942607215,0.3188321796250442,0.2861551544289212,-8.735452489460677
4.162828811893032e-17,0.9048750404982808,0.1707389440884497,-4.224165700848811
4.162828811893032e-17,0.8204817897564878,0.1825196697739055,-3.993243898810917
5.840566125974614e-16,1.119186114932575,0.1450468860026866,-10.01124482296715
6.728744545674702e-16,1.037144004919314,0.1542433161790487,-4.30684959083499
9.682324783204268e-17,1.118975559166518,0.1450695747837576,-9.153728918370103
1.417318643400957e-14,0.996348599568444,0.1590978279711117,-4.16188452224174
3.17603086687411e-16,0.8204817897817183,0.1825196697702191,-4.063143164036474
9.555848176237971e-17,1.026815925355816,0.1554538451483032,-3.828318943162219
2.287852447174094e-16,1.11933929579512,0.1450303825901281,-4.021298217852222
9.682324783204268e-17,1.05415106295014,0.1522764965699588,-17.61665106251536
2.269969926313108e-14,1.031162955409375,0.1549428397009563,-10.49414637161619
1.038263951005382e-15,0.5534470778754965,0.2284563153608611,-10.3872494817499
5.396476916132113e-16,0.9930539875142452,0.1594985485694043,-3.776150157667626
5.396476916132113e-16,0.9930539875142452,0.1594985485694043,-3.776150157667626
1.028145822447522e-15,0.9754596966413338,0.1616611552573646,-10.76320571893278
2.731941657024047e-16,0.9419884600506663,0.1658834924009917,-4.408448425063572
5.840566125974614e-16,0.6811224048489048,0.2046002479406983,-4.615469874489833
2.744589317728e-16,0.9166403922455597,0.1691793222881163,-4.159290824170762
2.744589317728e-16,0.9280182633125991,0.1676892040811201,-3.443367306888044
1.417318643400957e-14,1.139089897590438,0.1429223594707871,-8.748489315966863
4.936130869128893e-15,0.9963486417890373,0.1590978228443351,-4.427727410709858
3.17603086687411e-16,1.054319899621531,0.1522571344140932,-4.329918501507066
5.840566125974614e-16,0.5672568332612187,0.22567552074041,-10.2605225648439
5.396476916132113e-16,0.9280398125029361,0.1676863985744895,-4.014871176096912
2.7993943766811,0.769307665274777,0.1902156584507544,-10.21643783825021
1.417318643400957e-14,1.080563411317399,0.1492857756480725,-10.06546496731
3.17603086687411e-16,0.8204817897817183,0.1825196697702191,-4.063143164036474
2.744589317728e-16,0.9280182633125991,0.1676892040811201,-3.443367306888044
2.287852447174094e-16,1.11933929579512,0.1450303825901281,-4.021298217852222
2.449231294032979e-15,0.6137320116622416,0.2166930460877976,-4.441180761983287
2.744589317728e-16,0.9166403922455597,0.1691793222881163,-4.159290824170762
3.564983151201918,1.098785920027225,0.147266349304478,-12.1859517760615
2.449231294032979e-15,0.6137320116622416,0.2166930460877976,-4.441180761983287
5.24143268477775e-17,0.9166393828761183,0.1691794552677168,-4.089390739812395
5.840566125974614e-16,0.8545522815149589,0.1776338505966208,-10.90715932709214
2.804502661847769e-15,0.9419858101851375,0.16588383244217,-4.338549159838016
2.269969926313108e-14,1.031162990385802,0.1549428355981816,-4.609113615302058
1.747317206672503,0.259396864430208,0.3052674100353847,-9.477004718226363
2.449231293967717e-15,0.7213427668113912,0.1978519051415872,-4.245315818749548
5.840566125974614e-16,1.009058399352449,0.1575642615713611,-4.356594767989947
2.804502661847769e-15,0.9419858101851375,0.16588383244217,-4.338549159838016
5.840566125974614e-16,0.601791012629695,0.2189477442342072,-4.775032370655786
9.555848176237971e-17,0.9141538270416625,0.1695073415795954,-4.713278844175314
5.840566125974614e-16,1.009058399352449,0.1575642615713611,-4.356594767989947
2.019653944629026,0.3943686954391232,0.265005961252379,-10.08720664733159
3.937719979634485,2.484465028109859,0.05748771845068301,-14.52897494160492
5.840566125974614e-16,0.601791012629695,0.2189477442342072,-4.775032370655786
5.840566125974614e-16,0.601791012629695,0.2189477442342072,-4.775032370655786
1.417318643400957e-14,1.139089420581785,0.1429224099110332,-4.751444569980851
2.731941657024047e-16,0.9419884600506663,0.1658834924009917,-4.408448425063572
2.744589317728e-16,0.9166403922455597,0.1691793222881163,-4.159290824170762
2.744589317728e-16,1.434479640287803,0.1155173739654657,-4.136142147462507
2.449231294032979e-15,0.6137320116622416,0.2166930460877976,-4.441180761983287
2.269969926313108e-14,1.031162990385802,0.1549428355981816,-4.609113615302058
6.728744545674702e-16,1.009059411087748,0.1575641402675753,-4.426494033215502
9.682324783204268e-17,0.6810988510991418,0.2046042977073961,-4.043966005280966
2.744589317728e-16,0.9280182633125991,0.1676892040811201,-3.443367306888044
6.722605837085583e-15,1.13909030853438,0.1429223160164289,-4.515673607904869
5.396476916132113e-16,0.9930539875142452,0.1594985485694043,-3.776150157667626
5.24143268477775e-17,0.9166393828761183,0.1691794552677168,-4.089390739812395
9.555848176237971e-17,1.085950281298233,0.1486851203444553,-4.399822812373169
6.728744545674702e-16,1.009059411087748,0.1575641402675753,-4.426494033215502
5.396476916132113e-16,0.9930539875142452,0.1594985485694043,-3.776150157667626
2.184974930778191,0.4760515065621078,0.2451081432930321,-18.46426250312662
6.728744545674702e-16,1.009059411087748,0.1575641402675753,-4.426494033215502
5.24143268477775e-17,0.9166393828761183,0.1691794552677168,-4.089390739812395