Observed S Changes	Observed NS Changes	E[S Sites]	E[NS Sites]	Observed S. Prop.	P{S}	dS	dN	dN-dS	P{S leq. observed}	P{S geq. observed}	Scaled dN-dS
1	0	0.9999999999999997	1.999999999999999	1	0.3333333333333333	1	0	-1	1	0.3333333333333333	-0.2741295222345912
3	2	0.9999999999999998	2	0.6	0.3333333333333334	3.000000000000001	1	-2.000000000000001	0.9547325102880658	0.2098765432098766	-0.5482590444691825
1	0	1.772243167465575	1.227713540846535	1	0.5907562474335526	0.5642566541419178	0	-0.5642566541419178	1	0.5907562474335526	-0.1546794070176128
0	0	0.772284463550039	2.086514871413392	0	0.2701429422152563	0	0	0	0	0	0
3	0	1.243203223561712	1.756796776438287	1	0.4144010745205707	2.413121156012738	0	-2.413121156012738	1	0.07116437155917787	-0.6615077495919561
5	0	0.9999999999999997	1.984167234032072	1	0.3351018631247568	5.000000000000002	0	-5.000000000000002	0.9999999999999998	0.004225559411970115	-1.370647611172956
6	2	0.7727048303726998	2.227295169627299	0.75	0.2575682767909	7.764931399621266	0.8979501357849515	-6.866981263836314	0.9995339530724051	0.00497240094592033	-1.882442293049337
0	0	0.772284463550039	2.22771553644996	0	0.2574281545166797	0	0	0	0	0	0
1	0	0.9999999999999998	2	1	0.3333333333333334	1	0	-1	1	0.3333333333333334	-0.2741295222345911
3	0	1	2.000000000000001	1	0.3333333333333333	2.999999999999999	0	-2.999999999999999	1	0.03703703703703698	-0.8223885667037729
0	0	0.9999999999999997	1.999999999999999	0	0.3333333333333333	0	0	0	0	0	0
3	0	0.772284463550039	2.22771553644996	1	0.2574281545166797	3.884578988174374	0	-3.884578988174374	1	0.01705957194836383	-1.064877782110772
2	0	0.9999999999999998	1.932923585019576	1	0.3409567181046503	2	0	-2	1	0.1162514836206938	-0.5482590444691823
8	0	0.9999999999999998	2	1	0.3333333333333334	8.000000000000002	0	-8.000000000000002	1	0.0001524157902758061	-2.193036177876729
2	5	0.6729761348100578	2.317730293350621	0.2857142857142857	0.2250224657536669	2.971873587411066	2.157282930781288	-0.8145906566297789	0.8063749587253216	0.490871451291427	-0.2233033475186831
2	0	0.9999999999999997	1.999999999999999	1	0.3333333333333333	2.000000000000001	0	-2.000000000000001	1	0.1111111111111109	-0.5482590444691825
1	4	0.8139379455524544	2.082737602337207	0.2	0.2809903739980266	1.228594889161062	1.920549182725313	0.6919542935642511	0.5676562948686138	0.8078353392745944	0.1896850999029422
1	0	0.9999999999999997	1.999999999999999	1	0.3333333333333333	1	0	-1	1	0.3333333333333333	-0.2741295222345912
2	0	0.9121404031240834	2.087859596875916	1	0.3040468010413612	2.192644896717648	0	-2.192644896717648	0.9999999999999999	0.09244445722348527	-0.6010686979673232
8	2	0.9996922119362996	2.000307788063699	0.8	0.3332307373121001	8.002463062610875	0.9998461296478796	-7.002616932962995	0.9996453003090365	0.003396453695026169	-1.919624034225004
0	5	0.7722844635500391	2.22771553644996	0	0.2574281545166797	0	2.244451734608761	2.244451734608761	0.2257836008099915	0.7742163991900085	0.6152704816868989
1	2	0.7723480109306473	2.227547960705881	0.3333333333333333	0.2574582646308596	1.294753124041896	0.897848232801338	-0.3969048912405579	0.8352768434658774	0.5905860785854169	-0.1088033482083465
0	8	0.8733004087329318	1.361234469836894	0	0.3908197706414286	0	5.877018380939603	5.877018380939603	0.01896559187546681	0.9810344081245332	1.611064240930884
0	2	0.9136450239006094	2.086354976099389	0	0.3045483413002033	0	0.9586096435704162	0.9586096435704162	0.4836530095882986	0.5163469904117014	0.2627832036014299
0	0	0.8134237723557954	2.119230336619434	0	0.2773677843105861	0	0	0	0	0	0
6	0	1	2	1	0.3333333333333333	6	0	-6	1	0.001371742112482699	-1.644777133407547
0	0	0.9999999999999997	1.999999999999999	0	0.3333333333333333	0	0	0	0	0	0
2	0	0.7722844635500389	2.22771553644996	1	0.2574281545166797	2.589719325449583	0	-2.589719325449583	1	0.06626925473786338	-0.7099185214071818
2	0	0.9999999999999997	1.999999999999999	1	0.3333333333333333	2.000000000000001	0	-2.000000000000001	1	0.1111111111111109	-0.5482590444691825
1	0	0.9999999999999997	1.999999999999999	1	0.3333333333333333	1	0	-1	1	0.3333333333333333	-0.2741295222345912
8	0	0.864828853815811	2.067825255159419	1	0.2948963026935393	9.250385165460518	0	-9.250385165460518	1	5.719454645281008e-05	-2.535803665893641
4	0	1.770649899723108	1.229132783841056	1	0.5902593909300546	2.259057536233173	0	-2.259057536233173	1	0.1213868443691288	-0.6192743631080522
3	0	0.9999999999999998	2	1	0.3333333333333334	3.000000000000001	0	-3.000000000000001	0.9999999999999999	0.0370370370370372	-0.8223885667037736
3	0	0.8651642000980686	1.362551336351892	1	0.3883638579263022	3.467549858928447	0	-3.467549858928447	0.9999999999999998	0.05857555603611941	-0.9505577861526788
0	15	0.7747317784202395	2.225268221579761	0	0.2582439261400798	0	6.740760441611489	6.740760441611489	0.01132183100916278	0.9886781689908373	1.847841439356789
3	1	0.9999302610937436	2.000069738906255	0.75	0.333310087031248	3.000209231310332	0.4999825658813544	-2.500226665428978	0.9876577645240161	0.1110904488122607	-0.6853859412722305
0	2	0.9999999999999994	1.774595073057059	0	0.3604129516809802	0	1.127017667503517	1.127017667503517	0.4090715923774362	0.5909284076225638	0.3089488147426823
1	6	0.833701444787162	2.166234879267023	0.1428571428571428	0.2779063802462574	1.19947015355754	2.769782749518919	1.570312595961379	0.3781424430926601	0.8976342780219633	0.4304690416898534
3	3	0.9982504418467724	2.001687252062967	0.5	0.3327570582126921	3.005257873414985	1.498735627610236	-1.506522245804749	0.900431002565107	0.3184780843896207	-0.412982223478239
2	9	0.8602814075655343	2.061670794060131	0.1818181818181818	0.294420082261067	2.324820671946981	4.365391422301685	2.040570750354704	0.3272600543121528	0.8793794975652813	0.5593806848806161
1	1	0.1894528806873474	2.810547119312651	0.5	0.06315096022911583	5.27835732226364	0.3558026097938399	-4.922554712469799	0.9960119562221406	0.1223138766803723	-1.349417571502981
2	0	0.772284463550039	2.086514871413392	1	0.2701429422152561	2.589719325449583	0	-2.589719325449583	1	0.0729772092287152	-0.7099185214071817
0	12	0.7725578543633486	2.227338417340459	0	0.2575281891078754	0	5.387596202973293	5.387596202973293	0.02806465033290163	0.9719353496670984	1.476899173113966
3	2	0.7732001723919839	2.226799827608016	0.6	0.257733390797328	3.87997844170049	0.8981498809205318	-2.981828560779958	0.9824865737309511	0.1118395333246083	-0.8174072387520683
1	0	0.9999999999999997	1.999999999999999	1	0.3333333333333333	1	0	-1	1	0.3333333333333333	-0.2741295222345912
4	1	0.7722844635500392	2.227645528597125	0.8	0.2574341619876555	5.179438650899164	0.4489044541254985	-4.730534196773665	0.9988693429622065	0.01743749223580049	-1.29677907927596
3	6	0.9045660196776341	1.332641887938652	0.3333333333333333	0.4043280986975576	3.316507512706623	4.502334839017315	1.185827326310692	0.4717744669709199	0.7762666866533732	0.3250702784142726
1	1	0.9136451180261207	2.086354881973878	0.5	0.3045483726753738	1.094516875611883	0.4793048434089559	-0.6152120322029273	0.9072502887007818	0.516347034051529	-0.1686477804607603
1	1	0.9999466106289361	2.000053389371063	0.5	0.3333155368763121	1.000053392221641	0.4999866530135279	-0.5000667392081131	0.8889007528768558	0.55553182662948	-0.1370830563045299
1	0	0.772284463550039	2.22771553644996	1	0.2574281545166797	1.294859662724791	0	-1.294859662724791	1	0.2574281545166797	-0.3549592607035909
3	0	0.9999999999999996	1.936562011552442	1	0.3405342696888393	3.000000000000001	0	-3.000000000000001	1	0.03948957603357606	-0.8223885667037737
2	5	0.8144155160276969	2.109988517633679	0.2857142857142857	0.2784893970372632	2.455748890633836	2.369681141965373	-0.08606774866846312	0.6952643398750191	0.623192229839943	-0.02359371082229266
4	0	0.7722844635500389	2.22771553644996	1	0.2574281545166797	5.179438650899167	0	-5.179438650899167	1	0.004391614123511745	-1.419837042814364
2	0	0.772284463550039	2.086514871413392	1	0.2701429422152563	2.589719325449583	0	-2.589719325449583	1	0.0729772092287152	-0.7099185214071817
2	0	0.9999999999999996	1.999999999999999	1	0.3333333333333333	2.000000000000001	0	-2.000000000000001	1	0.1111111111111109	-0.5482590444691825
5	0	1.772169532827473	1.227690194687258	1	0.5907507996367709	2.82140049661195	0	-2.82140049661195	1	0.07194847460767506	-0.7734291701686721
1	2	0.1881611674757037	2.811838832524296	0.3333333333333333	0.06272038915856791	5.314592874904037	0.7112783196768512	-4.603314555227186	0.9886919232079744	0.1766063582553877	-1.261904419719968
0	0	0.772284463550039	2.22771553644996	0	0.2574281545166797	0	0	0	0	0	0
1	0	0.9999999999999998	2	1	0.3333333333333334	1	0	-1	1	0.3333333333333334	-0.2741295222345911
0	0	1.772284463550039	1.22771553644996	0	0.590761487850013	0	0	0	0	0	0
1	0	1.637560697708716	1.221185305787033	1	0.5728248314842466	0.6106643872188712	0	-0.6106643872188712	1	0.5728248314842466	-0.1674011367139885
7	0	0.9999999999999996	1.933956387431253	1	0.3408366955568562	7.000000000000004	0	-7.000000000000004	0.9999999999999994	0.000534348288758757	-1.918906655642139
1	0	0.7722844635500389	2.22771553644996	1	0.2574281545166797	1.294859662724792	0	-1.294859662724792	1	0.2574281545166797	-0.3549592607035909
2	0	0.9999999999999998	2	1	0.3333333333333334	2	0	-2	1	0.111111111111111	-0.5482590444691823
3	3	0.8362908316675557	1.63105593826195	0.5	0.3389433710168958	3.58726879023417	1.839299272100253	-1.747969518133916	0.8942286733997881	0.3307427846571498	-0.4791700488866789
1	0	0.7722844635500391	2.086514871413392	1	0.2701429422152563	1.294859662724791	0	-1.294859662724791	1	0.2701429422152563	-0.3549592607035908
1	0	0.7722844635500391	2.22771553644996	1	0.2574281545166797	1.294859662724791	0	-1.294859662724791	1	0.2574281545166797	-0.3549592607035908
0	3	0.9897952506946945	2.010204749305305	0	0.329931750231565	0	1.492385291118605	1.492385291118605	0.3008549213261114	0.6991450786738886	0.4091068668442744
2	1	0.7725651381892429	2.227434861810759	0.6666666666666666	0.2575217127297475	2.588778474637943	0.4489469107020554	-2.139831563935888	0.9829218211917398	0.1647959399652676	-0.5865910042842428
3	1	0.8135513436704211	1.416367286885376	0.75	0.3648345426252828	3.687536162702638	0.7060315564044288	-2.981504606298209	0.9822832603642627	0.1410938842772156	-0.8173184332647607
3	0	0.7722844635500395	2.227715536449962	1	0.2574281545166797	3.884578988174372	0	-3.884578988174372	1	0.01705957194836383	-1.064877782110772
0	0	0.8653082179504601	2.031367329939201	0	0.2987245908782812	0	0	0	0	0	0
2	3	0.8160668594089903	2.092653010402795	0.4	0.280558766720219	2.450779586182969	1.433586927735601	-1.017192658447367	0.8616700574121872	0.4314419854099912	-0.2788425374807104
0	0	0	1.269383564099079	0	0	0	0	0	0	0	0
1	0	0.772284463550039	2.22771553644996	1	0.2574281545166797	1.294859662724791	0	-1.294859662724791	1	0.2574281545166797	-0.3549592607035909
2	0	1.000237968817578	1.999762031182421	1	0.3334126562725263	1.999524175596214	0	-1.999524175596214	0.9999999999999999	0.1111639993627018	-0.5481286069527047
1	0	0.772284463550039	2.22771553644996	1	0.2574281545166797	1.294859662724791	0	-1.294859662724791	1	0.2574281545166797	-0.3549592607035909
0	4	0.9996000687588248	2.000399931241175	0	0.3332000229196083	0	1.999600148715336	1.999600148715336	0.1976889091223371	0.8023110908776629	0.5481494334275523
0	0	0.8134237723557954	2.119230336619434	0	0.2773677843105861	0	0	0	0	0	0
7	0	1.067577475747287	1.562451006224354	1	0.4059185986255787	6.556901170193867	0	-6.556901170193867	0.9999999999999998	0.001815819408603536	-1.797440185124676
3	0	0.772284463550039	2.22771553644996	1	0.2574281545166797	3.884578988174374	0	-3.884578988174374	1	0.01705957194836383	-1.064877782110772
1	4	0.8290905870602008	2.075368696655715	0.2	0.2854543672581549	1.206140819359452	1.927368378662388	0.7212275593029356	0.5583446166322155	0.8137270270936457	0.1977097662541339
3	0	0.9999999999999993	1.999999999999999	1	0.3333333333333333	3.000000000000002	0	-3.000000000000002	1	0.03703703703703698	-0.8223885667037739
0	2	0.7722844635500395	2.024618737566654	0	0.2761212698536356	0	0.9878403093333797	0.9878403093333797	0.5240004159583131	0.4759995840416869	0.2707961920416301
0	0	0.772284463550039	2.22771553644996	0	0.2574281545166797	0	0	0	0	0	0
1	4	0.7722971372323167	2.227671031866397	0.2	0.2574351105413027	1.29483841359778	1.795597259550798	0.5007588459530179	0.6171321158783569	0.7742269741052319	0.137272783195846
0	0	0.772284463550039	2.086514871413392	0	0.2701429422152563	0	0	0	0	0	0
0	0	0.772284463550039	1.999999999999999	0	0.2785733115428902	0	0	0	0	0	0
1	0	0.9999999999999998	2	1	0.3333333333333334	1	0	-1	1	0.3333333333333334	-0.2741295222345911
0	0	0.772284463550039	1.999999999999999	0	0.2785733115428902	0	0	0	0	0	0
0	1	0.772284463550039	2.21842196461064	0	0.258228108341949	0	0.4507708704441684	0.4507708704441684	0.741771891658051	0.258228108341949	0.1235696033521306
2	0	0.9999999999999997	1.999999999999999	1	0.3333333333333333	2.000000000000001	0	-2.000000000000001	1	0.1111111111111109	-0.5482590444691825
7	1	0.9999586447781581	1.999804236113095	0.875	0.3333458958199598	7.000289498525169	0.5000489457626326	-6.500240552762537	0.9998475382503502	0.002591711847736211	-1.781907837138709
0	0	0.772284463550039	2.22771553644996	0	0.2574281545166797	0	0	0	0	0	0
0	1	0.7722844635500389	2.000070112722927	0	0.2785662664363319	0	0.499982472433721	0.499982472433721	0.7214337335636681	0.2785662664363319	0.1370599562939255
1	4	0.9999999999999998	2	0.2	0.3333333333333334	1	2	1	0.4609053497942386	0.8683127572016461	0.2741295222345911
2	1	0.9999999999999998	2	0.6666666666666666	0.3333333333333334	2	0.5000000000000001	-1.5	0.9629629629629628	0.2592592592592594	-0.4111942833518868
3	0	1.000954869369033	1.999045130630967	1	0.333651623123011	2.99713812461005	0	-2.99713812461005	1	0.03714323497423178	-0.8216040421704314
4	0	0.9483843128490775	2.05126583075031	1	0.3161649750630842	4.217699455596695	0	-4.217699455596695	1	0.009992059868096259	-1.156195936691817
0	0	0.9999999999999997	1.772284463550039	0	0.3607133442285549	0	0	0	0	0	0
3	0	1.771537272461409	1.227550783816036	1	0.5906919834358889	1.693444471440186	0	-1.693444471440186	0.9999999999999998	0.2061024861821528	-0.4642231238867079
0	3	0.9990350336379379	2.000964966362061	0	0.3330116778793127	0	1.499276624245089	1.499276624245089	0.2967253771927318	0.7032746228072682	0.4109959847017969
0	0	0.9999999999999997	1.999999999999999	0	0.3333333333333333	0	0	0	0	0	0
2	2	0.9999999999999999	1.773476556161587	0.5	0.3605583028197547	2	1.127728468161252	-0.8722715318387479	0.8632081662127071	0.4557282848120936	-0.2391153782817909
10	0	0.9999999999999993	1.967641147972151	1	0.3369679655113691	10.00000000000001	0	-10.00000000000001	0.9999999999999998	1.887496513908182e-05	-2.741295222345913
0	0	0.9999999999999997	1.999999999999999	0	0.3333333333333333	0	0	0	0	0	0
3	1	0.9966482579839999	2.003351742015999	0.75	0.3322160859946668	3.010089041913683	0.499163466418377	-2.510925575495306	0.9878190088087253	0.1101204988441871	-0.6883188283771441
6	0	1.771454189962672	1.227675414079129	1	0.5906560982144146	3.387047790451997	0	-3.387047790451997	1	0.04246275355039786	-0.9284897925823334
4	0	0.8626791933242849	2.069974915650945	1	0.2941632941587287	4.636717833179944	0	-4.636717833179944	1	0.007487794574838613	-1.271061244346226
1	0	0.772284463550039	2.22771553644996	1	0.2574281545166797	1.294859662724791	0	-1.294859662724791	1	0.2574281545166797	-0.3549592607035909
2	8	0.8094857562314155	2.190514243768583	0.2	0.269828585410472	2.470704375715094	3.652110468013538	1.181406092298444	0.4669858471595963	0.7977343278355676	0.3238582876468077
1	6	0.7749386341703124	2.191091971531809	0.1428571428571428	0.2612712871810937	1.29042475869157	2.738360633855709	1.447935875164139	0.4172938007145436	0.8799409628205002	0.39692196968507
0	0	0.8134237723557954	2.119230336619434	0	0.2773677843105861	0	0	0	0	0	0
1	6	0.7854887257917964	2.214511274208202	0.1428571428571428	0.2618295752639322	1.273092747438189	2.709401424088616	1.436308676650428	0.4159471120353886	0.8805746599723066	0.3937346113115796
0	0	0.772284463550039	2.22771553644996	0	0.2574281545166797	0	0	0	0	0	0
1	1	0.7722844635500388	2.227715536449959	0.5	0.2574281545166797	1.294859662724792	0.4488903469217524	-0.8459693158030395	0.9337307452621366	0.4485870542954958	-0.2319051643662111
0	0	0	1.269383564099079	0	0	0	0	0	0	0	0
2	7	0.9975950200145421	2.002404979985458	0.2222222222222222	0.3325316733381807	2.004821555715911	3.495796339884669	1.490974784168758	0.3791512505746142	0.8558029263263426	0.4087202052480042
2	0	0.9999999999999997	1.932944229699489	1	0.3409543181468747	2.000000000000001	0	-2.000000000000001	1	0.1162498470630001	-0.5482590444691825
3	0	0.9999999999999997	1.999999999999999	1	0.3333333333333333	3.000000000000001	0	-3.000000000000001	1	0.03703703703703698	-0.8223885667037736
1	1	0.9999999999999999	2	0.5	0.3333333333333334	1	0.5000000000000001	-0.5000000000000001	0.888888888888889	0.5555555555555556	-0.1370647611172956
2	0	0.8297825508450125	1.397932985604948	1	0.3724813771184341	2.410270013467133	0	-2.410270013467133	1	0.1387423763000452	-0.6607261672481066
5	6	0.7725198299446844	2.227480170055316	0.4545454545454545	0.2575066099815614	6.472325765874541	2.693626673161809	-3.778699092712733	0.9606050158529693	0.1270424640487444	-1.035852976953624
5	0	0.9999999999999996	1.939860875888825	1	0.340152150804641	5.000000000000003	0	-5.000000000000003	0.9999999999999998	0.004553717732780238	-1.370647611172956
0	6	0.9837003270626078	1.998629139672378	0	0.3298429425839224	0	3.002057700901699	3.002057700901699	0.09058568504897201	0.909414314951028	0.8229526432688578
3	0	0.7722844635500395	2.227715536449962	1	0.2574281545166797	3.884578988174372	0	-3.884578988174372	1	0.01705957194836383	-1.064877782110772
2	2	0.9470274627674971	2.000862332394773	0.5	0.3212560606307763	2.111871174417057	0.9995690196267821	-1.112302154790275	0.899332585196279	0.3859438105954197	-0.3049148582731643
1	7	0.9999999999999996	1.999999999999999	0.125	0.3333333333333333	1	3.500000000000002	2.500000000000001	0.1950922115531171	0.9609815576893765	0.6853238055864781
0	0	0.772284463550039	2.086514871413392	0	0.2701429422152563	0	0	0	0	0	0
0	10	0.463528639305961	2.491547688726525	0	0.1568584320170783	0	4.013569575748791	4.013569575748791	0.1815536611432784	0.8184463388567216	1.100237910255307
1	0	0.9485280299573987	2.051408316786418	1	0.3161827186723303	1.054265101733381	0	-1.054265101733381	1	0.3161827186723303	-0.2890051886467742
3	19	0.9245964258763189	1.983571652304123	0.1363636363636364	0.3179308764212874	3.244658876067625	9.578680950561854	6.334022074494229	0.04802962059895853	0.9864258552911721	1.736342445104456
6	0	0.9999999999999996	1.99978925011256	1	0.3333567516326278	6.000000000000003	0	-6.000000000000003	0.9999999999999998	0.001372320443663422	-1.644777133407547
0	11	0.8264755063175281	2.171390339673519	0	0.2756879556244147	0	5.065878667238574	5.065878667238574	0.02878609651653819	0.9712139034834618	1.388706898748518
2	11	0.7824277844702455	2.192449242448923	0.1538461538461539	0.2630118076781616	2.556146445328664	5.017219914160117	2.461073468831454	0.2946925337828527	0.8932871537851758	0.6746528941949942
1	0	0.772284463550039	2.22771553644996	1	0.2574281545166797	1.294859662724791	0	-1.294859662724791	1	0.2574281545166797	-0.3549592607035909
0	0	0.772284463550039	2.22771553644996	0	0.2574281545166797	0	0	0	0	0	0
1	0	0.7722844635500389	2.22771553644996	1	0.2574281545166797	1.294859662724792	0	-1.294859662724792	1	0.2574281545166797	-0.3549592607035909
1	0	0.772284463550039	2.22771553644996	1	0.2574281545166797	1.294859662724791	0	-1.294859662724791	1	0.2574281545166797	-0.3549592607035909
3	2	0.8965584885328451	2.000403893838887	0.6	0.3094822680434104	3.346128599941415	0.9997980938548804	-2.346330506086534	0.9654880051516382	0.1758493576452483	-0.6431984606379479
4	0	1.628549403804662	1.214451015254787	1	0.5728277044515651	2.456173568118406	0	-2.456173568118406	0.9999999999999999	0.1076703331286657	-0.6733096867535296
1	0	0.7722844635500389	2.22771553644996	1	0.2574281545166797	1.294859662724792	0	-1.294859662724792	1	0.2574281545166797	-0.3549592607035909
0	0	0	1.269383564099079	0	0	0	0	0	0	0	0
5	0	1.638098443004089	1.221134216804378	1	0.5729154070007795	3.052319609577651	0	-3.052319609577651	0.9999999999999998	0.06172377903690252	-0.8367309162807951
2	3	0.9293424153178957	2.067305842666105	0.4	0.3101272939998344	2.152059313160553	1.451164089069203	-0.7008952240913495	0.8232658966204356	0.4925157378665868	-0.1921360729166683
5	4	0.7833705453925681	2.1208662767302	0.5555555555555556	0.2697337005802392	6.382675515958243	1.886021784535569	-4.496653731422675	0.9852149317880986	0.06594990994135064	-1.232665539049289
4	7	1.553296603651892	1.222870689153374	0.3636363636363636	0.5595111676725772	2.575168187837251	5.724235654749635	3.149067466912384	0.1575884250989717	0.9464738443594404	0.8632523601891859
2	10	0.7939444770760145	2.160239371185514	0.1666666666666667	0.2687525617416239	2.519067841325275	4.629116630955632	2.110048789630357	0.3348697188894173	0.8735278927134547	0.5784266665930469
0	4	0.7727062666220276	2.148197838743134	0	0.2645435244528257	0	1.862025893453238	1.862025893453238	0.2925687288418091	0.7074312711581909	0.5104362685607738
5	1	0.8149726174017202	2.081862664141873	0.8333333333333334	0.2813320531526591	6.135175456496811	0.4803390815465687	-5.654836374950243	0.9995041899859568	0.008095145265591519	-1.550157593779897
3	0	0.772284463550039	2	1	0.2785733115428902	3.884578988174374	0	-3.884578988174374	1	0.02161814974050991	-1.064877782110772
0	1	0.9999999999999997	1.999249739062368	0	0.3334167165127843	0	0.5001876356222469	0.5001876356222469	0.6665832834872157	0.3334167165127843	0.1371161975807763
4	1	0.9980174734137888	2.000991263293105	0.8	0.3327824494801828	4.007945859222003	0.4997523069412424	-3.508193552280761	0.9959186666268579	0.04499600991838315	-0.9616994223931981
8	2	1.664480070496016	1.224345992478669	0.8	0.5761787086558149	4.806305669743463	1.63352517367336	-3.172780496070103	0.9663057132350563	0.1318771519917703	-0.8697528015429262
4	0	0.772284463550039	2.22771553644996	1	0.2574281545166797	5.179438650899166	0	-5.179438650899166	1	0.004391614123511745	-1.419837042814363
5	0	0.9999999999999998	2	1	0.3333333333333334	5.000000000000001	0	-5.000000000000001	1	0.004115226337448541	-1.370647611172956
4	0	0.9999999999999997	1.999999999999999	1	0.3333333333333333	4.000000000000002	0	-4.000000000000002	1	0.01234567901234551	-1.096518088938365
0	0	0	2.999999999999999	0	0	0	0	0	0	0	0
1	0	0.9999999999999997	1.999999999999999	1	0.3333333333333333	1	0	-1	1	0.3333333333333333	-0.2741295222345912
1	0	0.772284463550039	2.22771553644996	1	0.2574281545166797	1.294859662724791	0	-1.294859662724791	1	0.2574281545166797	-0.3549592607035909
1	2	0.7723098618615098	2.227626348378928	0.3333333333333333	0.2574420946769435	1.294817079753048	0.89781663852891	-0.3970004412241378	0.835295390686119	0.5905593312064115	-0.1088295412796948
1	3	0.8199973087605625	2.128820034994648	0.25	0.2780766704648874	1.219516197573275	1.409231382025931	0.1897151844526563	0.6901238316059439	0.7283783979056847	0.05200653287465401
1	9	0.8136223449682002	1.743351798340998	0.1	0.3181973298780496	1.229071455798186	5.162469220821952	3.933397765023765	0.1230099427614893	0.9782936412200536	1.078260450084573
0	1	0.772284463550039	2.227504951942886	0	0.257446225912207	0	0.4489327842471348	0.4489327842471348	0.742553774087793	0.257446225912207	0.1230657296611118
1	0	0.772284463550039	2.22771553644996	1	0.2574281545166797	1.294859662724791	0	-1.294859662724791	1	0.2574281545166797	-0.3549592607035909
1	0	0.8139023404919287	2.082773207397732	1	0.2809780823002037	1.228648635407035	0	-1.228648635407035	1	0.2809780823002037	-0.3368088634183128
4	0	1.638196993207537	1.221097228498928	1	0.572937538491523	2.441708791180313	0	-2.441708791180313	1	0.1077529357629553	-0.6693444643622604
0	0	0.772284463550039	1.999999999999999	0	0.2785733115428902	0	0	0	0	0	0
1	0	0.9134851285866069	2.086514871413392	1	0.3044950428622024	1.094708571279374	0	-1.094708571279374	1	0.3044950428622024	-0.3000919376309267
0	0	0	1.269383564099079	0	0	0	0	0	0	0	0
3	0	0.9999999999999997	1.998982671025542	1	0.3334464082308407	3.000000000000001	0	-3.000000000000001	1	0.03707474145691758	-0.8223885667037736
1	1	0.9999733502291775	2.000026649770822	0.5	0.3333244500763926	1.000026650481052	0.4999933376460697	-0.5000333128349821	0.8888948109812705	0.5555437111340555	-0.1370738931488335
0	0	0.772284463550039	2.22771553644996	0	0.2574281545166797	0	0	0	0	0	0
0	0	0.772284463550039	2.22771553644996	0	0.2574281545166797	0	0	0	0	0	0
5	0	0.9999999999999997	1.999999999999999	1	0.3333333333333333	5.000000000000002	0	-5.000000000000002	1	0.004115226337448097	-1.370647611172956
4	5	0.9473281350286735	2.052671864971326	0.4444444444444444	0.3157760450095579	4.22240177621129	2.435849628635041	-1.78655214757625	0.8806975663850566	0.3071816084466543	-0.4897466866622601
4	0	0.9999999999999997	1.999999999999999	1	0.3333333333333333	4.000000000000002	0	-4.000000000000002	1	0.01234567901234551	-1.096518088938365
2	3	0.7723223979245478	2.227615502727506	0.4	0.257446128387084	2.589592125483573	1.346731514629334	-1.242860610854239	0.888475636868378	0.3828911113464277	-0.3407047854576647
0	8	0.8242471103311731	2.123237976570305	0	0.2796442004046429	0	3.767830119976711	3.767830119976711	0.07250641897765814	0.9274935810223419	1.032873470650318
0	1	0.7735494294349184	2.224379795505748	0	0.258027915735812	0	0.4495635151966637	0.4495635151966637	0.741972084264188	0.258027915735812	0.1232386316349647
0	0	0.8134237723557954	1.414291764094165	0	0.3651380793671934	0	0	0	0	0	0
3	8	0.9349158527926473	2.065084147207351	0.2727272727272727	0.3116386175975493	3.208844936192736	3.873934149762633	0.6650892135698965	0.5354380430367931	0.7163121060875439	0.1823205883592957
1	7	0.7727872906866441	2.226850215545117	0.125	0.2576268929432889	1.294017140358857	3.143453453283319	1.849436312924462	0.3483684892155511	0.9077475630840749	0.5069850928652865
7	1	1.765802587034826	1.234040518933081	0.875	0.5886316466090934	3.964203049308334	0.8103461634019716	-3.153856885906362	0.9855871834466152	0.09499260389504238	-0.8645652813297864
0	0	0.772284463550039	1.999999999999999	0	0.2785733115428902	0	0	0	0	0	0
5	5	0.9989363398902515	2.001063660109746	0.5	0.3329787799634174	5.005323963436275	2.498671131594974	-2.506652831841301	0.923799034484034	0.2124023685637479	-0.6871475432006409
1	1	0.8416222868020922	1.386093249647868	0.5	0.3777961202996696	1.188181462969208	0.7214521824228253	-0.4667292805463825	0.8572700914865177	0.6128623320858567	-0.1279442746890743
1	7	1	1.939892625135693	0.125	0.3401484773457821	0.9999999999999996	3.608447142537262	2.608447142537262	0.1841508749282565	0.9640606857983304	0.715052368957924
0	3	1	1.787367037181051	0	0.3587615074229084	0	1.678446529220688	1.678446529220688	0.2636688065970272	0.7363311934029728	0.4601117451515748
1	0	0.9999999999999998	1.953550785909349	1	0.3385755223071664	1	0	-1	1	0.3385755223071665	-0.2741295222345911
0	2	0.8964782960577087	2.000252599702684	0	0.3094793159315488	0	0.9998737160982962	0.9998737160982962	0.4768188151263618	0.5231811848736382	0.2740949040889512
2	1	0.9403297257908759	2.059670274209124	0.6666666666666666	0.3134432419302919	2.126913512510598	0.4855146051879501	-1.641398907322648	0.969205246527772	0.2331504907908587	-0.4499558982607375
1	1	0.988027226086012	2.011972773913988	0.5	0.3293424086953374	1.012117858291635	0.4970246183076582	-0.5150932399839773	0.8915335778347534	0.550218395225428	-0.1412022637830753
5	0	0.9999999999999997	1.999999999999999	1	0.3333333333333333	5.000000000000002	0	-5.000000000000002	1	0.004115226337448097	-1.370647611172956
3	0	0.9999999999999998	2	1	0.3333333333333334	3.000000000000001	0	-3.000000000000001	0.9999999999999999	0.0370370370370372	-0.8223885667037736
1	0	0.9999999999999998	2	1	0.3333333333333334	1	0	-1	1	0.3333333333333334	-0.2741295222345911
1	1	0.8137182742955972	2.082957273594064	0.5	0.280914538353604	1.228926560443366	0.4800866598067745	-0.7488399006365918	0.9210870221415814	0.4829160988487896	-0.2052791241917076
2	0	0.8968944563387999	2.000217033292365	1	0.3095823062208022	2.229916782141983	0	-2.229916782141983	1	0.09584120432499055	-0.6112860221114785
5	0	0.7722844635500392	2.227715536449961	1	0.2574281545166797	6.474298313623955	0	-6.474298313623955	1	0.001130525119164894	-1.774796303517954
0	0	0.8134237723557954	1.414291764094165	0	0.3651380793671934	0	0	0	0	0	0
2	0	0.8134875176358576	1.414228018814103	1	0.3651666940080752	2.458550323934119	0	-2.458550323934119	1	0.1333467144127871	-0.6739612256897592
0	5	0.9999999999999996	1.999999999999999	0	0.3333333333333333	0	2.500000000000001	2.500000000000001	0.131687242798354	0.868312757201646	0.6853238055864781
4	1	0.9999999999999996	1.999999999999999	0.8	0.3333333333333333	4.000000000000002	0.5000000000000002	-3.500000000000002	0.9958847736625519	0.04526748971193373	-0.9594533278210694
2	8	0.9149158700435367	2.085084129956464	0.2	0.3049719566811789	2.185993341556999	3.836775641358433	1.650782299801434	0.3696275105696777	0.8582759662132715	0.4525281631578866
5	0	1	2	1	0.3333333333333333	5	0	-5	1	0.004115226337448097	-1.370647611172956
3	2	0.7722844635500388	2.22771553644996	0.6	0.2574281545166797	3.884578988174376	0.8977806938435046	-2.986798294330871	0.9825640298591011	0.1115046583459518	-0.8187695894360133
1	1	0.913779010612357	2.086220989387642	0.5	0.3045930035374524	1.094356500189103	0.4793356049463987	-0.615020895242704	0.9072231021960334	0.5164091092709384	-0.168595384177173
4	0	0.9999999999999994	1.94575131821409	1	0.33947196893941	4.000000000000003	0	-4.000000000000003	1	0.01328053825596454	-1.096518088938365
6	2	0.9957387450351274	2.002161654578721	0.75	0.3321453725291827	6.025676945802017	0.9989203396370232	-5.026756606164994	0.997469175897798	0.01929920565628473	-1.377982386837584
0	10	0.8975815198099348	1.999436226842383	0	0.3098294861490392	0	5.001409830306285	5.001409830306285	0.02452245859511448	0.9754775414048855	1.371034087281249
2	4	0.9999999999999996	1.999999999999999	0.3333333333333333	0.3333333333333333	2.000000000000001	2.000000000000001	0	0.6803840877914954	0.6488340192043894	0
7	2	0.6333977408206956	1.77646545259536	0.7777777777777778	0.2628355595252005	11.05150768446076	1.125831069260628	-9.925676615200128	0.9998429083632122	0.00185228836464757	-2.720920988379865
3	3	0.7640980044962374	2.235881295925723	0.5	0.2547010922337909	3.926197925327487	1.341752804796333	-2.584445120531154	0.9598685428583944	0.1769402062603466	-0.7084727061327254
2	0	0.9482402828181128	2.051123034472035	1	0.3161471894224622	2.109170045018675	0	-2.109170045018675	1	0.09994904537972205	-0.5781857767524803
5	28	0.8409708543485461	2.159029145651454	0.1515151515151515	0.280323618116182	5.945509257717647	12.96879204080935	7.023282783091708	0.06728244726682177	0.9737856969926111	1.925289153847359
9.5	12.5	1.002645992260814	1.997354007739186	0.4318181818181818	0.3342153307536048	9.474929410109089	6.25827967979938	-3.216649730309709	0.8772613047096242	0.2307410395176601	-0.8817786537658269
6	1	1	2	0.8571428571428571	0.3333333333333333	6	0.5	-5.5	0.9995427526291726	0.00685871056241405	-1.507712372290251
3	0	0.7722844635500388	2.227715536449959	1	0.2574281545166797	3.884578988174376	0	-3.884578988174376	1	0.01705957194836383	-1.064877782110773
4	6	0.87290726934878	2.012322069493021	0.4	0.302543460790949	4.582388233499468	2.981630073515829	-1.600758159983639	0.8453345433184192	0.3571879565602618	-0.4388150696094382
0	1	0.2771437713019849	2.722856228698015	0	0.09238125710066163	0	0.3672614034704905	0.3672614034704905	0.9076187428993384	0.09238125710066158	0.100677193068571
0	0	0.772284463550039	2.22771553644996	0	0.2574281545166797	0	0	0	0	0	0
2	0	0.9108039709451192	2.08919602905488	1	0.3036013236483732	2.195862187474488	0	-2.195862187474488	0.9999999999999998	0.09217376372104447	-0.6019506523453856
0	1	0.772284463550039	2.000910686993	0	0.2784818311105198	0	0.4997724318734165	0.4997724318734165	0.7215181688894803	0.2784818311105197	0.1370023779754794
0	0	0	1.269383564099079	0	0	0	0	0	0	0	0
1	0	0.9999999999999997	1.999999999999999	1	0.3333333333333333	1	0	-1	1	0.3333333333333333	-0.2741295222345912
0	1	0.1870768697907083	2.812923130209291	0	0.0623589565969028	0	0.3555020715854389	0.3555020715854389	0.9376410434030972	0.06235895659690283	0.09745361303712377
7	0	0.9999999999999999	2	1	0.3333333333333334	7.000000000000001	0	-7.000000000000001	1	0.0004572473708274183	-1.918906655642138
0	0	0.8134237723557954	2.083251775533865	0	0.2808128694110757	0	0	0	0	0	0
10	0	0.9999999999999997	1.999999999999999	1	0.3333333333333333	10	0	-10	1.000000000000001	1.693508780764574e-05	-2.741295222345912
4	0	0.9999999999999998	1.932861590242605	1	0.340963925241791	4.000000000000001	0	-4.000000000000001	1	0.0135155501494757	-1.096518088938365
1	0	0.772284463550039	2.22771553644996	1	0.2574281545166797	1.294859662724791	0	-1.294859662724791	1	0.2574281545166797	-0.3549592607035909
0	1	0.1862307568886297	2.81376924311137	0	0.06207691896287657	0	0.3553951705343947	0.3553951705343947	0.9379230810371234	0.06207691896287659	0.09742430830307465
1	1	0.9999301713090559	2.000069828690943	0.5	0.3333100571030188	1.000069833567331	0.4999825434367487	-0.5000872901305818	0.8889044058339824	0.5555245200400198	-0.1370886899190877
3	0	1.638203512710024	1.221127205961789	1	0.5729325055028912	1.831274305496515	0	-1.831274305496515	1	0.1880660436283856	-0.5020063504462422
5	0	0.9134851285866071	2.086514871413392	1	0.3044950428622024	5.47354285639687	0	-5.47354285639687	1	0.002617587052698989	-1.500459688154633
2	1	0.7722970860506575	2.227671211594621	0.6666666666666666	0.257435082449653	2.589676998818578	0.4488992786705609	-2.140777720148018	0.9829390506877039	0.1646965664029867	-0.5868503736346332
1	0	0.7722844635500389	2.22771553644996	1	0.2574281545166797	1.294859662724792	0	-1.294859662724792	1	0.2574281545166797	-0.3549592607035909
1	0	0.9999999999999998	2	1	0.3333333333333334	1	0	-1	1	0.3333333333333334	-0.2741295222345911
4	0	0.9999999999999998	1.999792713956472	1	0.3333563667074465	4.000000000000001	0	-4.000000000000001	0.9999999999999999	0.01234909171777343	-1.096518088938365
4	0	0.7722844635500391	2.227715536449961	1	0.2574281545166797	5.179438650899165	0	-5.179438650899165	1	0.004391614123511745	-1.419837042814363
1	0	1.772284463550039	1.227715536449961	1	0.5907614878500131	0.5642435063708191	0	-0.5642435063708191	1	0.5907614878500131	-0.1546758028254031
0	0	0.9134851285866069	2.086514871413392	0	0.3044950428622024	0	0	0	0	0	0
4	0	0.9999999999999997	1.999999999999999	1	0.3333333333333333	4.000000000000002	0	-4.000000000000002	1	0.01234567901234551	-1.096518088938365
1	0	0.9999999999999997	1.999999999999999	1	0.3333333333333333	1	0	-1	1	0.3333333333333333	-0.2741295222345912
2	0	1.023840499620494	1.974494782834337	1	0.3414696500460228	1.953429270224549	0	-1.953429270224549	1	0.1166015219025532	-0.5354926325657217
2	0	0.9999999999999997	1.999999999999999	1	0.3333333333333333	2.000000000000001	0	-2.000000000000001	1	0.1111111111111109	-0.5482590444691825
1	0	0.772284463550039	2	1	0.2785733115428902	1.294859662724791	0	-1.294859662724791	1	0.2785733115428901	-0.3549592607035909
3	0	0.772284463550039	2.22771553644996	1	0.2574281545166797	3.884578988174374	0	-3.884578988174374	1	0.01705957194836383	-1.064877782110772
0	1	0.8134493624848547	2.083226185404806	0	0.2808217037208339	0	0.4800246881524691	0.4800246881524691	0.7191782962791661	0.2808217037208339	0.131588938424045
0	2	0.1854441261132341	2.814555873886765	0	0.06181470870441139	0	0.7105916846618139	0.7105916846618139	0.8801916408033884	0.1198083591966116	0.1947941590202163
3	4	1.124374343601996	1.109185439306656	0.4285714285714285	0.5034001562016754	2.668150529288434	3.606250008565178	0.9380994792767439	0.4925625022566931	0.7789778622955439	0.2571607620626525
0	4	0.7798865518151794	2.220113448184819	0	0.2599621839383933	0	1.801709729415147	1.801709729415147	0.2999270606017414	0.7000729393982585	0.4939018273299888
5	0	0.9999999999999997	1.999729802845509	1	0.333363357943576	5.000000000000002	0	-5.000000000000002	0.9999999999999998	0.004117080042361887	-1.370647611172956
0	2	0.8136036928256315	2.083071855064029	0	0.2808749821561386	0	0.9601205043109394	0.9601205043109394	0.517140791288934	0.482859208711066	0.2631973751343925
0	1	0.7723545189409479	2.227645481059051	0	0.2574515063136494	0	0.4489044637051436	0.4489044637051436	0.7425484936863507	0.2574515063136493	0.1230579661644663
3	0	0.9999999999999998	1.775121565595666	1	0.3603445745935656	3.000000000000001	0	-3.000000000000001	1	0.04679009887307284	-0.8223885667037736
0	1	0.1873253683819412	2.812674631618058	0	0.06244178946064709	0	0.3555334800402158	0.3555334800402158	0.937558210539353	0.06244178946064705	0.09746222302182589
0	0	0	2.999999999999999	0	0	0	0	0	0	0	0
6	3	0.9101729157517218	2.013521392304161	0.6666666666666666	0.3113091930452001	6.59215397004484	1.489927055886388	-5.102226914158452	0.9945874500558348	0.03038745338005322	-1.398671026310728
3	0	0.9999999999999997	1.774335099662238	1	0.3604467247383868	3.000000000000001	0	-3.000000000000001	0.9999999999999997	0.04682990219546612	-0.8223885667037736
0	1	0.7722844635500391	2.227715536449961	0	0.2574281545166797	0	0.4488903469217521	0.4488903469217521	0.7425718454833203	0.2574281545166797	0.1230540963373798
1	2	0.9999999999999999	2	0.3333333333333333	0.3333333333333334	1	1	0	0.7407407407407406	0.7037037037037037	0
2	3	0.9966482579840001	2.003351742015999	0.4	0.3322160859946668	2.006726027942455	1.49749039925513	-0.5092356286873245	0.7917758595214877	0.5368858988468206	-0.1395965195968879
1	0	0.913485128586607	2.086514871413392	1	0.3044950428622024	1.094708571279374	0	-1.094708571279374	1	0.3044950428622024	-0.3000919376309267
2	7	0.9771334941186849	2.021924154622956	0.2222222222222222	0.3258135082960727	2.046803238286166	3.462048753903602	1.415245515617437	0.3958677019557619	0.8460685783605291	0.3879605770408555
0	4	0.8155295525547678	2.101406770575916	0	0.2795842837184316	0	1.903486776576699	1.903486776576699	0.2693597588290035	0.7306402411709965	0.5218019206428323
2	0	0.7722844635500389	2.086514871413392	1	0.2701429422152562	2.589719325449583	0	-2.589719325449583	1	0.07297720922871509	-0.7099185214071818
3	5	0.7901189044983805	2.189557342897515	0.375	0.2651693804616892	3.796896875799469	2.283566592224222	-1.513330283575247	0.8641341979996594	0.3595804245552539	-0.4148485076196208
3	1	0.9998596773308899	2.000070124618792	0.75	0.3332943579816674	3.000421027086975	0.4999824694599632	-2.500438557627012	0.9876600941011873	0.1110764693922308	-0.6854440271792429
1	5	0.8342133490063185	2.105905856052009	0.1666666666666667	0.2837345327941453	1.198734114230083	2.374275177416343	1.175541063186261	0.4559814369746459	0.8649657054230491	0.3222505100183929
1	0	0.7722844635500389	2.086514871413392	1	0.2701429422152562	1.294859662724792	0	-1.294859662724792	1	0.2701429422152561	-0.3549592607035909
3	0	0.912813283639163	2.087186716360836	1	0.3042710945463878	3.286542882066456	0	-3.286542882066456	0.9999999999999999	0.02816969146565518	-0.9009384300643736
2	0	0.9999999999999997	1.999999999999999	1	0.3333333333333333	2.000000000000001	0	-2.000000000000001	1	0.1111111111111109	-0.5482590444691825
0	0	0.9999999999999997	1.999999999999999	0	0.3333333333333333	0	0	0	0	0	0
2	0	0.7722844635500391	2.227715536449961	1	0.2574281545166797	2.589719325449582	0	-2.589719325449582	1	0.06626925473786338	-0.7099185214071816
2	0	0.9999999999999997	1.932716433492063	1	0.3409808014780595	2.000000000000001	0	-2.000000000000001	0.9999999999999999	0.1162679069766199	-0.5482590444691825
0	0	0.772284463550039	2.22771553644996	0	0.2574281545166797	0	0	0	0	0	0
3	0	0.9134851285866072	2.086514871413392	1	0.3044950428622025	3.284125713838122	0	-3.284125713838122	1	0.02823193726627982	-0.9002758128927798
2	1	0.9999999999999997	1.999999999999999	0.6666666666666666	0.3333333333333333	2.000000000000001	0.5000000000000002	-1.500000000000001	0.962962962962963	0.2592592592592592	-0.4111942833518868
0	0	0.772284463550039	2.22771553644996	0	0.2574281545166797	0	0	0	0	0	0
0	2	0.772912793050295	2.227087206949704	0	0.2576375976834318	0	0.8980339852696066	0.8980339852696066	0.5511019363732264	0.4488980636267736	0.2461776273323831
0	1	0.8135520091890994	2.083123538700562	0	0.2808571397586462	0	0.4800483415514537	0.4800483415514537	0.7191428602413539	0.2808571397586461	0.1315954225190078
1	0	0.9999999999999994	1.999999999999999	1	0.3333333333333334	1.000000000000001	0	-1.000000000000001	1	0.3333333333333334	-0.2741295222345913
3	0	0.7722844635500392	2.227715536449961	1	0.2574281545166797	3.884578988174373	0	-3.884578988174373	1	0.01705957194836383	-1.064877782110772
1	0	0.8134396748520538	1.414275861597906	1	0.3651452178442558	1.229347462283392	0	-1.229347462283392	1	0.3651452178442558	-0.3370004324960533
2	0	0.772284463550039	2.22771553644996	1	0.2574281545166797	2.589719325449583	0	-2.589719325449583	1	0.06626925473786338	-0.7099185214071817
3	2	0.9994989967810206	2.000501003218979	0.6	0.3331663322603403	3.001503763047065	0.9997495611258517	-2.001754201921214	0.9548149283171328	0.2096291962047232	-0.5487399230037475
0	0	0.772284463550039	2.22771553644996	0	0.2574281545166797	0	0	0	0	0	0
6	2	0.9467456159880692	2.050618446258713	0.75	0.3158594005689125	6.337499639476135	0.97531552183632	-5.362184117639815	0.9981842376286123	0.01482978627378384	-1.469932970302515
2	0	0.913485128586607	2.086514871413392	1	0.3044950428622024	2.189417142558749	0	-2.189417142558749	1	0.09271723112765451	-0.6001838752618534
0	0	0.9999999999999997	1.999999999999999	0	0.3333333333333333	0	0	0	0	0	0
7	0	0.7722844635500392	2	1	0.2785733115428902	9.064017639073537	0	-9.064017639073537	1	0.0001301896766384703	-2.484714824925135
3	0	0.9999999999999997	1.998946457244166	1	0.3334504347633248	3.000000000000001	0	-3.000000000000001	1	0.03707608456138489	-0.8223885667037736
1	3	0.9999999999999998	2	0.25	0.3333333333333334	1	1.5	0.5000000000000002	0.5925925925925926	0.8024691358024691	0.1370647611172956
3	0	0.7722844635500388	2.086514871413391	1	0.2701429422152562	3.884578988174376	0	-3.884578988174376	1	0.01971427801570325	-1.064877782110773
3	0	0.9999999999999999	2	1	0.3333333333333334	3	0	-3	0.9999999999999999	0.0370370370370372	-0.8223885667037735
2	0	0.8968192391130576	2.000142460372911	1	0.3095723492900122	2.230103807739421	0	-2.230103807739421	1	0.09583503944493732	-0.6113372913491498
1	0	0.772284463550039	2	1	0.2785733115428901	1.294859662724791	0	-1.294859662724791	1	0.2785733115428901	-0.3549592607035909
5	3	0.9997335455565254	2.000266454443474	0.625	0.3332445151855085	5.001332627301839	1.499800185788086	-3.501532441513753	0.9803656396870882	0.08785297071030895	-0.9598734152810864
1	0	0.86522796431007	2.031447583579591	1	0.2986968854487074	1.155764770961138	0	-1.155764770961138	1	0.2986968854487074	-0.3168292444791485
1	1	0.8135040059341989	1.4154054378312	0.5	0.3649784912571007	1.229250246717145	0.7065113452808842	-0.5227389014362611	0.8667907009196902	0.5967476834338921	-0.1432981653041573
0	4	0.7722844635500393	2.227715536449961	0	0.2574281545166797	0	1.795561387687008	1.795561387687008	0.3040562366905185	0.6959437633094816	0.4922163853495189
6	0	0.9999999999999996	1.999999999999999	1	0.3333333333333333	6.000000000000003	0	-6.000000000000003	1	0.001371742112482699	-1.644777133407547
5	0	1.771745798987311	1.227689505874415	1	0.590693120173495	2.822075267714977	0	-2.822075267714977	0.9999999999999999	0.07191335710043911	-0.7736141448487623
4	0	0.8140916278697889	2.082583920019872	1	0.2810434287205158	4.913451831542218	0	-4.913451831542218	1	0.00623869480756567	-1.346922203103345
2	0	1.638589038321995	1.221254801685977	1	0.5729645148447782	1.22056229672335	0	-1.22056229672335	1	0.3282883352713121	-0.3345921592583272
1	0	0.9999999999999997	1.999999999999999	1	0.3333333333333333	1	0	-1	1	0.3333333333333333	-0.2741295222345912
2	0	0.9999999999999999	2	1	0.3333333333333334	2	0	-2	1	0.111111111111111	-0.5482590444691823
5	0	0.9999999999999997	1.969338163215155	1	0.3367753839519628	5.000000000000002	0	-5.000000000000002	1	0.004332132185524529	-1.370647611172956
0	0	0	2.999999999999999	0	0	0	0	0	0	0	0
6	0	1.114934841433779	1.433853827118375	1	0.4374371461982059	5.381480403181359	0	-5.381480403181359	1	0.00700638434694012	-1.475222651838921
1	0	0.772284463550039	2.22771553644996	1	0.2574281545166797	1.294859662724791	0	-1.294859662724791	1	0.2574281545166797	-0.3549592607035909
3	1	0.9997509251950356	2.000249074804964	0.75	0.3332503083983452	3.000747410576037	0.4999377390525756	-2.500809671523461	0.9876666163833597	0.1110373249551786	-0.6855457604543711
2	0	0.9999999999999996	1.999999999999999	1	0.3333333333333333	2.000000000000001	0	-2.000000000000001	1	0.1111111111111109	-0.5482590444691825
0	0	0.8653082179504601	2.067345891024769	0	0.2950597601340816	0	0	0	0	0	0
1	2	0.8136355325280022	2.083040015361659	0.3333333333333333	0.2808859739644528	1.229051534773752	0.9601351799536882	-0.2689163548200636	0.8076312911496657	0.6281281719132521	-0.07371791186789181
4	0	0.9999999999999998	1.999813384279084	1	0.333354069703346	4.000000000000001	0	-4.000000000000001	1	0.01234875135383873	-1.096518088938365
0	0	0.1865762276442043	2.813423772355795	0	0.06219207588140144	0	0	0	0	0	0
2	0	0.7722844635500392	2.227715536449961	1	0.2574281545166797	2.589719325449582	0	-2.589719325449582	1	0.06626925473786338	-0.7099185214071815
12	0	0.9999999999999996	1.99989625323305	1	0.3333448611505411	12.00000000000001	0	-12.00000000000001	0.9999999999999989	1.882457471236165e-06	-3.289554266815095
1	0	0.9999999999999996	1.999999999999999	1	0.3333333333333333	1	0	-1	1	0.3333333333333333	-0.2741295222345912
4	0	0.5947993560596878	2.405200643940312	1	0.1982664520198959	6.724956843427722	0	-6.724956843427722	1	0.001545243551220654	-1.843509206537085
9	0	0.9999999999999999	2	1	0.3333333333333334	9.000000000000002	0	-9.000000000000002	0.9999999999999998	5.080526342549074e-05	-2.467165700111321
6	0	0.9999999999999997	1.999999999999999	1	0.3333333333333333	6.000000000000002	0	-6.000000000000002	1	0.001371742112482699	-1.644777133407547
1	0	0.7722844635500391	2.22771553644996	1	0.2574281545166797	1.294859662724791	0	-1.294859662724791	1	0.2574281545166797	-0.3549592607035908
0	0	0.1865762276442043	2.813423772355795	0	0.06219207588140144	0	0	0	0	0	0
1	0	0.813455730498379	2.11919837847685	1	0.2773786816552425	1.229323197941369	0	-1.229323197941369	1	0.2773786816552426	-0.3369937809235672
1	0	0.7722844635500389	2.22771553644996	1	0.2574281545166797	1.294859662724792	0	-1.294859662724792	1	0.2574281545166797	-0.3549592607035909
2	0	0.9999999999999998	2	1	0.3333333333333334	2	0	-2	1	0.111111111111111	-0.5482590444691823
0	0	0	1.269383564099079	0	0	0	0	0	0	0	0
6	0	0.8647169265599614	2.067937182415268	1	0.2948581368370521	6.93868688782276	0	-6.93868688782276	0.9999999999999997	0.0006571714712300114	-1.902098921494275
2	0	0.9999999999999998	1.932757786221141	1	0.3409759935505959	2	0	-2	1	0.1162646281778159	-0.5482590444691823
0	0	0	2.999999999999999	0	0	0	0	0	0	0	0
6	15	0.9262927285379835	2.073261219165327	0.2857142857142857	0.3088101580060678	6.477433985118414	7.234978333332663	0.7575443482142488	0.5151056307572804	0.6696601211974949	0.2076652702474867
1	0	0.7722844635500394	2.227715536449961	1	0.2574281545166797	1.294859662724791	0	-1.294859662724791	1	0.2574281545166797	-0.3549592607035907
0	0	0.9999999999999997	1.999999999999999	0	0.3333333333333333	0	0	0	0	0	0
0	0	0	1.269383564099079	0	0	0	0	0	0	0	0
2	0	0.7722844635500389	1.999999999999999	1	0.2785733115428902	2.589719325449583	0	-2.589719325449583	1	0.07760308990397191	-0.7099185214071818
2	0	0.9999999999999997	1.999999999999999	1	0.3333333333333333	2.000000000000001	0	-2.000000000000001	1	0.1111111111111109	-0.5482590444691825
1	0	0.7722844635500391	2.22771553644996	1	0.2574281545166797	1.294859662724791	0	-1.294859662724791	1	0.2574281545166797	-0.3549592607035908
4	0	0.9487301461750643	2.051014464210842	1	0.3162703061088302	4.216162009952512	0	-4.216162009952512	1	0.01000538202919565	-1.155774477451916
2	0	0.772284463550039	2.22771553644996	1	0.2574281545166797	2.589719325449583	0	-2.589719325449583	1	0.06626925473786338	-0.7099185214071817
5	0	0.8145525643254049	1.413162972124555	1	0.3656447831860339	6.138339278498121	0	-6.138339278498121	1	0.006535772214052882	-1.682700013728515
2	0	0.772284463550039	2.22771553644996	1	0.2574281545166797	2.589719325449583	0	-2.589719325449583	1	0.06626925473786338	-0.7099185214071817
1	1	0.9999299322658169	2.000070067734182	0.5	0.3333099774219391	1.000070072644014	0.4999824836801188	-0.5000875889638956	0.8889044589509866	0.5555244137948645	-0.1370887718381213
6	0	0.8615703460637762	2.071083762911453	1	0.2937851904958674	6.96402798379955	0	-6.96402798379955	0.9999999999999999	0.0006429532518249514	-1.909045664027293
3	0	1	1.956781672546974	1	0.3382055595395379	3	0	-3	1	0.03868496668708088	-0.8223885667037734
2	6	0.8545134950188322	2.103728496415139	0.25	0.2888585509546558	2.340513065807022	2.852079063540902	0.51156599773388	0.5801426457825603	0.7220364671339803	0.1402353425502504
2	0	0.9999999999999998	1.934204623660643	1	0.3408078604798953	2	0	-2	1	0.1161499977648837	-0.5482590444691823
3	0	0.8139188730477146	1.413796663402245	1	0.3653603252885503	3.685871036220744	0	-3.685871036220744	1	0.04877128022505717	-1.01040606617751
1	0	0.9999999999999997	1.999999999999999	1	0.3333333333333333	1	0	-1	1	0.3333333333333333	-0.2741295222345912
2	0	0.9999999999999998	2	1	0.3333333333333334	2	0	-2	1	0.111111111111111	-0.5482590444691823
2	0	0.772284463550039	2.22771553644996	1	0.2574281545166797	2.589719325449583	0	-2.589719325449583	1	0.06626925473786338	-0.7099185214071817
3	0	1.000713110897323	1.999286889102676	1	0.3335710369657744	2.997862191802353	0	-2.997862191802353	0.9999999999999998	0.0371163280976321	-0.8218025303639231
1	0	0.8134397288613241	2.083235819028336	1	0.2808183779691675	1.229347380659447	0	-1.229347380659447	1	0.2808183779691675	-0.3370004101205203
0	0	0.772284463550039	2.22771553644996	0	0.2574281545166797	0	0	0	0	0	0
2	0	0.9999999999999998	2	1	0.3333333333333334	2	0	-2	1	0.111111111111111	-0.5482590444691823
0	0	0.8134237723557954	1.414291764094165	0	0.3651380793671934	0	0	0	0	0	0
0	0	0.9999999999999997	1.999999999999999	0	0.3333333333333333	0	0	0	0	0	0
1	0	0.9999999999999998	2	1	0.3333333333333334	1	0	-1	1	0.3333333333333334	-0.2741295222345911
3	1	0.9120514860932192	2.08794851390678	0.75	0.3040171620310732	3.289287990583215	0.4789390127867141	-2.810348977796501	0.9914573541484184	0.08676895207490487	-0.7703996225958263
3	3	0.7722844635500393	2.227715536449961	0.5	0.2574281545166797	3.884578988174373	1.346671040765256	-2.537907947409117	0.9583481010566693	0.1813574177485729	-0.695715493098633
0	0	0.8134237723557954	1.414291764094165	0	0.3651380793671934	0	0	0	0	0	0
0	0	0.9134851285866069	2.086514871413392	0	0.3044950428622024	0	0	0	0	0	0
3	1	0.78157803538936	2.21842196461064	0.75	0.2605260117964533	3.838388317176141	0.4507708704441684	-3.387617446731973	0.9953931468904034	0.0569110052904982	-0.9286459521862011
5	0	0.9999999999999996	1.998755762071317	1	0.3334716393539413	5.000000000000003	0	-5.000000000000003	1	0.004123770833718399	-1.370647611172956
4	0	0.8467035038145709	2.049972044075091	1	0.2923018093729643	4.724203906065333	0	-4.724203906065333	1	0.007300053025812492	-1.295043759708479
1	0	1.772284463550039	1.22771553644996	1	0.590761487850013	0.5642435063708192	0	-0.5642435063708192	1	0.590761487850013	-0.1546758028254031
1	0	0.7722844635500391	2.22771553644996	1	0.2574281545166797	1.294859662724791	0	-1.294859662724791	1	0.2574281545166797	-0.3549592607035908
5	1	0.984829604523945	1.781583895483866	0.8333333333333334	0.3559950833529276	5.077020407420572	0.5612982933528408	-4.515722114067731	0.9979645333089955	0.02412875872749254	-1.237892745673565
3	1	1.595319435698282	1.242143686876894	0.75	0.5622344209536122	1.880501129033684	0.8050598417597625	-1.075441287273922	0.900076020559878	0.4111342297555042	-0.2948102062717539
0	1	0.9142828196895469	2.085717180310452	0	0.3047609398965158	0	0.4794513894022551	0.4794513894022551	0.6952390601034842	0.3047609398965158	0.1314317803115511
3.5	3.5	0.9582228652086784	2.019174871768215	0.5	0.3218323347627757	3.65259495163245	1.73338131775333	-1.91921363387912	0.9024661115406271	0.2794781292803976	-0.5261131165213967
0	0	0.8134237723557954	2.083251775533865	0	0.2808128694110757	0	0	0	0	0	0
3	0	1	2	1	0.3333333333333333	3	0	-3	1	0.03703703703703698	-0.8223885667037734
0	0	0.772284463550039	2.22771553644996	0	0.2574281545166797	0	0	0	0	0	0
1	0	0.8652764059221311	2.067377703053098	1	0.2950489126126397	1.155700066655918	0	-1.155700066655918	1	0.2950489126126397	-0.3168115071188719
1	0	0.8134877156661772	2.083187832223484	1	0.2808349441340899	1.229274862720066	0	-1.229274862720066	1	0.2808349441340898	-0.3369805308124443
4	0	0.7722844635500389	2.22771553644996	1	0.2574281545166797	5.179438650899167	0	-5.179438650899167	1	0.004391614123511745	-1.419837042814364
2	0	0.772284463550039	2.22771553644996	1	0.2574281545166797	2.589719325449583	0	-2.589719325449583	1	0.06626925473786338	-0.7099185214071817
4	0	0.8491607153687208	1.37855482108124	1	0.3811800481141883	4.710533503970598	0	-4.710533503970598	1	0.02111157537388153	-1.291296298913494
2	0	0.9134851285866066	2.086514871413391	1	0.3044950428622024	2.189417142558749	0	-2.189417142558749	1	0.09271723112765451	-0.6001838752618536
1	0	0.8137271770874062	2.118926931887823	1	0.2774712416977639	1.228913115055742	0	-1.228913115055742	1	0.2774712416977638	-0.3368813650980538
5	0	0.8155482562212995	2.081127291668362	1	0.2815462908213719	6.130845062641208	0	-6.130845062641208	0.9999999999999997	0.001769086428856315	-1.680645627916136
2	0	0.8134717089024817	2.119182400072747	1	0.2773841301000672	2.458598102567521	0	-2.458598102567521	1	0.07694195563137107	-0.6739743232237068
2	0	0.7722844635500391	2.22771553644996	1	0.2574281545166797	2.589719325449582	0	-2.589719325449582	1	0.06626925473786338	-0.7099185214071816
3	1	0.9999999999999997	1.774521689824115	0.75	0.3604224842312885	3.000000000000001	0.563532136989048	-2.436467863010953	0.9831248553980985	0.1366563850618746	-0.6679077712271276
0	0	0.8134237723557954	2.119230336619434	0	0.2773677843105861	0	0	0	0	0	0
6	1	0.9982482686707362	2.001751731329263	0.8571428571428571	0.3327494228902456	6.010528831659862	0.4995624504023535	-5.510966381257508	0.999548330071923	0.006791693369391227	-1.510718581145014
4	0	0.8139670868265476	2.118687022148681	1	0.2775530480514035	4.914203614294764	0	-4.914203614294764	1	0.005934498224419937	-1.347128288950125
2	0	0.9999999999999996	1.99929524797151	1	0.3334116575139849	2.000000000000001	0	-2.000000000000001	1	0.1111633333662227	-0.5482590444691825
2	0	0.8973314215034733	2.000650255439394	1	0.3096401294193427	2.228830900236406	0	-2.228830900236406	1	0.09587700974682734	-0.6109883498234995
4	0	0.9132613636431497	2.086738636356849	1	0.3044204545477167	4.379907175798331	0	-4.379907175798331	0.9999999999999999	0.00858806495195974	-1.200661861533454
2	0	0.8650842812237298	1.36263125522623	1	0.3883279831150748	2.311913467172057	0	-2.311913467172057	1	0.1507986224702218	-0.633763734203593
1	0	0.7722844635500389	2.22771553644996	1	0.2574281545166797	1.294859662724792	0	-1.294859662724792	1	0.2574281545166797	-0.3549592607035909
4	0	1.031518627381715	1.968481372618285	1	0.3438395424605717	3.877777767477769	0	-3.877777767477769	0.9999999999999998	0.013977299815771	-1.0630133667306
1	0	0.8652602851429176	2.067393823832312	1	0.2950434156196039	1.155721598657249	0	-1.155721598657249	1	0.2950434156196039	-0.3168174096761096
1	0	0.8134878508518849	2.083187697037777	1	0.2808349908033511	1.229274658438721	0	-1.229274658438721	1	0.2808349908033511	-0.3369804748128967
1	0	0.772284463550039	2	1	0.2785733115428902	1.294859662724791	0	-1.294859662724791	1	0.2785733115428901	-0.3549592607035909
2	1	0.9999999999999998	2	0.6666666666666666	0.3333333333333334	2	0.5000000000000001	-1.5	0.9629629629629628	0.2592592592592594	-0.4111942833518868
2	0	0.8543710485833942	2.078283060391835	1	0.2913303161012538	2.340903291744421	0	-2.340903291744421	1	0.08487335307965649	-0.6417107009632798
4	0	0.772284463550039	2.22771553644996	1	0.2574281545166797	5.179438650899166	0	-5.179438650899166	1	0.004391614123511745	-1.419837042814363
6	0	1	2	1	0.3333333333333333	5.999999999999999	0	-5.999999999999999	1	0.001371742112482699	-1.644777133407546
1	0	0.8134397278244476	2.083235820065214	1	0.2808183776112135	1.229347382226474	0	-1.229347382226474	1	0.2808183776112134	-0.3370004105500885
0	0	0.1865762276442043	2.813423772355795	0	0.06219207588140144	0	0	0	0	0	0
0	0	0.772284463550039	2.22771553644996	0	0.2574281545166797	0	0	0	0	0	0
1	0	0.9999999999999997	1.999999999999999	1	0.3333333333333333	1	0	-1	1	0.3333333333333333	-0.2741295222345912
0	0	0	1.269383564099079	0	0	0	0	0	0	0	0
3	0	0.9999999999999999	1.826238792823862	1	0.3538271438843428	3	0	-3	1	0.04429691081561538	-0.8223885667037735
0	0	0.772284463550039	1.999999999999999	0	0.2785733115428902	0	0	0	0	0	0
4	0	0.7722844635500389	2.22771553644996	1	0.2574281545166797	5.179438650899167	0	-5.179438650899167	1	0.004391614123511745	-1.419837042814364
8	0	0.9999999999999997	1.999999999999999	1	0.3333333333333333	8.000000000000004	0	-8.000000000000004	1	0.000152415790275473	-2.19303617787673
1	1	0.8665708442070024	2.066722564817584	0.5	0.2954258996188059	1.153973742233503	0.4838578805995973	-0.6701158616339052	0.9127235378344192	0.5035753370720311	-0.1836985409915238
0	0	0.9999999999999997	1.999999999999999	0	0.3333333333333333	0	0	0	0	0	0
0	2	0.9998395198090502	2.000160480190949	0	0.3332798399363501	0	0.9999197663424819	0.9999197663424819	0.4445157718352989	0.555484228164701	0.2741075278203886
1	1	0.9999734689054847	2.000026531094515	0.5	0.3333244896351616	1.000026531798433	0.4999933673143576	-0.5000331644840754	0.8888947846094588	0.5555437638797824	-0.1370738524814703
5	0	0.9999999999999997	1.999999999999999	1	0.3333333333333333	5.000000000000002	0	-5.000000000000002	1	0.004115226337448097	-1.370647611172956
1	2	1.769550518569753	1.230449481430246	0.3333333333333333	0.5898501728565846	0.5651152592174956	1.625422278755603	1.060307019538107	0.3666754712312399	0.9310034145569596	0.2906614566879646
1	0	0.8644039557805523	2.068250153194677	1	0.2947514175419088	1.156866524398312	0	-1.156866524398312	1	0.2947514175419088	-0.3171312676225013
4	0	0.7722844635500388	2.227715536449959	1	0.2574281545166797	5.179438650899168	0	-5.179438650899168	1	0.004391614123511745	-1.419837042814364
1	0	0.8135996296490502	1.41411590680091	1	0.3652170200085713	1.229105770895391	0	-1.229105770895391	1	0.3652170200085714	-0.3369341777513322
2	0	0.7722844635500394	2.227715536449962	1	0.2574281545166797	2.589719325449582	0	-2.589719325449582	1	0.06626925473786338	-0.7099185214071814
2	0	0.9999999999999997	1.999999999999999	1	0.3333333333333333	2.000000000000001	0	-2.000000000000001	1	0.1111111111111109	-0.5482590444691825
0	0	0.9134851285866069	2.086514871413392	0	0.3044950428622024	0	0	0	0	0	0
2	0	0.772284463550039	2.22771553644996	1	0.2574281545166797	2.589719325449583	0	-2.589719325449583	1	0.06626925473786338	-0.7099185214071817
4	0	1.764036536747532	1.225896901718088	1	0.5899919088676449	2.267526730129444	0	-2.267526730129444	1	0.1211669631420439	-0.621596019184549
2	0	0.9999999999999999	2	1	0.3333333333333334	2	0	-2	1	0.111111111111111	-0.5482590444691823
3	0	0.7722844635500388	2.22771553644996	1	0.2574281545166797	3.884578988174376	0	-3.884578988174376	1	0.01705957194836383	-1.064877782110773
0	1	0.9999999999999998	1.772354618610963	0	0.3607042162957606	0	0.5642211719366432	0.5642211719366432	0.6392957837042395	0.3607042162957605	0.1546696802976331
3	0	0.814219388536906	2.118434720438323	1	0.2776390799191189	3.684510639559671	0	-3.684510639559671	1	0.02140138054998886	-1.01003314129076
0	0	0	2.999999999999999	0	0	0	0	0	0	0	0
0	2	0.7722844635500391	2.22771553644996	0	0.2574281545166798	0	0.8977806938435046	0.8977806938435046	0.5514129457045039	0.4485870542954961	0.2461081926747596
1	0	0.813455723929564	2.083219823960096	1	0.2808238998400072	1.229323207868396	0	-1.229323207868396	1	0.2808238998400072	-0.3369937836448583
4	0	1.769461256876845	1.227579107028622	1	0.5904028781818093	2.260575067385271	0	-2.260575067385271	1	0.1215049200291556	-0.6196903631977531
2	0	0.7722844635500389	2.22771553644996	1	0.2574281545166797	2.589719325449583	0	-2.589719325449583	1	0.06626925473786338	-0.7099185214071818
1	0	0.8134716147733642	2.119182494201865	1	0.2773840980031632	1.229299193529455	0	-1.229299193529455	1	0.2773840980031632	-0.3369872006055976
1	5	0.8442455011535355	2.052430046736127	0.1666666666666667	0.2914532494909898	1.184489581091814	2.436136621538571	1.251647040446757	0.4388284425746525	0.8734648850773749	0.3431134052040093
0	0	0.9999999999999997	1.999999999999999	0	0.3333333333333333	0	0	0	0	0	0
3	4	0.8824490748814924	2.033209770727714	0.4285714285714285	0.3026585487566227	3.39962960514507	1.96733266659856	-1.43229693854651	0.8704909313253824	0.3589700281235353	-0.3926348754618223
1	1	0.8664537630237066	2.031742616131214	0.5	0.2989630962399981	1.154129675091087	0.4921883274290771	-0.6619413476620096	0.9106210670865935	0.5085472595665899	-0.1814576653819081
0	0	0.8134237723557954	1.414291764094165	0	0.3651380793671934	0	0	0	0	0	0
3	0	1.772243008293485	1.227713533154659	1	0.5907562272345402	1.692770114460058	0	-1.692770114460058	1	0.2061697407604469	-0.4640382627299298
6	0	0.9559425140439971	2.043102456103175	1	0.3187489762773	6.276528046250123	0	-6.276528046250123	0.9999999999999998	0.001048800273057982	-1.720581634610558
0	0	0.8134237723557954	2.119230336619434	0	0.2773677843105861	0	0	0	0	0	0
0	0	0.772284463550039	2.22771553644996	0	0.2574281545166797	0	0	0	0	0	0
1	0	0.9999999999999996	1.999999999999999	1	0.3333333333333333	1	0	-1	1	0.3333333333333333	-0.2741295222345912
1	0	0.8651962256002128	2.067457883375017	1	0.2950215720811828	1.155807168837647	0	-1.155807168837647	1	0.2950215720811828	-0.3168408669887796
1	0	0.7722844635500388	2.227715536449959	1	0.2574281545166797	1.294859662724792	0	-1.294859662724792	1	0.2574281545166797	-0.354959260703591
0	0	0	2.999999999999999	0	0	0	0	0	0	0	0
2	0	0.9999999999999997	1.999979258878929	1	0.3333356379182744	2.000000000000001	0	-2.000000000000001	1	0.1111126475063828	-0.5482590444691825
0	0	0.772284463550039	2.22771553644996	0	0.2574281545166797	0	0	0	0	0	0
4	0	0.9999999999999996	1.999999999999999	1	0.3333333333333333	4.000000000000002	0	-4.000000000000002	1	0.01234567901234551	-1.096518088938365
2	0	0.7722844635500388	2.086514871413392	1	0.2701429422152561	2.589719325449584	0	-2.589719325449584	1	0.0729772092287152	-0.7099185214071819
1	0	0.772284463550039	2.22771553644996	1	0.2574281545166797	1.294859662724791	0	-1.294859662724791	1	0.2574281545166797	-0.3549592607035909
1	2	0.8146292592206289	2.082619980443469	0.3333333333333333	0.2811733447257977	1.227552274462519	0.9603288256046231	-0.2672234488578958	0.8072829081564949	0.6285738135792025	-0.07325383636529467
1	0	0.1977952294300752	2.802204770569924	1	0.06593174314335842	5.055733663958367	0	-5.055733663958367	1	0.06593174314335837	-1.385925853846246
4	0	0.772284463550039	1.999999999999999	1	0.2785733115428902	5.179438650899166	0	-5.179438650899166	1	0.006022239562643694	-1.419837042814363
0	0	0.772284463550039	2.22771553644996	0	0.2574281545166797	0	0	0	0	0	0
1	1	0.8134017096415108	2.083369356938338	0.5	0.2807959935204254	1.229404841601241	0.4799917003049197	-0.749413141296321	0.9211536100228772	0.482745597063728	-0.2054362663798846
0	0	0.772284463550039	2.086514871413392	0	0.2701429422152563	0	0	0	0	0	0
0	1	0.7722844635500391	2.22771553644996	0	0.2574281545166797	0	0.4488903469217522	0.4488903469217522	0.7425718454833203	0.2574281545166797	0.1230540963373798
0	0	0.772284463550039	2.22771553644996	0	0.2574281545166797	0	0	0	0	0	0
4	3	0.9999999999999997	1.999999999999999	0.5714285714285714	0.3333333333333333	4.000000000000002	1.5	-2.500000000000001	0.954732510288066	0.1732967535436669	-0.6853238055864781
2	0	0.772284463550039	2.086514871413392	1	0.2701429422152561	2.589719325449583	0	-2.589719325449583	1	0.0729772092287152	-0.7099185214071817
0	2	0.1860588076878819	2.813941192312117	0	0.06201960256262732	0	0.710746907385321	0.710746907385321	0.8798072259767716	0.1201927740232284	0.1948367101512512
4	4	0.9995375504978853	1.95668586322885	0.5	0.3381129943889551	4.001850653842407	2.044272959277863	-1.957577694564544	0.9070726077228193	0.2685097625821029	-0.5366298381480709
1	0	0.9999999999999999	1.772417703438586	1	0.3606960086713181	1	0	-1	1	0.360696008671318	-0.2741295222345911
1	0	0.8912914016296936	2.108708598370305	1	0.2970971338765647	1.121967516091299	0	-1.121967516091299	1	0.2970971338765647	-0.3075644191488388
1	0	0.8967075181637307	2.0000316964186	1	0.3095575582536599	1.115190828384924	0	-1.115190828384924	1	0.3095575582536598	-0.3057067289855571
0	0	0.772284463550039	2.22771553644996	0	0.2574281545166797	0	0	0	0	0	0
1	0	0.9999999999999997	1.932674852713563	1	0.340985636056692	1	0	-1	1	0.340985636056692	-0.2741295222345912
2	0	0.9999999999999998	2	1	0.3333333333333334	2	0	-2	1	0.111111111111111	-0.5482590444691823
0	0	0.772284463550039	1.999999999999999	0	0.2785733115428902	0	0	0	0	0	0
6	3	0.7723546307575307	2.227645369242469	0.6666666666666666	0.2574515435858436	7.768452160525222	1.346713458713663	-6.421738701811559	0.998377987914535	0.01163645246171308	-1.760388162242986
3	1	0.7723546785499188	2.227645321450082	0.75	0.2574515595166396	3.884225839911325	0.4489044958687822	-3.435321344042543	0.9956067885415404	0.05507726749319353	-0.9417229987646757
2	10	0.7724564896778581	2.227138429502868	0.1666666666666667	0.2575202687330987	2.589142594729279	4.490066655727436	1.900924060998157	0.3677399606664755	0.8551101191958184	0.5210994046456636
9	2	0.9877767209552997	2.012223279044702	0.8181818181818182	0.3292589069850997	9.111370828111752	0.9939254857192066	-8.117445342392546	0.9998845792648456	0.001240829536919286	-2.225231413475476
0	0	0.772284463550039	1.999999999999999	0	0.2785733115428902	0	0	0	0	0	0
1	0	0.9047497224281259	2.00800501163898	1	0.3106165142730077	1.105278040115056	0	-1.105278040115056	1	0.3106165142730077	-0.3029893410731256
5	1	0.7722844635500392	2.227715536449961	0.8333333333333334	0.2574281545166797	6.474298313623955	0.4488903469217521	-6.025407966702203	0.9997089710049387	0.005328005739683062	-1.651742207180574
3	0	0.8156372000887488	2.117016908886481	1	0.2781225367125755	3.678105902567431	0	-3.678105902567431	1	0.0215133749064389	-1.008277413799039
2	0	0.9999999999999999	2	1	0.3333333333333334	2	0	-2	1	0.111111111111111	-0.5482590444691823
5	0	1.587430365648896	1.187597003274988	1	0.5720413367542674	3.14974446010181	0	-3.14974446010181	1	0.06125436812321428	-0.8634379440087593
0	1	0.7722844635500391	2.22771553644996	0	0.2574281545166797	0	0.4488903469217522	0.4488903469217522	0.7425718454833203	0.2574281545166797	0.1230540963373798
2	1	0.7725380564640553	2.226825025958561	0.6666666666666666	0.2575673685494816	2.588869225619898	0.4490698588091982	-2.1397993668107	0.9829127362510341	0.164848320526582	-0.5865821781016978
5	0	1.141113517565432	1.771474605197001	1	0.3917867784488344	4.381685014710465	0	-4.381685014710465	1	0.009231002727285387	-1.201149219665047
8	0	0.7722844635500391	2.22771553644996	1	0.2574281545166797	10.35887730179833	0	-10.35887730179833	1	1.928627460945354e-05	-2.839674085628726
1	2	0.8651583324592683	1.364918359220674	0.3333333333333333	0.3879500358382449	1.155857792130876	1.46528910428162	0.3094313121507444	0.6652613280621202	0.7707229260854517	0.08482425776430619