dN/dS,LRT,p-value,Log(L)
1.028145822447522e-15,9.285740207486036,0.001154722904563643,-4.060339186526237
0.335505961678825,1.739062451378796,0.09362883213327056,-13.35605447373972
0.3273450739433561,1.843777204514595,0.08725444018162937,-36.84343605179811
1.055767156674737,0.008459763702283851,0.4633581671557059,-27.65605310637428
0.345739897250124,1.628485723630718,0.1009563111487987,-27.14647745335033
2.287852447174094e-16,6.973771802696142,0.0041356485748274,-16.22332013070886
1.09721516554474,0.01644460724606489,0.4489808965661152,-18.19453820848356
2.731941657024047e-16,7.621966823634153,0.002883078359227909,-5.218466105993897
0.7862683252945307,0.1237051904110444,0.3625250725315101,-30.28257418962892
3.17603086687411e-16,5.761467298028304,0.008190693151411521,-10.97634038411794
6.728744545674702e-16,3.339495458344221,0.03381767272375025,-13.63663896050856
0.6127665907356773,0.5588373699783844,0.2273645317628236,-31.5193409987779
1.028145822447522e-15,3.340903048912736,0.03378875559320571,-24.4221164099925
1.595744729173593,0.924305611406723,0.1681734965813961,-44.65081984676917
0.3598137546049255,1.494420145966714,0.1107659568891208,-25.87378538234945
0.5776201826247883,0.7162762452653908,0.1986840456627791,-37.64884745360919
0.4589937480736066,0.7872573324689718,0.1874653692486841,-14.13643063238452
0.6342312361045771,0.4738940866618222,0.2456005701593306,-27.95965682782172
3.117184388540296,8.043225169975415,0.002283707287891124,-102.0720538189927
5.840566125974614e-16,6.658204321791846,0.004935016216144839,-10.84638547641919
0.5026706854584123,1.183753852651847,0.1382965543590909,-39.0138619522037
0.291279489892116,2.365578669753347,0.06201895533778623,-8.730599351791394
0.7896596081678047,0.1772764492351939,0.3368621703064424,-27.5633140938365
0.902967866205255,0.03153363143542265,0.4295275496060263,-41.20395354514852
0.2446864620012851,3.305823239648902,0.03451737324071247,-19.34304660668672
1.817090760781602,1.722757054542001,0.09466926904252382,-62.89368132981726
1,0,1,0
2.234460562521615,3.429001244317618,0.0320304156299609,-53.69871235507895
2.449231293967717e-15,3.561863288913656,0.02956066990549261,-18.71022086055227
1,0,1,0
5.840566125974614e-16,5.848721488333638,0.007794186148287752,-17.61795642133811
3.17603086687411e-16,8.319310017664762,0.001961290860377551,-28.33623481594771
0.8782501677820109,0.05186756890658017,0.4099224277669113,-26.4516630476559
1,0,1,0
1,0,1,0
9.682324783204268e-17,6.822824076982414,0.00450000695318864,-20.39321183843332
1,0,1,0
2.287852447174094e-16,6.71339972275652,0.004784556037262522,-11.69033110619833
6.728744545674702e-16,8.007922773101924,0.002328656519571259,-23.0761892936934
2.287852447174094e-16,6.487339222193761,0.005432273698512013,-31.82289604162476
1.09485127027564,0.03146936311569704,0.4295986498370636,-30.24367501953465
9.682324783204268e-17,6.822828326753807,0.004499996245256765,-20.42669465470793
1,0,1,0
1,0,1,0
9.555848176237971e-17,6.14427958679105,0.006591893148153782,-13.67759196455388
0.6179555409788839,0.5374018108850578,0.2317557496826852,-36.53297123413593
3.06898414713294,8.71099418143028,0.001581483330203748,-62.05975397029477
5.840566125974614e-16,7.662379155564985,0.002819205189139362,-10.89821781582586
0.9203773426520067,0.01388486039691372,0.4530995796921529,-36.65708669849149
1,0,1,0
9.555848176237971e-17,7.274468541231695,0.003497079200410536,-10.51015935586121
3.17603086687411e-16,6.822834971646575,0.004499979502512186,-15.44552789144772
1,0,1,0
1,0,1,0
9.682324783204268e-17,7.436412887798987,0.003195858142855668,-17.95128569879663
1,0,1,0
1.028145822447522e-15,7.27478166151127,0.003496469633774091,-53.92874730899093
2.804502661847769e-15,3.565195778498023,0.0295013912733661,-35.65068198631693
9.555848176237971e-17,6.822842136360549,0.004499961450076251,-7.488296527867378
5.840566125974614e-16,4.356824232629137,0.01843048055604102,-11.16167251497453
1.881612267284638,2.242074476734729,0.06715034771117145,-44.28533723314328
0.6920720613123915,0.3030544026837703,0.2909869453273884,-29.92904093406717
0.8065065096207952,0.09779081970922476,0.3772485090104201,-23.08954620923804
0.8992611387043171,0.03433420235260343,0.42649886646976,-25.45574324847701
0.2382970491311269,3.471324937814657,0.03122063895001398,-18.93672769938466
1.099662483635394,0.03448160459517879,0.4263430606308663,-22.62201497467811
1,0,1,0
5.840566125974614e-16,6.978709296964013,0.004124253827167301,-19.40953407182217
3.418452457216339,12.21219676851464,0.0002373904788219861,-66.07573513521342
0.4929404854711721,1.261362211922894,0.1306966999773437,-29.69576444091922
1,0,1,0
0.2897241576058728,2.389284822810851,0.06108475415753573,-17.34278983816856
0.9281472930505286,0.01116897363850455,0.4579167896194741,-26.09639881837471
0.324152335553254,1.883754458795757,0.08495402097499838,-20.59765811589262
0.3302191015868227,1.819501333326869,0.08868632297082252,-16.07927604465619
3.17603086687411e-16,7.662180978581073,0.002819514867812789,-10.26244858056038
9.555848176237971e-17,8.03098076021767,0.002299196677477966,-13.83426193196084
1.120138076047904,0.0487158783436854,0.4126564989940417,-44.60470473418814
0.2965161120185195,2.266451541597988,0.06610114631864222,-29.01234014940003
2.287852447174094e-16,6.978703992844615,0.004124266050763548,-19.06772099944488
1,0,1,0
1.028145822447522e-15,3.561800372697604,0.02956179028202938,-22.18654471697547
0.2537428293844796,3.080721021674645,0.0396126985287959,-12.01926984960835
1,0,1,0
0.5389516233756521,0.9332181320146375,0.167014044690623,-22.95575862830137
9.682324783204268e-17,3.561430480173293,0.02956837803264589,-12.42430706586572
2.449231293967717e-15,3.744728232079687,0.02648717064697181,-18.77593353095538
9.682324783204268e-17,8.032718513955039,0.002296991890953504,-28.85022028952439
2.731941657024047e-16,7.662457343383448,0.002819083019509727,-11.99694363385389
1,0,1,0
0.8845416083960015,0.03087815775018754,0.4302562463908868,-31.42639660297699
1,0,1,0
3.17603086687411e-16,7.662297315036842,0.002819333071965968,-11.17226061052822
0.7261767965827157,0.3376107381848144,0.2806058032464462,-30.96823223648137
0.3371855510737059,1.736018969711616,0.09382202061357964,-20.45136799825906
1,0,1,0
0.5982308360887296,0.6160931812068213,0.2162514001077132,-34.30515164636726
5.840566125974614e-16,6.326451858309333,0.005947503172804569,-10.5461920727408
0.3102989774932849,2.075370578677521,0.07484678923854227,-26.65125826626433
1,0,1,0
5.840566125974614e-16,7.662418196809941,0.002819144185938316,-11.3030165295975
3.17603086687411e-16,6.044564408912589,0.006974587039778657,-13.07736051765459
1,0,1,0
0.5876852599339384,0.6675010487757476,0.2069621070970686,-25.28693690658176
1,0,1,0
5.840566125974614e-16,4.602370653028949,0.015963888960975,-26.0804942909028
0.4921854119410656,1.267558263276996,0.130112624177191,-32.27628137629206
0.6621951216790231,0.3863651864338919,0.2671081144746296,-16.98748953295826
0.5399936754720996,0.9262021675899277,0.1679258689507353,-30.48693013033767
1.08510912480277,0.01924928732982778,0.4448270925739468,-26.70292841599348
1,0,1,0
1.215177006929583,0.1386346384520891,0.3548210784197183,-33.60499269233124
9.555848176237971e-17,6.978630941685768,0.004124434404415456,-10.96900276098784
0.3769466610012726,1.330946419677396,0.1243184592957058,-21.14381316042403
3.17603086687411e-16,6.658204353570518,0.004935016128135961,-31.80471645369647
5.840566125974614e-16,5.293934763533137,0.01069990786143304,-11.38770307948013
0.277939442842501,2.611056916078361,0.05306050697655595,-22.72308257433235
3.17603086687411e-16,6.822828326660556,0.004499996245491744,-12.6630070052784
0.2995639220571873,2.241627519723309,0.06716975794180546,-22.96404559363947
3.17603086687411e-16,7.66232149673969,0.002819295285370782,-11.52683984390673
1,0,1,0
5.840566125974614e-16,7.436412888000817,0.003195858142497232,-25.79941222634863
0.357406566884081,1.526225756184786,0.1083398882427917,-36.35822901772546
3.17603086687411e-16,6.04456437098904,0.006974587189590431,-12.38568846390515
1.028145822447522e-15,7.844032197315627,0.002549437399245513,-41.79634535822137
1,0,1,0
1.028145822447522e-15,3.557526039042394,0.02963801101843377,-24.56401116737674
0.2918477790727806,2.352609051095158,0.06253675976600465,-21.37933697161435
9.682324783204268e-17,7.436412888156841,0.003195858142220176,-14.74616077384596
0.3984002105848666,1.162973728190664,0.1404248340649378,-37.62940841404891
1.028145822447522e-15,5.797555902349941,0.00802423385725537,-38.2163590050146
9.555848176237971e-17,8.345845520720466,0.00193285112686431,-13.54867899569669
0.4180279528648664,1.158349749484657,0.1409040254989183,-14.75000470384153
2.804502661847769e-15,3.561636986745498,0.02956469997786337,-46.97559692064417
3.17603086687411e-16,7.268920173454198,0.003507898504355345,-12.65770357973792
1,0,1,0
1.591184799935556,0.9124873520973296,0.1697276556698401,-36.08892682117919
1.918739246206227,2.044668852388554,0.07637010872806338,-55.07162140292991
1,0,1,0
1.514774161042316,0.8810581611186592,0.173956010712538,-47.72519607494719
1,0,1,0
1,0,1,0
1,0,1,0
1.614673652425399,0.9551427376927251,0.1642068516029637,-42.78863929144729
3.17603086687411e-16,8.006358928096073,0.002330668420144233,-11.74614855935312
5.840566125974614e-16,6.822842136359922,0.004499961450077861,-7.592650552472137
0.3030721938478037,2.189069803595256,0.06949661700630183,-9.53688286138607
1,0,1,0
0.292719006186862,2.343653154476698,0.06289712148525373,-44.85382314258006
6.728744545674702e-16,8.006363342594803,0.002330662738361189,-16.88705189991592
0.3257461328384541,1.883093921442722,0.08499145986974072,-24.51932828188657
9.682324783204268e-17,8.127510103476908,0.002179929019569482,-28.99666035105525
0.3657755036214169,1.447800507551122,0.114440603936146,-26.80565656330286
0.2678960240869341,2.791102394861923,0.04739449918506466,-18.30910639447816
1,0,1,0
1.861228045226014,2.171540870797557,0.07029265379884841,-50.81857744188068
0.2535675851005539,3.092165760977537,0.03933501807339046,-26.07844457216357
1.889008135978316,2.265552712865983,0.06613950562623011,-58.91522824308148
1,0,1,0
2.185806280397396,3.314388370424524,0.03433793565761967,-48.42235555462553
1.991775212824514,2.594244683542101,0.05362627955501381,-57.53432154098158
1,0,1,0
5.840566125974614e-16,5.915531464083919,0.007503987437331106,-10.80290059719609
5.840566125974614e-16,5.915411906764959,0.007504496689857698,-17.47837774316412
0.2446761815783352,3.306079167787082,0.03451199708664754,-13.69011642467467
1.368360972999627,0.432079879275804,0.2554850720378596,-57.76124196481019
1.028145822447522e-15,3.695900403032965,0.02727316712667194,-20.44822237875839
3.17603086687411e-16,6.713279867301015,0.00478487761453561,-11.5640589775015
1,0,1,0
4.0479524494288e-15,3.742531671139247,0.02652200903027979,-35.81018552488639
0.6815067232156599,0.3346782110365396,0.2814586432849434,-17.50070548442124
0.6122155983647299,0.5638347348888288,0.2263596414000701,-49.69961837942201
0.579232799493634,0.3550303563644022,0.2756396437113704,-27.30973830765994
0.3191458460384817,1.960373311941481,0.08073669956302687,-15.31439883461706
0.7143060343229605,0.2518897114913017,0.3078738027672128,-19.47073615429046
9.682324783204268e-17,6.319937839309382,0.005969390703107591,-18.81880832843142
9.682324783204268e-17,5.293916862821938,0.01070001783797159,-18.56543396120104
1,0,1,0
0.2796347140238242,2.574753229700214,0.05429051665111451,-17.91798570576421
0.5919829224756669,0.3046066819267637,0.2905043771505241,-29.92337957840199
6.728744545674702e-16,6.713065561084434,0.004785452662401934,-22.29346101482386
0.2914853295644395,2.354986219358977,0.06244149444580516,-41.79518612871505
0.3069632461038397,2.11867935909299,0.07275598484433587,-14.65733186194101
1,0,1,0
2.287852447174094e-16,6.657814034539513,0.004936097211728108,-11.96841604589755
1,0,1,0
0.2962515260802559,2.273981768325747,0.06578075272857209,-12.07385692573023
0.2724749233981859,2.697877957692896,0.05024095311474985,-32.46555553276293
1.351708504309425,0.2368497449650988,0.3132453555988526,-43.59342159559035
6.728744545674702e-16,5.915379087607761,0.00750463648876909,-17.12790496627478
3.17603086687411e-16,7.662417351865198,0.002819145506177456,-11.29519609542392
5.840566125974614e-16,6.325474442867176,0.005950782090374418,-9.341054155118726
1.028145822447522e-15,3.742786114488958,0.02651797096812875,-19.13990409297016
1,0,1,0
0.3241409897393641,1.883884583324214,0.08494664781970424,-13.49775289171909
1,0,1,0
9.682324783204268e-17,8.34473180729217,0.001934036285385188,-18.72082924866409
5.840566125974614e-16,6.822842160604999,0.004499961388989338,-18.78972831719056
5.840566125974614e-16,6.883746434608248,0.004349152496329334,-10.86090176852968
2.287852447174094e-16,6.883580289341182,0.004349556783282194,-22.98666787867704
3.17603086687411e-16,6.657962035488346,0.004935687258501575,-30.32092281166241
1.22204316588666,0.1837697713448989,0.3340766881319502,-58.83937071347605
5.840566125974614e-16,6.487343670630139,0.005432260104558495,-16.06775159181672
0.2800555908396576,2.579624226610534,0.05412367839949833,-12.02749214052364
1,0,1,0
1,0,1,0
1,0,1,0
1.658006002763857,1.062082348070618,0.1513703649013633,-64.76246765683409
1.359908403528232,0.3329625588961278,0.2819599057156341,-34.96962881358643
2.882383816236153,3.98437707499636,0.02296203930358265,-69.98190565317201
1,0,1,0
0.5829871393736792,0.7026857292395832,0.2009413596289589,-23.54367867295993
1,0,1,0
2.828545091401237,5.712285599688059,0.008423295826781085,-56.15410951618319
0.739601152155887,0.1986218524573857,0.3279177770684427,-22.07306554921242
3.17603086687411e-16,8.030713573719344,0.002299535863224234,-7.365601715959721
0.5329951622141036,0.9681117248462314,0.1625757806054564,-18.4629456798804
0.9724371628173281,0.002328507194064855,0.480756664973056,-43.82545068599683
0.3026530765434098,2.184863439226753,0.06968671271729926,-23.55144278075249
9.682324783204268e-17,6.822831228165796,0.004499988934732191,-23.62102491875855
3.17603086687411e-16,5.798284779909626,0.008020908057280229,-11.8945855199112
1,0,1,0
1,0,1,0
3.17603086687411e-16,7.518299047138818,0.003053766216772502,-29.57790603513766
1,0,1,0
9.555848176237971e-17,4.354535112570534,0.01845526601067204,-10.83142189491018
0.4590439363110303,0.7870039643925288,0.187503800569166,-13.65224798937589
0.8610732085654543,0.06979015859293725,0.3958212770604415,-35.09497931741234
6.728744545674702e-16,6.822819915441073,0.004500017438837045,-35.68912083158474
0.3240584908431904,1.884914440164863,0.08488831965711957,-18.50365503852998
2.804502661847769e-15,6.657961998046858,0.00493568736220773,-35.22212432836089
3.17603086687411e-16,6.71320849053582,0.004785069131945097,-10.52592748570982
0.3243326948826739,1.881343094673404,0.0850907874173592,-20.59753265565967
5.840566125974614e-16,8.030446154758412,0.002299875395100959,-13.30138366461245
0.6928243057686124,0.3011464595604991,0.2915822923874549,-41.77673725128449
3.17603086687411e-16,7.517020721607786,0.003055934126048987,-10.85741843272134
3.145767990914304,9.056337416637518,0.001308929225495692,-73.3038278409132
0.2790988061859385,2.58640406179606,0.05389239637395687,-27.77312184009013
1.077115277546145,0.0211932453875221,0.4421268732661969,-33.04894770867332
9.555848176237971e-17,7.843701680698175,0.002549903558378308,-12.56734929828864
5.944583988349057,35.24186806116245,1.455977338693515e-09,-110.4844502566117
0.6425649579739315,0.4497130458227616,0.2512356279309751,-36.14949177299178
0.3026049515593903,2.201438507666456,0.0689410067737985,-14.8409107466684
1,0,1,0
0.2766602496598422,2.624527087059811,0.05261192573656542,-17.92903553463652
0.5284321151541499,0.9952535389306121,0.1592308723475682,-18.77054407456524
1,0,1,0
2.804502661847769e-15,6.143349526278527,0.006595360994547717,-35.47907015150282
5.840566125974614e-16,5.293934763521744,0.01069990786150304,-11.23464768103085
1,0,1,0
3.17603086687411e-16,6.487339197472458,0.005432273774057805,-14.72866938802218
1,0,1,0
0.2924709373171601,2.342731532235149,0.06293433590949427,-36.17953878756306
1,0,1,0
0.2996529365819131,2.240301421018842,0.0672273840384674,-46.75248259355995
3.17603086687411e-16,8.006091956700395,0.002331012058102322,-11.05263551606455
1,0,1,0
0.5111623481264261,1.11607089406052,0.1453830339479995,-21.34873927198132
9.555848176237971e-17,6.044564396942878,0.006974587087063333,-12.73360518683795
2.804502661847769e-15,3.741257385398512,0.02654224197349214,-25.65210192771923
2.287852447174094e-16,6.144298889171765,0.006591821196684666,-16.94150547034173
1.21840365433892,0.1422521920103179,0.3530261077516437,-38.19506537317056
9.682324783204268e-17,8.128066062364738,0.002179260660560622,-18.36023513957155
5.840566125974614e-16,6.48733482731139,0.005432287128844304,-11.18723552362962
3.17603086687411e-16,8.343609540173247,0.001935231294140138,-23.57863986451868
9.555848176237971e-17,6.713201776797877,0.004785087146582434,-10.46703568739308
5.840566125974614e-16,3.561033395103607,0.02957545181690008,-12.35143662925379
0.3241528939162874,1.883740291376061,0.08495482377793895,-14.19227975382279
3.17603086687411e-16,7.436412865840282,0.003195858181850642,-20.92702986904137
1,0,1,0
5.840566125974614e-16,7.4707921854869,0.00313539763373416,-21.27087709291353
3.17603086687411e-16,8.346222827490006,0.001932449783307588,-13.79947198560449
9.682324783204268e-17,5.293935055652803,0.01069990606674814,-18.23615564835391
5.840566125974614e-16,5.915672673735632,0.007503386002870815,-12.07174816755364
1,0,1,0
1,0,1,0
2.669673880213612,4.220954888339762,0.0199638424236529,-43.40991538220683
0.9958180413024569,6.926865226830614e-05,0.4966797298509652,-33.11519031570973
0.2384640000243108,3.46651906742207,0.03131148126766004,-25.35439738203959
0.6350022465700903,0.4711620166269626,0.2462265359047644,-34.14892526761647
0.2446488581332081,3.306766276302419,0.03449756777395319,-20.01758580112261
9.682324783204268e-17,4.993475123980406,0.01272153133877063,-11.03659532314219
1,0,1,0
0.2006615039333313,4.684851520204838,0.01521484665631045,-13.29854491930861
3.17603086687411e-16,7.517732576639439,0.003054726699062094,-31.24523525252302
9.682324783204268e-17,4.992269956661847,0.01273039399063308,-12.64760289816866
1,0,1,0
1,0,1,0
0.3129206181559593,2.05437267668686,0.07588487587233816,-24.91931565913572
1,0,1,0
0.2400967497212622,3.436437689807363,0.03188652874488712,-26.48955854041468
0.6243265532884171,0.5138808990123778,0.2367318267540841,-23.41946514731307
1.177629422548942e-16,6.978695254980405,0.004124286187669413,-11.43175175915875
0.9251322268990355,0.01817260338104632,0.4463827104741109,-47.8192448318017
1,0,1,0
1.114324469984387,0.04406355326443645,0.4168677082196789,-35.40255140850983
3.17603086687411e-16,6.978651781064652,0.004124386377280076,-10.74443378458029
0.654708138008182,0.4064956911241921,0.261876767234954,-21.64714909642622
5.840566125974614e-16,6.48735819201746,0.005432215728969791,-18.85468954079089
1,0,1,0
1,0,1,0
3.17603086687411e-16,8.006632807399235,0.002330315944140904,-11.7396786029391
1,0,1,0
0.3242660784916294,1.882170387133684,0.08504383703637186,-23.2879583490729
0.9133364570839597,0.02504908449576249,0.4371224072045987,-29.47173922355646
1,0,1,0
0.2595304573276532,2.958312856639111,0.04271852327848796,-21.86719367921766
5.840566125974614e-16,6.325496765413519,0.005950707184630644,-16.11577173191732
2.287852447174094e-16,6.658012872065552,0.00493554645246308,-15.50477363151084
1.028145822447522e-15,5.90900739608508,0.007531828686695718,-21.01396816318896
5.840566125974614e-16,4.35458984260789,0.01845467301390707,-11.39061472196583
5.840566125974614e-16,6.71312079948418,0.004785304434432702,-16.72734334937593
0.2919491976436552,2.351289171018234,0.06258972383488592,-13.95416987095796
0.2962943939852368,2.273349378906772,0.06580759264567748,-13.21417913154196
0.5159238068347977,1.090598927699972,0.1481692720096477,-28.4308044078872
0.3241404849614862,1.883897747243822,0.08494590196262186,-19.49914437975923
0.3069433052703663,2.11914623869237,0.07273380735597335,-13.52888139111233
2.804502661847769e-15,5.293916863085379,0.0107000178363531,-18.37169566820705
9.555848176237971e-17,8.319782751715774,0.001960780495722569,-15.72001890492643
1,0,1,0
1.028145822447522e-15,6.978589671801849,0.004124529518070241,-16.90236904358445
3.17603086687411e-16,6.658204360511171,0.004935016108914281,-13.47867011456005
9.555848176237971e-17,7.520490387333936,0.003050053578428191,-11.90961004568797
3.17603086687411e-16,5.293934763541717,0.01069990786138036,-11.58035391259527
1.192222004203481,0.1139962444777609,0.3678197727255084,-54.05189203523807
0.3144783743370864,2.005324040480552,0.07837389807323902,-27.43863012051745
1,0,1,0
1.842565497255235,1.970560112239738,0.08019421091579149,-41.25823753729207
3.17603086687411e-16,6.48735816651114,0.005432215806913665,-12.98302519666387
2.449231293967717e-15,3.561798156188047,0.0295618297532062,-51.19222333859948
9.555848176237971e-17,6.325734237289156,0.005949910381733536,-4.139571651622517
2.782848947038917,3.755757454113592,0.02631297338306521,-64.40356815271461
2.731941657024047e-16,7.265353467049732,0.003514871624207772,-5.401050625742101
6.728744545674702e-16,6.337982868729064,0.005908960055704793,-21.01343057915505
0.2542427743244645,3.077095329468321,0.03970110749987327,-35.74884465066346
1.028145822447522e-15,9.621296603770645,0.0009616694815337001,-4.060339186526237
9.682324783204268e-17,5.493293794352319,0.009544773307214705,-24.26482176170047
3.17603086687411e-16,6.513502001109314,0.00535292330581949,-4.554749624041041
0.3007816802121642,2.211004980446006,0.06851468902905083,-28.01881056277965
3.17603086687411e-16,6.460600928017433,0.005514616975899611,-5.867632071277549
0.2817385850637745,2.519187040446447,0.05623427654217794,-14.23573009341685
0.3241929298293622,1.876580908799493,0.08536162959581567,-12.02514009466362
0.4730804429757726,0.7186643898307921,0.1982911816375107,-26.2728197643766
3.17603086687411e-16,6.29458566992939,0.006055366128124018,-5.552111948802199
9.555848176237971e-17,7.293248706716744,0.003460710226255437,-4.707373699566213
9.555848176237971e-17,8.098254938653351,0.00221539483690919,-10.6835846413572
0.2620452298635136,2.897044939646918,0.04437105039787481,-13.7087797087282
3.17603086687411e-16,5.733602050373371,0.008321655343127732,-13.0819654198615
0.4964958634248209,1.232600037645639,0.1334509939942808,-23.69464571059687
4.730343101349462e-16,7.215625833217278,0.00361358055844746,-5.392213160564513
9.555848176237971e-17,7.358657877882351,0.003337029559142168,-7.603482253334382
6.728744545674702e-16,7.215629614581559,0.0036135729457622,-29.39743855260352
5.840566125974614e-16,8.098254462072298,0.002215395419424671,-21.83337514931136
5.840566125974614e-16,5.740366397049977,0.008289666826449771,-5.500549291169119
9.555848176237971e-17,7.594125380556609,0.002927939843080485,-3.861225450299038
9.555848176237971e-17,7.058092335188615,0.003945398986830551,-10.48101952154632
9.555848176237971e-17,6.513423779144215,0.005353158768630906,-10.83763242994664
9.555848176237971e-17,8.098254522238307,0.002215395345884941,-5.70476921533472
0.5471500474795982,0.4452806375937328,0.2522923333836653,-12.68656866593091
1.028145822447522e-15,7.058586240843937,0.003944311375049803,-16.36288599508864
4.730343101349462e-16,7.768601143892937,0.002658110143780645,-26.34861978749134
1.028145822447522e-15,9.608073772389432,0.0009686186944070085,-4.060339186526237
1.548117925380611,0.7991086623645032,0.1856799992712107,-43.51932333458912
3.17603086687411e-16,7.428080634706411,0.003210689845179249,-6.724685806240384
5.840566125974614e-16,8.098254507972207,0.002215395363322104,-17.86554790478003
2.804502661847769e-15,3.659787599257495,0.02787036928014081,-4.543955061469182
1.028145822447522e-15,5.136573805907666,0.01171341910104207,-23.14701637456155
9.555848176237971e-17,8.098254517856084,0.002215395351241212,-11.98861857163333
5.840566125974614e-16,5.740366397049977,0.008289666826449771,-5.500549291169119
3.17603086687411e-16,7.620755597597714,0.002885015367363686,-28.20183366815405
0.2984528502171157,2.251353176795099,0.06674880977155728,-21.72630961396668
0.4738415334772071,0.7141650057896172,0.1990322944094051,-24.1116663791407
3.17603086687411e-16,6.513502001109314,0.00535292330581949,-4.554749624041041
3.17603086687411e-16,5.626406175464417,0.008845933443374032,-5.913751112701593
2.287852447174094e-16,7.052341080255033,0.003958086218453616,-24.12877136355022
5.840566125974614e-16,7.797096472086409,0.002616512848760133,-15.43201841451594
0.5803602200108401,0.7061438893869365,0.200363463566654,-36.69919005139733
3.17603086687411e-16,7.767387851653849,0.002659896189084965,-5.237800120061569
9.682324783204268e-17,4.225355238428659,0.01991214100501298,-12.05185312055779
4.730343101349462e-16,7.215625833217278,0.00361358055844746,-5.392213160564513
6.728744545674702e-16,7.215625833258343,0.003613580558364804,-20.73028895804654
9.555848176237971e-17,7.434565191371755,0.003199141060670374,-4.861819931076504
3.17603086687411e-16,5.865099583901479,0.007721992507116693,-8.018780046224224
9.555848176237971e-17,6.137351132115644,0.006617771858124954,-4.110431817307624
5.114956077737342e-17,7.886645618030936,0.002490057178616834,-5.260886838313274
3.17603086687411e-16,6.294585669929205,0.006055366128124684,-10.32639716614721
9.555848176237971e-17,4.225392978398347,0.0199116981916645,-4.892921035056124
0.27613226574834,2.630098476960178,0.05242760494790705,-23.0699662525612
4.730343101349462e-16,7.215625833217278,0.00361358055844746,-5.392213160564513
6.728744545674702e-16,5.995556199552418,0.007170979302228431,-18.91776612493062
0.5427339877574151,0.9112515441019724,0.1698912826255868,-24.93945707539867
5.840566125974614e-16,4.225283251038519,0.01991298568133248,-10.955496226034
3.17603086687411e-16,5.961542452098136,0.007310622111639631,-13.28715309468125
0.321118512293238,1.931634555941482,0.08228986361273588,-12.63311759517483
9.682324783204268e-17,8.095383514300018,0.002218907352986133,-26.76422133520354
1.028145822447522e-15,6.131688561486577,0.006638999881579621,-19.33371619478636
2.804502661847769e-15,3.459396681852283,0.03144662957716959,-22.27977505266223
3.17603086687411e-16,6.513263939917238,0.005353639947768052,-16.2814942145463
0.7534416258549639,0.1632317267336703,0.3430992033894765,-65.34717645058377
0.5533539753726383,0.4140978241112592,0.2599484526921024,-26.48072088141523
9.555848176237971e-17,5.196395847544951,0.01131688542842751,-5.171720431247684
0.575571045279176,0.733298933938876,0.1959079805897461,-19.89071139857545
0.3724236531828072,1.36097819891306,0.1216840115924487,-12.32510370883478
5.840566125974614e-16,5.486986515367978,0.00957926876175591,-15.20420648838794
9.555848176237971e-17,5.67593450270132,0.008599587989862434,-15.72294389527717
0.3234693558853213,1.885371282360282,0.08486246013006676,-20.05263312667292
3.17603086687411e-16,5.347755021229393,0.01037448491449267,-10.0513204923094
5.840566125974614e-16,5.005985485063936,0.01262990927690849,-5.338375867995705
3.17603086687411e-16,5.824045823884342,0.007904270690997584,-5.190263825390418
5.840566125974614e-16,3.679346924787097,0.02754521223239698,-7.344746066953206
0.3838047473404446,1.267752477350012,0.1300943687373695,-15.98387465344557
3.17603086687411e-16,6.151600010828336,0.006564663396456727,-4.295345693687541
3.17603086687411e-16,5.347534730852175,0.01037579580973441,-8.951242172200734
9.555848176237971e-17,6.151563256921371,0.006564799820591105,-11.45727941419038
9.682324783204268e-17,5.005946366810399,0.0126301946965745,-12.21635250000803
0.473452233449055,0.7164685595682059,0.1986523672114111,-15.5923741569419
3.17603086687411e-16,6.151526874304658,0.006564934869430938,-10.76454615274581
0.3454234553904954,1.633203729941712,0.1006302499013911,-41.64650561227873
9.555848176237971e-17,6.151416765833485,0.006565343599087059,-9.845253597021367
9.682324783204268e-17,7.057286277497653,0.003947174636038109,-22.74050770675896
3.17603086687411e-16,6.356875718810448,0.005846362972363794,-4.571390723889009
0.3836195595942082,1.270179210893517,0.1298665314069388,-18.99049083082667
5.840566125974614e-16,3.686236752510842,0.02743163477582578,-5.890779518688274
4.004733053112191e-17,6.480232640430538,0.005454035286456382,-4.917501737370531
0.4055055162949876,1.112016672525712,0.1458219942745694,-24.54105428926584
3.17603086687411e-16,6.152463098543864,0.006561460602100166,-5.415360607975237
0.3724293438524163,1.360654817185605,0.1217120141832406,-41.32669469143381
3.17603086687411e-16,4.47726062910899,0.01717436706777253,-6.632279646705046
5.840566125974614e-16,5.771086557288704,0.008145979161086503,-13.43962570510317
2.509897052099161e-16,6.14604072549837,0.00658533165808145,-6.869327156240169
3.17603086687411e-16,6.480115301426643,0.005454395348412022,-10.69675588355619
0.7339033374861293,0.2078204266827299,0.3242405605865628,-40.95368696023762
3.17603086687411e-16,5.347864794480667,0.01037383174416068,-3.988275386652078
6.740639792367023e-18,6.617861388715852,0.00504804977557638,-3.818970682568323
5.840566125974614e-16,6.480115075199683,0.00545439604262693,-4.714844914677382
0.3905128192220766,1.223725758710764,0.1343153539107519,-20.55237207214668
2.804502661847769e-15,3.192775945261866,0.03698215659215864,-4.543955061469182
5.840566125974614e-16,4.285952782918073,0.01921426930989384,-8.906887402108849
9.555848176237971e-17,4.477278820455979,0.01717418425289707,-4.972070594234462
5.840566125974614e-16,5.675895367123601,0.008599779823433906,-15.31720566094661
6.728744545674702e-16,6.290929678570585,0.006067869001822435,-26.28326702990238
3.17603086687411e-16,6.152463098543864,0.006561460602100166,-5.415360607975237
9.555848176237971e-17,5.115297903854866,0.01185789710109614,-5.866154733286301
0.7866035246093216,0.1229359379270321,0.3629358939520044,-25.47673619116102
9.555848176237971e-17,5.771086557321604,0.008145979160933958,-5.390701244232273
9.682324783204268e-17,6.290936219754258,0.006067846608416527,-37.82979569733022
1.028145822447522e-15,3.014318301820765,0.04126607470680865,-26.69826802407417
9.682324783204268e-17,6.152257511131005,0.006562223361635477,-16.64230480923172
9.555848176237971e-17,5.676183149218563,0.008598369285141128,-10.50637089112382
5.840566125974614e-16,3.683867582639738,0.02747063396563371,-11.94041415472301
3.17603086687411e-16,5.823994448874249,0.007904501552040144,-12.15876722790631
9.555848176237971e-17,5.486970706454656,0.009579355384749466,-4.92073167195228
5.840566125974614e-16,5.19635222228333,0.01131716947504896,-4.969027025662744
5.840566125974614e-16,6.480115075199683,0.00545439604262693,-4.714844914677382
5.840566125974614e-16,2.99613551040974,0.04173169112673297,-13.53613048778155
3.17603086687411e-16,5.486994035220498,0.009579227557934278,-24.31126348777726
0.3070109402630362,2.109653126720985,0.07318624646720323,-26.78444906677154
3.17603086687411e-16,4.223818010155771,0.01993018650882722,-5.282370835851674
0.3236884843756627,1.879631983758657,0.08518799057192961,-15.08765686373273
1.028145822447522e-15,8.375778940054747,0.001901272731785364,-4.060339186526237
0.3435561461388899,1.656578935202663,0.09903293147785019,-8.587189678958046
3.17603086687411e-16,5.347864794480667,0.01037383174416068,-3.988275386652078
0.6640927021016032,0.1901496022287077,0.3313960670422275,-26.44332559359366
3.17603086687411e-16,4.999333112565235,0.0126785435922443,-6.998584920466286
3.17603086687411e-16,6.151600010828336,0.006564663396456727,-4.295345693687541
0.365450235583193,1.433848674583949,0.1155686791919112,-7.91225436689759
3.17603086687411e-16,5.486970706510981,0.009579355384440824,-12.68819876216938
0.7393802952392191,0.1974282551841284,0.3284023707962218,-18.13630139799675
0.3637116389394228,1.450294081700555,0.1142403852707998,-21.19704918514442
5.840566125974614e-16,3.683903616417654,0.027470040369305,-4.770764604400578
5.840566125974614e-16,3.014210488439037,0.04126881895173579,-7.597606137946538
5.840566125974614e-16,6.258724233457258,0.00617915837172317,-21.58352280042811
3.17603086687411e-16,6.151600010828336,0.006564663396456727,-4.295345693687541
3.17603086687411e-16,5.676169982344215,0.008598433816191242,-4.407774607641918
9.555848176237971e-17,6.290936219630453,0.006067846608840355,-5.667090995778766
5.840566125974614e-16,6.15227938031672,0.006562142219407985,-10.43210786858823
3.17603086687411e-16,6.473630518534343,0.005474332265525184,-6.577710789841115
1.028145822447522e-15,8.375778940054747,0.001901272731785364,-4.060339186526237
9.682324783204268e-17,7.059497668035235,0.003942305159045811,-11.20475013709537
3.17603086687411e-16,5.676169982344215,0.008598433816191242,-4.407774607641918
9.555848176237971e-17,7.059497119006856,0.003942306367242354,-28.92848977491056
3.17603086687411e-16,5.901848333616201,0.007562502198456944,-7.120561631509837
6.728744545674702e-16,5.005749268989717,0.01263163288910596,-17.4762940297944
3.17603086687411e-16,5.347864794480667,0.01037383174416068,-3.988275386652078
6.740639792367023e-18,6.617861388715852,0.00504804977557638,-3.818970682568323
9.555848176237971e-17,4.477278820455979,0.01717418425289707,-4.972070594234462
5.114956077737342e-17,5.824167975332552,0.007903721813688258,-5.392920648083568
0.3724083032782265,1.361056445870013,0.1216772371346121,-19.62330450842422
9.555848176237971e-17,5.904386487659234,0.007551612603692748,-5.257695756346102
0.3071680118177756,2.107387430075754,0.07329469748711703,-18.93558161426489
3.17603086687411e-16,5.676169982344215,0.008598433816191242,-4.407774607641918
9.682324783204268e-17,6.290936219879065,0.006067846607989258,-18.87675000166143
1.177629422548942e-16,5.90443222647316,0.007551416515909293,-5.460352579039253
0.3000038439796116,2.20831817473406,0.06863412403025243,-12.49283686074803
5.840566125974614e-16,6.771023471344758,0.004632484403926163,-11.54002534606736
5.840566125974614e-16,4.225647207574774,0.01990871552070472,-16.0059720819692
5.840566125974614e-16,5.196352393136408,0.01131716836260016,-10.95070131381486
3.17603086687411e-16,6.358407748905261,0.005841316882336356,-14.83027863241818
0.3507412382409433,1.570253917967083,0.1050850712826953,-13.49751833992076
9.555848176237971e-17,6.771156330342755,0.004632139563428839,-11.13673516584005
2.731941657024047e-16,5.486994061668472,0.009579227413017144,-12.33659685176197
5.840566125974614e-16,4.477278528322064,0.01717418718869573,-11.74668625328204
0.3226356091542736,1.894985918679922,0.08432031488347641,-40.26306871844332
5.840566125974614e-16,5.81690123184444,0.007936442753920914,-17.84721220886458
0.9390111843358985,0.01180118412879239,0.4567466915159882,-27.01541568355161
1.035653507765218,0.003571219495682953,0.4761735189550077,-32.89141657499299
9.555848176237971e-17,4.477278820455979,0.01717418425289707,-4.972070594234462
3.17603086687411e-16,6.361619310536739,0.005830753378715359,-11.0451039695375
0.3101924284471702,2.07428992681141,0.07489982037586518,-23.41976315525949
9.555848176237971e-17,6.145980945120817,0.006585554272232119,-6.386803250582369
0.3171874243763099,1.974610841702493,0.07997964827481913,-23.75221234741333
5.840566125974614e-16,2.910981788908511,0.04398915126320502,-10.6197192487383
5.840566125974614e-16,5.676209332688519,0.008598240961044001,-10.79533904116841
3.17603086687411e-16,5.669618660130283,0.008630604005311016,-12.53964320120687
1.028145822447522e-15,5.519550483590741,0.00940254518766398,-27.64878836459984
2.731941657024047e-16,5.005462716134254,0.01263372412463942,-15.65720614655384
0.5409913911182902,0.4600581053684749,0.2487984094256148,-25.4881013181616
3.17603086687411e-16,5.196183870505084,0.01131826569256178,-13.09748237346136
0.3727868509848907,1.355352799566376,0.1221722543135163,-33.20028293180498
3.17603086687411e-16,6.798991610668097,0.004560468631672032,-15.86151212127904
9.555848176237971e-17,5.771086557321588,0.008145979160934069,-10.75486760935015
0.3483840756681607,1.612991349463385,0.1020359099543928,-28.79472598595106
2.804502661847769e-15,3.014537005902504,0.04126050849307789,-31.85701593105567
0.3723754193125554,1.361788259012989,0.1216139005356547,-18.40726346554186
1.028145822447522e-15,4.22972781125079,0.01986090510800959,-27.13067122835211
6.728744545674702e-16,7.028756776046706,0.004010550953812697,-29.86589171971605
9.555848176237971e-17,4.477278820455979,0.01717418425289707,-4.972070594234462
3.17603086687411e-16,5.347864794480667,0.01037383174416068,-3.988275386652078
5.840566125974614e-16,6.47976287461583,0.005455476938390214,-15.67068242248723
2.804502661847769e-15,3.192775945261866,0.03698215659215864,-4.543955061469182
5.840566125974614e-16,5.196192378356766,0.01131821029130298,-15.11296666146253
5.840566125974614e-16,3.014085272352593,0.04127200640644307,-6.477269527988573
2.804502661847769e-15,3.192775945261866,0.03698215659215864,-4.543955061469182
5.840566125974614e-16,5.19635222228333,0.01131716947504896,-4.969027025662744
1.028145822447522e-15,4.901877451700116,0.01341375679125906,-20.85095676720693
3.17603086687411e-16,5.005867107488051,0.01263077301923743,-5.135719045302552
0.3169781767642781,1.977437320794934,0.07983032013532548,-16.24725305954541
0.3004983385299733,2.200699709431291,0.06897405384699062,-12.52165863484039
3.17603086687411e-16,4.223818010155771,0.01993018650882722,-5.282370835851674
0.3377979758308673,1.7206639955565,0.09480379833036501,-21.84825470793231
1.217013281506424,0.1062364052060261,0.3722351532230174,-27.05016728457784
0.6314065790306801,0.2444192191005286,0.3105161919401032,-20.51490598166896
2.731941657024047e-16,5.115297788965858,0.01185789788624186,-11.74300069960067
9.555848176237971e-17,5.904386487659234,0.007551612603692748,-5.257695756346102
9.555848176237971e-17,5.771086557321604,0.008145979160933958,-5.390701244232273
1.301599902324136,0.2496566130744213,0.3086584852976624,-31.18958437004193
1.028145822447522e-15,3.148950603678117,0.03798790457997847,-8.805616549732287
1.028145822447522e-15,3.148950603678117,0.03798790457997847,-8.805616549732287
5.840566125974614e-16,7.043248578439879,0.003978229403431455,-20.03472427703428
5.840566125974614e-16,5.005985485063936,0.01262990927690849,-5.338375867995705
5.840566125974614e-16,5.193951964540449,0.01133280908478967,-6.915396200144626
0.4775445653640796,1.38955751982661,0.1192399190996073,-20.1182750523814
2.804502661847769e-15,3.192775945261866,0.03698215659215864,-4.543955061469182
9.682324783204268e-17,6.290936219726703,0.006067846608510841,-54.51367718667287
1.177629422548942e-16,5.90443222647316,0.007551416515909293,-5.460352579039253
5.840566125974614e-16,3.683903616417654,0.027470040369305,-4.770764604400578
2.804502661847769e-15,5.340754556574524,0.01041622693868005,-60.85549787289379
9.682324783204268e-17,7.044603618039503,0.003975220865057194,-20.61232866897064
4.004733053112191e-17,5.665485406064722,0.008650964167747688,-4.608339318200244
2.731941657024047e-16,5.186478732264872,0.01138164679543047,-4.966764454385216
0.2999061841876603,2.216147557220715,0.06828673780391081,-23.77840088279585
9.555848176237971e-17,5.893244637671211,0.007599535630970655,-5.45826046690443
4.004733053112191e-17,5.665485406064722,0.008650964167747688,-4.608339318200244
3.17603086687411e-16,5.166923253962421,0.01151047715728315,-4.962283533264497
9.555848176237971e-17,5.871092770961788,0.007695747383110019,-5.454116882891435
3.17603086687411e-16,5.157194610099138,0.01157513105085267,-4.960054156367595