dN/dS,LRT,p-value,Log(L)
2.804502661847769e-15,1.089004302806952,0.1483459642728868,-4.043235152112945
4.730343101349462e-16,0.6993008700836185,0.2015093559127772,-3.848879647576563
2.787215116214255,0.7648714091931019,0.1909041570273937,-11.18766352254186
2.804502661847769e-15,0.6671319628242891,0.207026662964348,-4.063902767675728
9.682324783204268e-17,0.6671318004309335,0.207026691374701,-3.985141344772141
1.028145822447522e-15,0.8216078794340955,0.1823552394032626,-4.559411269902023
8.48884454792928e-15,0.362534825598317,0.2735509087607874,-16.7488193470402
2.804502661847769e-15,0.9016414675603013,0.1711709772174235,-4.152222971888515
2.804502661847769e-15,0.5768713034034612,0.2237706449171836,-3.993405331782656
9.682324783204268e-17,0.6671318004309335,0.207026691374701,-3.985141344772141
2.449231293967717e-15,0.3396878653435387,0.2800047237056687,-4.141758977273607
1.038263951005382e-15,0.7708391940772543,0.1899787830616836,-16.38568158629269
5.64667360488876e-15,0.3498191816227987,0.2771077524229331,-10.753806921311
2.093959926088373e-15,0.7473402719924724,0.1936598125705768,-4.273835227253483
3.325993025140919,1.001815226568489,0.1584358372608456,-10.06939792236886
1.028145822447522e-15,0.8216078794340955,0.1823552394032626,-4.559411269902023
1,0,1,0
2.311239405960725,0.5380580638113308,0.2316193219466376,-10.43979043952943
2.486768974211625,0.6243762374934754,0.2147128412127891,-11.16354469377614
1,0,1,0
1.750541427559937,0.2614270434056643,0.3045707238686348,-11.18973049562884
2.804502661847769e-15,0.9080712952983383,0.1703133396422906,-10.63964533016873
1,0,1,0
1,0,1,0
1,0,1,0
2.207846437039124,0.487939857788291,0.2424238643757393,-18.44495090163174
1.028145822447522e-15,1.023446585135169,0.1558514311391574,-17.29352675943763
2.804502661847769e-15,0.8968257541547935,0.1718171357261233,-10.21946093415417
2.804502661847769e-15,0.4425451742275541,0.25294827974359,-13.25381289718444
1,0,1,0
4.52385373180583,1.454661033217445,0.1138907602069912,-11.73986936228472
1,0,1,0
2.804502661847769e-15,0.91152015682826,0.1698556989674367,-22.81994144131211
1,0,1,0
1,0,1,0
1,0,1,0
1,0,1,0
1,0,1,0
1,0,1,0
1,0,1,0
1,0,1,0
1,0,1,0
1,0,1,0
1,0,1,0
1,0,1,0
1,0,1,0
1,0,1,0
1,0,1,0
4.936130869128893e-15,0.5345980327633875,0.2323400699967468,-10.16390267759939
1,0,1,0
1,0,1,0
1.028145822447522e-15,0.9309155946168026,0.1673125607082425,-10.57464854159809
1.028145822447522e-15,0.8968257562179005,0.1718171354485968,-11.34948040876606
1,0,1,0
1,0,1,0
1,0,1,0
1.038263951005382e-15,0.9975828380036376,0.1589480490456724,-9.650577723970923
1,0,1,0
1,0,1,0
1,0,1,0
5.504070601123469,5.290712073653012,0.01071972596247905,-20.94847889750733
1.028145822447522e-15,0.7763023633626176,0.1891371997773735,-10.59930322343007
1,0,1,0
4.498295584817864,2.888605128708498,0.04460406513572285,-14.20281322088808
5.244648518657604,5.057957365229896,0.0122565566359773,-19.81457994923726
1,0,1,0
1,0,1,0
1,0,1,0
1.943510057028953,0.3566164872406894,0.2751956916321568,-9.860949050280121
1.7909273411805,0.2811766634106121,0.2979655125447401,-9.736728271442555
1,0,1,0
1.038263951005382e-15,0.9116094813952245,0.1698438681861267,-18.41902796413483
1,0,1,0
1,0,1,0
1,0,1,0
1,0,1,0
1,0,1,0
1,0,1,0
2.804502661847769e-15,0.9080421732419346,0.1703172110026834,-9.552288173926621
1,0,1,0
1,0,1,0
1,0,1,0
1,0,1,0
1,0,1,0
1,0,1,0
1,0,1,0
8.48884454792928e-15,0.4517929408737942,0.2507423714406598,-17.46578594522559
1,0,1,0
1,0,1,0
1,0,1,0
1,0,1,0
1,0,1,0
1,0,1,0
1,0,1,0
1,0,1,0
1.038263951005382e-15,0.5345919187084398,0.232341346762271,-10.02565335535053
1,0,1,0
1,0,1,0
1,0,1,0
1,0,1,0
1.940358655648537,0.3550478078874306,0.275634751788887,-10.71103828011005
1,0,1,0
1,0,1,0
1,0,1,0
1,0,1,0
1,0,1,0
1,0,1,0
2.310173142739076,0.5375761302098176,0.2317194981325668,-10.06045877222467
1,0,1,0
2.804502661847769e-15,0.718548150878636,0.1983102776586557,-10.29539752145963
1,0,1,0
1,0,1,0
1,0,1,0
1,0,1,0
1,0,1,0
1,0,1,0
1,0,1,0
2.804502661847769e-15,0.9309155948242811,0.1673125606813117,-10.21148070786509
1,0,1,0
1,0,1,0
1,0,1,0
1.038263951005382e-15,0.9309155968004355,0.1673125604248042,-11.35493893121964
1,0,1,0
1,0,1,0
1,0,1,0
1,0,1,0
1,0,1,0
1,0,1,0
1,0,1,0
4.936130869128893e-15,0.6998069407050416,0.201424286308076,-10.46759791948593
1,0,1,0
1,0,1,0
1.028145822447522e-15,0.8968257538581383,0.171817135766029,-8.819894625391207
1,0,1,0
2.449231293967717e-15,0.9976028704681745,0.1589456195660987,-10.19569612192259
1,0,1,0
1,0,1,0
2.213271515269043,0.4901802554247574,0.2419234538484655,-9.676111515462145
1,0,1,0
1,0,1,0
1,0,1,0
1,0,1,0
1,0,1,0
1,0,1,0
1,0,1,0
1,0,1,0
1,0,1,0
1,0,1,0
1,0,1,0
4.936130869128893e-15,1.149160016712347,0.1418625283136288,-9.718208821427949
1,0,1,0
1,0,1,0
2.588462933802008,0.6727205184363747,0.2060523577535213,-10.59855432545445
1,0,1,0
1,0,1,0
1,0,1,0
1,0,1,0
1,0,1,0
1,0,1,0
1.998522014601241,0.3840999334064996,0.2677085739766993,-10.15654452694522
1,0,1,0
1,0,1,0
1,0,1,0
1,0,1,0
1,0,1,0
1,0,1,0
1,0,1,0
1,0,1,0
1,0,1,0
1,0,1,0
1,0,1,0
1,0,1,0
1,0,1,0
1,0,1,0
1,0,1,0
1,0,1,0
1,0,1,0
1,0,1,0
1.028145822447522e-15,1.023446585142331,0.1558514311383107,-21.8965886287511
5.64667360488876e-15,0.4358915605428457,0.2545560595710621,-10.84332335089062
1,0,1,0
1,0,1,0
1,0,1,0
1,0,1,0
1,0,1,0
1,0,1,0
1,0,1,0
1,0,1,0
1,0,1,0
1,0,1,0
1,0,1,0
1,0,1,0
1,0,1,0
1,0,1,0
1,0,1,0
1,0,1,0
1,0,1,0
1,0,1,0
6.886648799520981,6.414275292294541,0.005660325992727866,-26.38185397865196
1,0,1,0
1,0,1,0
5.166991429422624,4.989801068385887,0.01274856992008572,-23.46265778466059
2.804502661847769e-15,0.896825753267251,0.1718171358455144,-16.55607426232903
1,0,1,0
1.79522223112368,0.2832886439958209,0.2972768899901504,-9.511203394669069
1.948362854979564,0.3590433599963383,0.274519004734236,-15.28513840629182
1,0,1,0
1,0,1,0
2.804502661847769e-15,1.123093165331408,0.1446266945567964,-11.14632657555674
1.038263951005382e-15,0.435419143037695,0.2546708837078216,-11.68026794782079
1,0,1,0
1,0,1,0
1.038263951005382e-15,0.5345980313751397,0.2323400702866459,-10.16340040496789
1.977208521018951,0.3736796530682831,0.270502671092396,-12.98412293670762
1,0,1,0
1,0,1,0
1,0,1,0
2.159572178219618,0.4641729279612008,0.2478400900147723,-16.30353695664957
2.236083524345166,0.5018843355926599,0.2393366648113243,-9.848892122662054
1,0,1,0
1,0,1,0
1,0,1,0
2.449231293967717e-15,0.8709795027391216,0.1753421418089032,-9.833825308559982
1.028145822447522e-15,1.064568650748473,0.1510877448898076,-11.02814867862519
2.804502661847769e-15,1.123048579696913,0.1446314808543955,-9.759522651144877
1,0,1,0
1,0,1,0
1,0,1,0
1,0,1,0
1,0,1,0
9.682324783204268e-17,0.9003782280660602,0.1713401573043457,-9.973936409914343
1,0,1,0
2.804502661847769e-15,0.8309540083614415,0.1809984063016833,-9.452069964350732
4.936130869128893e-15,1.14875915298845,0.1419045265496954,-9.940860871268027
1.038263951005382e-15,0.7763023672184985,0.1891371991852445,-18.16826646100604
21.6164956602458,45.97365132176937,5.992706331170439e-12,-52.34470645031784
1,0,1,0
1,0,1,0
4.421585646600106,2.836752387709048,0.04606512429557169,-19.66099790856824
1,0,1,0
1,0,1,0
1,0,1,0
1,0,1,0
1,0,1,0
18.2811511412182,34.83045971971094,1.798508064698723e-09,-53.1354849595099
1,0,1,0
1,0,1,0
1,0,1,0
1,0,1,0
1,0,1,0
1,0,1,0
1,0,1,0
2.804502661847769e-15,0.9309155936292015,0.1673125608364345,-10.51867580939712
1,0,1,0
1,0,1,0
1,0,1,0
1,0,1,0
1,0,1,0
2.486774655212219,0.6243781749608388,0.2147124832736756,-11.16362184800959
5.64667360488876e-15,0.4515033945721783,0.2508109398097709,-9.375379655128031
1,0,1,0
1,0,1,0
1,0,1,0
1,0,1,0
1.028145822447522e-15,1.180552945002788,0.1386217278789927,-10.72374810111814
1,0,1,0
4.936130869128893e-15,0.4356536740233459,0.2546138682597148,-10.77311492616039
1,0,1,0
1,0,1,0
1,0,1,0
1,0,1,0
1,0,1,0
2.449231293967717e-15,0.7185481485689209,0.1983102780381278,-14.75534040338394
1,0,1,0
1,0,1,0
1.803013798144197,0.2869358393737826,0.2960954204399231,-9.816372732743565
3.214252255550044,0.9537390351298463,0.1643846903938982,-10.37553247616699
1,0,1,0
1,0,1,0
1,0,1,0
1,0,1,0
1,0,1,0
1,0,1,0
1,0,1,0
1,0,1,0
4.936130869128893e-15,0.7049259711564986,0.2005667151998685,-13.16928625931823
1,0,1,0
1,0,1,0
1,0,1,0
1,0,1,0
1.705779811506257,0.2397265849761077,0.3122018296419943,-10.46636172290242
1,0,1,0
1,0,1,0
1,0,1,0
4.936130869128893e-15,0.7761118753920293,0.1891664552811639,-13.81965630806496
2.016585705764254,0.3929169451543792,0.2653850515007518,-9.474563024811447
1,0,1,0
1,0,1,0
1,0,1,0
1,0,1,0
2.21487865417884,0.4909455414535486,0.2417529115263977,-10.91384915864311
1,0,1,0
1,0,1,0
4.936130869128893e-15,0.8309710379629713,0.1809959467688845,-10.35720413793789
1,0,1,0
1,0,1,0
1.934230458673809,0.3520046549236397,0.2764902656880896,-10.30905802388454
1,0,1,0
1,0,1,0
1,0,1,0
1,0,1,0
1,0,1,0
1,0,1,0
1,0,1,0
1.028145822447522e-15,1.096591810560032,0.14750763897989,-10.42447619712444
1,0,1,0
1,0,1,0
2.802228438273405,0.7708189259635638,0.1899819151280704,-11.31524894033621
1,0,1,0
6.36651277904427,6.018571210229837,0.007078051382421957,-32.46697153196432
1,0,1,0
2.804502661847769e-15,0.9003783247790267,0.1713401443433725,-11.41058365339378
1,0,1,0
1,0,1,0
1,0,1,0
1,0,1,0
1,0,1,0
2.223840314958093,0.4953613751923989,0.2407727077683084,-13.07255972512401
1,0,1,0
1,0,1,0
1,0,1,0
1,0,1,0
1,0,1,0
1,0,1,0
2.804502661847769e-15,1.18055288458017,0.1386217340262739,-10.72337100384368
1,0,1,0
1.028145822447522e-15,1.005549732711149,0.157985675529846,-10.51405037733738
1,0,1,0
2.804502661847769e-15,0.9309155946628245,0.167312560702269,-10.5882232268389
1,0,1,0
1,0,1,0
1,0,1,0
1,0,1,0
2.237397056956159,0.502524923422758,0.2391963943970969,-11.44886990032575
1,0,1,0
1.028145822447522e-15,0.947875963862618,0.1651302711971018,-4.457903842065662
6.728744545674702e-16,0.8925629444791134,0.1723918590605852,-3.607781959106389
2.804502661847769e-15,0.604311942284264,0.2184687690633154,-4.383637382090733
2.119505352514251,0.4446344047324828,0.2524470327637358,-9.764844712741413
2.271595610028619e-15,0.8216078781472458,0.1823552395910496,-4.294767457111451
2.804502661847769e-15,0.6671319628242891,0.207026662964348,-4.063902767675728
1.028145822447522e-15,0.8216078786212684,0.1823552395218767,-10.02781441245051
1.028145822447522e-15,0.947875963862618,0.1651302711971018,-4.457903842065662
2.804502661847769e-15,0.604311942284264,0.2184687690633154,-4.383637382090733
6.728744545674702e-16,0.8925629444791134,0.1723918590605852,-3.607781959106389
5.840566125974614e-16,0.8009262935247055,0.1854082836380814,-3.593190666737538
3.17603086687411e-16,0.7290593445908504,0.1965941307885988,-3.577922516715349
1.028145822447522e-15,0.9478759638360543,0.16513027120049,-4.3791423379654
4.936130869128893e-15,0.3598509267044054,0.2742945193392027,-4.485263783738997
9.682324783204268e-17,0.8009291222458241,0.1854078612085204,-4.126863150371543
2.804502661847769e-15,0.9226915269087428,0.1683846281311829,-11.28912681282887
2.804502661847769e-15,1.089004302806952,0.1483459642728868,-4.043235152112945
2.804502661847769e-15,1.089004302806952,0.1483459642728868,-4.043235152112945
1.028145822447522e-15,0.8306889956784866,0.1810366872132324,-3.9346673136635
2.804502661847769e-15,0.9478759588124817,0.1651302718412396,-9.890927429291622
4.936130869128893e-15,0.3598509267044054,0.2742945193392027,-4.485263783738997
2.804502661847769e-15,0.5768713034034612,0.2237706449171836,-3.993405331782656
1.028145822447522e-15,0.9478759638360543,0.16513027120049,-4.3791423379654
2.804502661847769e-15,0.604311942284264,0.2184687690633154,-4.383637382090733
5.840566125974614e-16,0.8805089939399,0.1740311540232202,-4.353057709537067
1.028145822447522e-15,0.7318517699518505,0.1961418077940912,-4.319634428818739
8.48884454792928e-15,0.4291594098054858,0.2562008507797324,-17.02489774195367
3.17603086687411e-16,0.7290593445908504,0.1965941307885988,-3.577922516715349
1.028145822447522e-15,0.6231848151937971,0.2149331225705006,-4.618149288021178
2.449231293967717e-15,0.7783136229130214,0.1888286952847801,-8.748724889309337
1.028145822447522e-15,0.921239435293268,0.1685748737047033,-4.452807730571558
2.861382229752683,0.798646112949438,0.1857492340213597,-10.25555169169877
9.682324783204268e-17,0.9212393358279325,0.1685748867460061,-4.641943089845157
1.028145822447522e-15,0.4171536802529126,0.259180365107756,-4.053451767198854
2.271595610028619e-15,0.7985183497407213,0.1857683640725206,-4.290575575617708
2.271595610028619e-15,0.7985183497407213,0.1857683640725206,-4.290575575617708
9.682324783204268e-17,0.8073475912156365,0.1844527999774407,-3.851875398495356
1.028145822447522e-15,0.6302765130299228,0.2136269526516205,-4.732754206605922
1.028145822447522e-15,0.6796518323164804,0.2048533201141892,-3.311739855095464
4.936130869128893e-15,0.8763052073715443,0.1746078271371973,-4.147905682383393
4.936130869128893e-15,0.6997470323719561,0.2014343540676624,-12.74132463287841
1.028145822447522e-15,0.4171536802529126,0.259180365107756,-4.053451767198854
2.271595610028619e-15,0.7985183497407213,0.1857683640725206,-4.290575575617708
4.936130869128893e-15,0.7985183497418369,0.1857683640723536,-10.7744727788601
2.804502661847769e-15,0.6483865020086252,0.2103450692662949,-4.059107823517205
2.804502661847769e-15,0.7085618273836225,0.1999608321010268,-10.60976595299849
1.028145822447522e-15,0.4171536802529126,0.259180365107756,-4.053451767198854
2.804502661847769e-15,0.6483865020086252,0.2103450692662949,-4.059107823517205
2.804502661847769e-15,0.7085766734250392,0.1999583635862605,-3.652366521363398
2.181527749051811,0.4753587182725205,0.2452660911312339,-10.76766789453714
1.028145822447522e-15,0.6795966047532929,0.2048628332348286,-9.101613681873522
4.936130869128893e-15,0.3398940136853277,0.2799452028233991,-9.772866374629576
3.17603086687411e-16,0.7085762724285516,0.1999584302610799,-3.573891895700375
2.804502661847769e-15,0.8555789431352103,0.1774894288564443,-10.3679546965074
4.936130869128893e-15,0.3302573087055691,0.2827538073468438,-10.61841080869886
2.804502661847769e-15,0.6483577452717242,0.2103502205478661,-9.405360584248879
2.588781605030089,0.6721938556009306,0.2061438866473633,-21.76181572662405
1.028145822447522e-15,0.6796518323164804,0.2048533201141892,-3.311739855095464
5.840566125974614e-16,0.6997470314778127,0.201434354217931,-4.544228518986801
2.804502661847769e-15,0.7085766734250392,0.1999583635862605,-3.652366521363398
1.028145822447522e-15,0.7783972515822661,0.1888158829423015,-10.1410692486598
1.028145822447522e-15,0.6796518323164804,0.2048533201141892,-3.311739855095464
2.804502661847769e-15,0.5873277727722765,0.2217271583965391,-4.37932009258561
2.449231293967717e-15,0.7112848185157468,0.1995088065212856,-4.315603807803766
1.028145822447522e-15,0.4171536802529126,0.259180365107756,-4.053451767198854
2.449231293967717e-15,0.6483863469399607,0.2103450970437105,-3.98063307491076
5.840566125974614e-16,0.7784222162711156,0.18881205846073,-3.589723357890444
2.093959926088373e-15,0.6796244576747483,0.2048580354007727,-17.67334681237235
5.840566125974614e-16,0.7784222162711156,0.18881205846073,-3.589723357890444
2.804502661847769e-15,0.5873277727722765,0.2217271583965391,-4.37932009258561
3.716946223892649,1.16005849441952,0.1407267047974474,-12.02546174896504
5.840566125974614e-16,0.7784222162711156,0.18881205846073,-3.589723357890444
2.449231293967717e-15,0.7263392321130269,0.1970361828092247,-4.004999532969166
5.840566125974614e-16,0.7784222162711156,0.18881205846073,-3.589723357890444
2.804502661847769e-15,0.9209988012192909,0.1686064281697891,-10.25683517567638
2.287852447174094e-16,0.8305884243272645,0.1810512176064832,-3.815675006964505
2.449231293967717e-15,0.6483863469399607,0.2103450970437105,-3.98063307491076
6.728744545674702e-16,0.4171569015575489,0.2591795575401882,-4.585086887761492
1.028145822447522e-15,0.8073479922121249,0.1844527405240041,-3.930350024158378
1.028145822447522e-15,0.6302765135021602,0.2136269525650417,-4.811229032510581
2.449231293967717e-15,0.7784249169524351,0.1888116447346552,-4.121358478453083
1.028145822447522e-15,0.6796518323164804,0.2048533201141892,-3.311739855095464
2.804502661847769e-15,0.5606624511192475,0.2269967270450116,-3.910613416614511
5.64667360488876e-15,0.7263392334965388,0.1970361825840235,-10.19628863716804
2.449231293967717e-15,0.7784249169524351,0.1888116447346552,-4.121358478453083
1.028145822447522e-15,0.8073479922121249,0.1844527405240041,-3.930350024158378
2.804502661847769e-15,0.6997470323754857,0.2014343540670692,-4.276618333572427
1.028145822447522e-15,0.6796242133216701,0.2048580774913492,-9.794657608044602
2.322261343663405,0.5441691649035363,0.2303550034146185,-9.308824137063915
9.682324783204268e-17,0.8073475912156365,0.1844527999774407,-3.851875398495356
1.028145822447522e-15,0.6302765135021602,0.2136269525650417,-4.811229032510581
4.936130869128893e-15,0.3497362246666214,0.2771312424520896,-4.485263783738997
2.804502661847769e-15,0.568484170272809,0.22543094812501,-4.880950039900938
2.804502661847769e-15,0.5606624511199048,0.2269967270448792,-3.989088042277533
3.17603086687411e-16,0.7085762724285516,0.1999584302610799,-3.573891895700375
9.682324783204268e-17,0.7985183502017321,0.1857683640034883,-4.822212021781781
2.449231293967717e-15,0.7784249169524351,0.1888116447346552,-4.121358478453083
3.189964404710506,0.9444255829516166,0.1655711439472805,-10.46190479063193
1.028145822447522e-15,0.6302765130299228,0.2136269526516205,-4.732754206605922
1.028145822447522e-15,0.7263392334965406,0.1970361825840232,-4.269025793718865
4.0479524494288e-15,0.7985183509583145,0.1857683638901967,-4.633076662508183
1.028145822447522e-15,0.3398937425149313,0.2799452811021086,-5.145555756404554
2.449231293967717e-15,0.7784249169524351,0.1888116447346552,-4.121358478453083
2.804502661847769e-15,0.7085023104428316,0.1999707286808212,-8.998642080247389
1.028145822447522e-15,0.4171536802529126,0.259180365107756,-4.053451767198854
2.449231293967717e-15,0.7112542385184923,0.1995138746798604,-10.6399903449531
1.028145822447522e-15,0.699747030930844,0.201434354309854,-4.012592072822727
2.449231293967717e-15,0.6483863469399607,0.2103450970437105,-3.98063307491076
9.682324783204268e-17,0.8073475912156365,0.1844527999774407,-3.851875398495356
2.804502661847769e-15,0.339893720198603,0.2799452875441609,-4.613919308679294
2.804502661847769e-15,0.6997470323754857,0.2014343540670692,-4.276618333572427
1.028145822447522e-15,0.8073479922121249,0.1844527405240041,-3.930350024158378
2.804502661847769e-15,0.5458292093887405,0.2300134512961176,-4.349313593736863
5.840566125974614e-16,0.7784222162711156,0.18881205846073,-3.589723357890444
2.804502661847769e-15,1.058402562363577,0.1517899032064922,-4.043235152112945
2.804502661847769e-15,0.7085766734250392,0.1999583635862605,-3.652366521363398
1.028145822447522e-15,0.6796518323164804,0.2048533201141892,-3.311739855095464
1.028145822447522e-15,0.3398937425149313,0.2799452811021086,-5.145555756404554
1.028145822447522e-15,0.5873273717336183,0.221727236216239,-4.300845466922588
5.840566125974614e-16,0.7784222162711156,0.18881205846073,-3.589723357890444
2.287852447174094e-16,0.8305884243272645,0.1810512176064832,-3.815675006964505
1.028145822447522e-15,0.699747030930844,0.201434354309854,-4.012592072822727
2.287852447174094e-16,0.6796545329961212,0.2048528549303167,-3.843374975658102
2.287852447174094e-16,0.6796545329961212,0.2048528549303167,-3.843374975658102
1.028145822447522e-15,0.4171536802529126,0.259180365107756,-4.053451767198854
8.48884454792928e-15,0.339893827249746,0.2799452566417204,-16.49273700104554
1.028145822447522e-15,0.8557669332187814,0.1774630014772618,-4.34731012752716
5.840566125974614e-16,0.7784222162711156,0.18881205846073,-3.589723357890444
3.17603086687411e-16,0.7085762724285516,0.1999584302610799,-3.573891895700375
1.028145822447522e-15,0.7985183509583091,0.1857683638901975,-4.554601836367406
2.449231293967717e-15,0.7784249169524351,0.1888116447346552,-4.121358478453083
9.682324783204268e-17,0.8073475912156365,0.1844527999774407,-3.851875398495356
2.804502661847769e-15,1.058402562363577,0.1517899032064922,-4.043235152112945
1.028145822447522e-15,0.921239435293268,0.1685748737047033,-4.452807730571558
1.038263951005382e-15,0.7085019329254472,0.199970791457331,-8.989050325740568
1.028145822447522e-15,0.9212394352681326,0.1685748737079988,-4.374332904430783
2.271595610028619e-15,0.7492093085104035,0.1933633419676466,-4.406152577634505
2.804502661847769e-15,0.5873277727722765,0.2217271583965391,-4.37932009258561
1.028145822447522e-15,0.6796518323164804,0.2048533201141892,-3.311739855095464
6.728744545674702e-16,0.8674852018917516,0.1758262265765151,-3.607057385879891
2.804502661847769e-15,0.5606624511199048,0.2269967270448792,-3.989088042277533
2.804502661847769e-15,0.7112852199434805,0.1995087399921268,-4.394078433466788
1.028145822447522e-15,0.6796518323164804,0.2048533201141892,-3.311739855095464
2.271595610028619e-15,0.7492093085104035,0.1933633419676466,-4.406152577634505
1.028145822447522e-15,0.8073479922121249,0.1844527405240041,-3.930350024158378
3.17603086687411e-16,0.7085762724285516,0.1999584302610799,-3.573891895700375
2.516730012121913,0.6386930325490496,0.2120922328233946,-11.00561983287638
2.804502661847769e-15,0.7492094638072277,0.1933633173610081,-4.484627203297528
6.728744545674702e-16,0.8674852018917516,0.1758262265765151,-3.607057385879891
9.682324783204268e-17,0.9212393358279325,0.1685748867460061,-4.641943089845157
2.804502661847769e-15,0.5458292093887405,0.2300134512961176,-4.349313593736863
2.804502661847769e-15,0.6483865020086252,0.2103450692662949,-4.059107823517205
2.287852447174094e-16,0.8305884243272645,0.1810512176064832,-3.815675006964505
1.20578150638828e-15,0.7085168522477616,0.1999683105788,-9.213034407421377
1.028145822447522e-15,0.8960625404400737,0.1719198437239075,-4.110306643681083
1.028145822447522e-15,0.699747032375484,0.2014343540670694,-9.915731138377907
2.804502661847769e-15,0.5606624511192475,0.2269967270450116,-3.910613416614511
1.028145822447522e-15,0.8073479922121249,0.1844527405240041,-3.930350024158378
2.449231293967717e-15,0.7112848185157468,0.1995088065212856,-4.315603807803766
9.682324783204268e-17,0.8073475912156365,0.1844527999774407,-3.851875398495356
2.449231293967717e-15,0.7263392321173399,0.1970361828085226,-10.08245282672934
2.804502661847769e-15,0.5606624511199048,0.2269967270448792,-3.989088042277533
2.287852447174094e-16,0.8305884243272645,0.1810512176064832,-3.815675006964505
2.492133178776456,0.6263012095133291,0.2143576547129197,-16.24016785783504
5.840566125974614e-16,0.7784222162711156,0.18881205846073,-3.589723357890444
2.271595610028619e-15,0.7985183497407213,0.1857683640725206,-4.290575575617708
2.804502661847769e-15,0.3527977026307028,0.2762668375575458,-4.667128176316195
2.804502661847769e-15,0.7085766734250392,0.1999583635862605,-3.652366521363398
2.804502661847769e-15,0.7085766734250392,0.1999583635862605,-3.652366521363398
2.093959926088373e-15,0.780669385205357,0.1884682481089674,-16.93979935046788
2.804502661847769e-15,0.5873277727722765,0.2217271583965391,-4.37932009258561
6.728744545674702e-16,0.4171569015575489,0.2591795575401882,-4.585086887761492
2.804502661847769e-15,0.6483865020086252,0.2103450692662949,-4.059107823517205
1.028145822447522e-15,0.6796380280394061,0.2048556978832711,-10.48822134787691
1.028145822447522e-15,0.9212394352681326,0.1685748737079988,-4.374332904430783
1.028145822447522e-15,0.7263392334965406,0.1970361825840232,-4.269025793718865
2.449231293967717e-15,0.7784249169524351,0.1888116447346552,-4.121358478453083
1.028145822447522e-15,0.3398937425149313,0.2799452811021086,-5.145555756404554
2.287852447174094e-16,0.6796545329961212,0.2048528549303167,-3.843374975658102
2.804502661847769e-15,0.5458292093887405,0.2300134512961176,-4.349313593736863
2.804502661847769e-15,0.8961426721756638,0.1719090562554006,-11.28635122853232
2.804502661847769e-15,0.5606624511199048,0.2269967270448792,-3.989088042277533
1.028145822447522e-15,0.6796518323164804,0.2048533201141892,-3.311739855095464
9.682324783204268e-17,0.8073475912156365,0.1844527999774407,-3.851875398495356
4.936130869128893e-15,0.3497362246666214,0.2771312424520896,-4.485263783738997
2.804502661847769e-15,0.6483865020086252,0.2103450692662949,-4.059107823517205
2.804502661847769e-15,0.339893720198603,0.2799452875441609,-4.613919308679294
4.936130869128893e-15,0.3497362246666214,0.2771312424520896,-4.485263783738997
2.449231293967717e-15,0.6483863469399607,0.2103450970437105,-3.98063307491076
5.840566125974614e-16,0.6056697997505758,0.2182114405861688,-4.691814680627338
1.028145822447522e-15,0.5873273717336183,0.221727236216239,-4.300845466922588
4.0479524494288e-15,0.7985183509583145,0.1857683638901967,-4.633076662508183
6.728744545674702e-16,0.8674852018917516,0.1758262265765151,-3.607057385879891
2.804502661847769e-15,0.5458292093887405,0.2300134512961176,-4.349313593736863
2.271595610028619e-15,0.7492093085104035,0.1933633419676466,-4.406152577634505
1.028145822447522e-15,0.5873273717336183,0.221727236216239,-4.300845466922588
5.719385593941618,1.830982618289088,0.0880057638323779,-13.30056526856632
1.028145822447522e-15,0.6302765130299228,0.2136269526516205,-4.732754206605922
1.028145822447522e-15,0.7492035712384748,0.193364251036216,-11.43276710223885
2.449231293967717e-15,0.6483863469399607,0.2103450970437105,-3.98063307491076
2.773462625930005,0.7586972985870446,0.1918682537295394,-13.78978589513509
5.64667360488876e-15,0.3519630320630291,0.2765020016396924,-10.28034039536559
1.028145822447522e-15,0.3398937425149313,0.2799452811021086,-5.145555756404554
9.682324783204268e-17,0.9212393358279325,0.1685748867460061,-4.641943089845157
2.804502661847769e-15,0.5873277727722765,0.2217271583965391,-4.37932009258561
2.804502661847769e-15,0.6483865020086252,0.2103450692662949,-4.059107823517205
2.804502661847769e-15,1.058402562363577,0.1517899032064922,-4.043235152112945
4.936130869128893e-15,0.3497362246666214,0.2771312424520896,-4.485263783738997
4.0479524494288e-15,0.7985183509583145,0.1857683638901967,-4.633076662508183
2.804502661847769e-15,0.7492094638072277,0.1933633173610081,-4.484627203297528
1.028145822447522e-15,0.4171536802529126,0.259180365107756,-4.053451767198854
1.028145822447522e-15,0.6796518323164804,0.2048533201141892,-3.311739855095464
1.028145822447522e-15,0.921239435293268,0.1685748737047033,-4.452807730571558
2.804502661847769e-15,0.7085766734250392,0.1999583635862605,-3.652366521363398
2.449231293967717e-15,0.6483863469399607,0.2103450970437105,-3.98063307491076
1.028145822447522e-15,0.8557669332187814,0.1774630014772618,-4.34731012752716
2.804502661847769e-15,0.7492094638072277,0.1933633173610081,-4.484627203297528
2.804502661847769e-15,0.7085766734250392,0.1999583635862605,-3.652366521363398
2.449231293967717e-15,0.6483863469399607,0.2103450970437105,-3.98063307491076
2.804502661847769e-15,0.7492094638072277,0.1933633173610081,-4.484627203297528
3.100503085293107,0.9045190509516097,0.1707864353018659,-9.392559763633113