dN/dS,LRT,p-value,Log(L)
1.738688558207614e-15,2.494449160125997,0.05712417162722272,-4.103115233861171
10.66795859630678,23.00032571151519,8.098697685254841e-07,-44.9148926910025
5.840566125974614e-16,1.598259244071603,0.1030750379140816,-10.35760767776521
9.682324783204268e-17,1.563654945014296,0.1055654337785029,-4.269975251728328
3.17603086687411e-16,1.5636541957353,0.1055654884687572,-4.220927193136837
1.340273035413137e-15,1.830000666698529,0.08806373340200951,-4.732211315366909
9.682324783204268e-17,0.958012406778801,0.1638440795280917,-5.051031918870956
5.840566125974614e-16,1.992251909220828,0.07905281078327653,-4.29310632259797
3.17603086687411e-16,1.367397071777276,0.121129803365285,-4.173407440730539
3.17603086687411e-16,1.5636541957353,0.1055654884687572,-4.220927193136837
2.804502661847769e-15,0.9080969535678811,0.1703099288409147,-11.94164129745157
1.155478127697346,0.01983676810074186,0.4439969617994506,-12.36626146264993
4.469334593127698,2.868281459895556,0.04517064503667628,-21.00184737779066
1.158636813194985,0.02056625566787673,0.4429834302655079,-11.52185875617971
1.318284009079758,0.06953064810831222,0.3960106926061091,-12.89085664097407
4.936130869128893e-15,1.830008013016091,0.08806329954830028,-16.99890318581834
4.936130869128893e-15,1.96566849864449,0.08045418901564599,-22.28166889758128
1.028145822447522e-15,2.887822011214851,0.04462575339723862,-10.26476515119205
1.410678241925235,0.2111886419272082,0.3229186748651227,-19.84184242709212
0.6614355598842874,0.1966442396030317,0.3287216319423405,-30.53257699091141
1.671476233698969,0.6691637465174267,0.206671657540564,-36.21246266615351
0.6589840395406054,0.2001776923042833,0.3272887280808363,-14.04381853824304
2.287852447174094e-16,3.505333346844678,0.03058576701287308,-4.441157014104279
9.682324783204268e-17,3.0811095668099,0.0396032368235979,-10.57518723447928
0.5488028514702942,0.4430303226407233,0.2528317312212457,-15.04366173609722
9.555848176237971e-17,2.926852671861925,0.04355858721159406,-5.187866367192457
5.840566125974614e-16,3.351022775847731,0.03358163534769071,-10.70249902750812
1.028145822447522e-15,2.926852671865895,0.04355858721148709,-19.72416774223498
1.028145822447522e-15,1.663088107629896,0.09859344456976926,-17.91183817889711
5.840566125974614e-16,3.190156822400354,0.03704145222986854,-4.871793207210253
3.17603086687411e-16,2.852438309106065,0.04561773443872258,-5.261856208874368
9.555848176237971e-17,3.769268538703066,0.02610122826684691,-5.399351596018497
0.6296494887114723,0.2504730209646766,0.3083711028404642,-29.80825998622297
1,0,1,0
0.5967488974080704,0.3181679888736113,0.2863553510657295,-20.32062948504326
1,0,1,0
0.6643897942252006,0.1921182640818699,0.3305797107729124,-14.67076127557816
2.804502661847769e-15,3.08972826356846,0.03939398220269391,-17.02868672434644
6.728744545674702e-16,3.617928510028321,0.02858000158845198,-11.30233137811107
2.804502661847769e-15,2.935088293010402,0.04333696199260823,-20.01149483356027
1,0,1,0
1,0,1,0
0.6840315902969768,0.1637380200134473,0.3428690362598814,-10.27881078783608
1,0,1,0
1,0,1,0
9.682324783204268e-17,2.935088292902389,0.04333696199550685,-9.766354313507433
0.6478761564933804,0.2181387406067188,0.3202308894144298,-11.92809197331638
1,0,1,0
1,0,1,0
1.395706309700485,0.1987257117047108,0.3278756934085635,-18.07101033565257
2.287852447174094e-16,3.349044215991963,0.03362202351910837,-10.72414692509643
9.682324783204268e-17,3.177752737883857,0.03732366436513618,-11.92250613602691
1,0,1,0
1,0,1,0
1,0,1,0
6.728744545674702e-16,2.935088322387934,0.04333696120422315,-18.79474279571792
5.840566125974614e-16,3.348949978991122,0.03362394846559602,-9.749574557806723
2.804502661847769e-15,1.667510869813853,0.09829613246974606,-16.44526287444172
2.287852447174094e-16,3.177752737734334,0.03732366436855195,-12.07922666659603
1,0,1,0
3.405800723166486,6.196060325193415,0.006401749693148551,-35.77919565427627
0.7512592620035605,0.08997257376179846,0.3821060126570007,-33.56414252307351
0.8612588730412922,0.02339610691710448,0.4392157535331876,-14.05987063944021
0.6818309024701239,0.1668251382625279,0.3414744802257667,-12.11865449354566
0.5308172837646457,0.4997892661907279,0.2397963657335289,-11.63862621666474
2.337133477125878,2.203804814478275,0.06883527926030875,-34.32649828099819
9.682324783204268e-17,3.654512436358285,0.0279587596079453,-10.0854112428626
1,0,1,0
4.060233775460499,9.00998427787286,0.001342543645348138,-50.55229310891196
1,0,1,0
6.728744545674702e-16,3.0351365454225,0.04073984698927025,-11.15263169795202
0.6280250909202205,0.2535736461893165,0.3072849642574974,-22.69084327503029
1,0,1,0
0.696595223418816,0.1475463953229301,0.3504456124862466,-11.0137681163153
0.7022406741657158,0.1407574961253033,0.3537645585021313,-19.53668685277696
1,0,1,0
1,0,1,0
1.028145822447522e-15,3.349044108724929,0.03362202571014788,-10.72207385368976
1,0,1,0
9.682324783204268e-17,3.199038507082502,0.03684078800477703,-9.798206273393884
5.840566125974614e-16,2.935088274707223,0.04333696248379854,-12.13398850974979
4.936130869128893e-15,1.666952851387087,0.09833358626362015,-23.65047905825902
0.5415080876322005,0.4650634990695082,0.247633499650077,-12.0675079484859
1,0,1,0
6.728744545674702e-16,3.360450299736307,0.03338990290659311,-11.11310698229681
9.682324783204268e-17,1.667509949310713,0.09829619423948749,-12.72983276691461
9.682324783204268e-17,1.758085856684957,0.09243172404080052,-10.39450018066733
6.728744545674702e-16,3.617844138989735,0.02858145113435706,-11.84765499015787
0.5692937933784608,0.3852821807495914,0.2673948859535367,-11.45950380071698
1,0,1,0
5.840566125974614e-16,1.990409462409655,0.07914903655758293,-11.9365954522065
1,0,1,0
1,0,1,0
1,0,1,0
0.7141742704882165,0.1268885088475038,0.3608401041644078,-13.04788678769039
1,0,1,0
1,0,1,0
0.6844907466198014,0.1631210718990381,0.3431495637108453,-12.89478936920136
1.028145822447522e-15,2.923544179308365,0.04364796588399533,-16.09581511419507
1,0,1,0
0.5693300087561131,0.3851768188851636,0.2674228147503895,-17.75957868912709
1,0,1,0
1,0,1,0
1.263099816216851,0.1007315444703778,0.3754767560151776,-16.08482991152071
1,0,1,0
3.17603086687411e-16,3.443956548482731,0.03174174777400962,-12.38964142195026
1,0,1,0
0.686111228187109,0.1609539314286224,0.3441398849151441,-13.13741045815313
1,0,1,0
0.7970204919597026,0.05541025022293056,0.4069515413611008,-12.49520145087773
1,0,1,0
1.952375341874267,1.081955158678589,0.1491302925703602,-27.77748156251639
1,0,1,0
1,0,1,0
1,0,1,0
1,0,1,0
0.5692643326208315,0.385359427325227,0.267374413177826,-11.54209898806276
1.738688558207614e-15,3.177752711515932,0.03732366496749562,-11.52350423439311
2.804502661847769e-15,3.035135895307377,0.04073986330888069,-30.98417354309956
1,0,1,0
0.7961337913407752,0.05597743147475853,0.4064853050975762,-12.98342360899315
1,0,1,0
1,0,1,0
1.028145822447522e-15,2.838816103562429,0.0460059921953187,-20.96442785597592
1,0,1,0
1,0,1,0
1,0,1,0
1.902189224398265,1.008414000739016,0.1576415477069673,-19.97851125241236
1,0,1,0
1,0,1,0
2.804502661847769e-15,2.671118259421874,0.0510921016872814,-26.76154653678203
5.840566125974614e-16,3.768804744998747,0.02610846685442647,-12.43958067370911
1,0,1,0
2.39943266148547,1.164183300569121,0.1402998236338253,-22.24428501917461
6.728744545674702e-16,3.349102793535238,0.03362082703533625,-11.56760188931556
5.840566125974614e-16,2.802631629267239,0.04705486301266987,-14.78314011590819
1.298792029005351,0.1249632849955091,0.3618562657466244,-18.78621351000596
0.6477538537520565,0.2183481953221857,0.3201507015527145,-13.56956072544011
1,0,1,0
0.5470856525486611,0.4481922582457933,0.25159733728393,-13.4626912578324
1,0,1,0
1,0,1,0
1,0,1,0
2.710630131549832,2.914420775617586,0.04389546462484301,-37.19763785624338
1,0,1,0
0.6299810405835942,0.2498895857311396,0.3085764171435237,-16.77532154872602
1,0,1,0
4.0479524494288e-15,1.989808022692102,0.07918047689169921,-20.49990277059458
0.6473684495531968,0.2189756057100922,0.3199107831743969,-23.24068661385968
1,0,1,0
1,0,1,0
1,0,1,0
1,0,1,0
1.801986480460895,0.8597332642604769,0.1769066732440673,-30.94833212249621
1,0,1,0
0.6259564338853421,0.2572600504603031,0.3060044082851501,-13.06544446217568
9.682324783204268e-17,3.534353124846689,0.03005488850346766,-25.28357348019443
3.505564149363563,6.437107912134891,0.005588022722904984,-38.82176859377077
5.840566125974614e-16,2.671118513218076,0.0510920935403768,-12.09837216010965
2.584886414324648,2.676928070870702,0.05090597737589608,-40.67363987026265
1.300780716840357,0.1263671503424959,0.361114422803848,-23.29381333040167
1,0,1,0
1,0,1,0
1.028145822447522e-15,2.802975992683152,0.04704475933194174,-17.54911059894361
1,0,1,0
1.184454829607341,0.05400773841484607,0.4081153634016416,-17.67620837481567
1.028145822447522e-15,1.755052670668626,0.09262140006418973,-23.77011956635975
1,0,1,0
1,0,1,0
1,0,1,0
1,0,1,0
0.62937362813959,0.2510814423119641,0.3081573140291179,-12.84035665322655
3.40682846892736,3.102711274358235,0.03908101018332899,-26.9660750482319
1.028145822447522e-15,2.923657778772721,0.04364489371276181,-9.86425929563141
1,0,1,0
5.840566125974614e-16,2.923491677111173,0.04364938582668521,-15.72418606914879
1.028145822447522e-15,2.51119235262555,0.05652018721039398,-17.04222281245638
5.840566125974614e-16,3.035135472876746,0.04073987391301159,-11.07394755042506
9.682324783204268e-17,3.360450259559229,0.03338990372119827,-13.05813035745235
1.028145822447522e-15,1.756644862050397,0.0925217783280381,-15.05159513369525
5.840566125974614e-16,3.089688736219951,0.03939493917048997,-9.574647775083031
2.804502661847769e-15,3.177752711386326,0.03732366497045642,-20.56942165988021
2.287852447174094e-16,2.935088322671874,0.04333696119660307,-10.54936451121137
1,0,1,0
1,0,1,0
1.302319717842174,0.1274583772244426,0.3605409869910572,-22.53859494116292
1.30104232320327,0.1265628727691492,0.3610113666393855,-17.01355149180904
1,0,1,0
5.385921852509775,13.8003543396953,0.000101648942068211,-42.52934154778464
1,0,1,0
1,0,1,0
1.028145822447522e-15,2.923465510774349,0.04365009352429339,-8.70711486664506
1,0,1,0
1,0,1,0
1.028145822447522e-15,2.871503005597646,0.04508031701698106,-16.43052070130533
1,0,1,0
6.728744545674702e-16,3.768803564498242,0.02610848528161319,-19.80637596754201
2.287852447174094e-16,3.177752737883857,0.03732366436513618,-11.22925028702146
2.539956490754926,2.595787292707101,0.05357409218390097,-43.77876962300561
0.6270335241410638,0.2554796849435697,0.3066214102197644,-11.74349834652835
2.449231293967717e-15,3.035135895687006,0.04073986329935103,-17.96907270015479
1.067658183472755,0.008360620656809203,0.4635729081760061,-23.85239428550338
2.804502661847769e-15,2.935088293923016,0.04333696196811687,-29.38238479899611
2.295283799434027,2.121935428837091,0.0726014752046959,-35.44817321064622
1,0,1,0
1,0,1,0
1,0,1,0
2.807137770795151,3.090785143397802,0.03936840413727027,-31.5206841176022
1.40425801302954,0.205848258822904,0.3250205712437959,-20.08935061797735
3.597134258514223,3.336058360758386,0.03388839469102739,-33.78794439833961
0.7970166403334417,0.05541301915600627,0.4069492591302886,-12.43628689222742
5.840566125974614e-16,3.360450299736215,0.03338990290659499,-9.836630238147997
1,0,1,0
0.5976166179774443,0.3162186713331252,0.2869444979961644,-10.65575990783585
0.8549694563124891,0.02581665201966388,0.4361744496577756,-16.32060848725958
1,0,1,0
1,0,1,0
0.6969379555575611,0.1471170777574535,0.3506528736925453,-11.50863672497995
1,0,1,0
5.840566125974614e-16,3.177752737883857,0.03732366436513618,-11.22207601349915
1,0,1,0
1,0,1,0
1,0,1,0
1,0,1,0
1.028145822447522e-15,3.658243549327523,0.02789621056858027,-22.78310816347962
1,0,1,0
1,0,1,0
2.287852447174094e-16,2.935088322671866,0.04333696119660324,-10.14328752415165
0.6301994499239488,0.2494792554742418,0.308720994290499,-18.79501191798213
0.6971226805961794,0.1467544785502923,0.3508281957401385,-25.91605859169458
9.682324783204268e-17,3.035135894741096,0.04073986332309587,-12.06265656993894
1.028145822447522e-15,3.089640637979006,0.0393961036756757,-9.289298281545792
1.028145822447522e-15,2.871481201348715,0.04508092772103195,-16.08346864475482
0.5530353632586759,0.4305551887657018,0.2558583256565768,-11.50422716654621
0.7491983898968019,0.09179788273561229,0.3809519213958068,-12.69727016496835
5.840566125974614e-16,3.388137866936255,0.03283353612829831,-9.378187015549161
0.6593006918042255,0.1999645015775684,0.3273747504371373,-30.80445387245778
9.682324783204268e-17,3.361000414359914,0.03337875111839911,-24.49323250440765
3.196551504517703,4.72619976808005,0.01485322596857636,-32.69657649967318
2.731941657024047e-16,3.53851192700937,0.02997961550460937,-10.50128932236277
4.537074892585102,10.18041308668407,0.0007097018908313601,-50.29712289093705
0.6974237384305834,0.1463531002492786,0.3510225579354326,-12.40136563836932
0.6615910591073655,0.1964054551965759,0.3288190192799231,-27.75401390288169
1,0,1,0
0.5907246964013795,0.3318568846984107,0.282283863724946,-11.86491309695187
1,0,1,0
1,0,1,0
3.17603086687411e-16,2.871571100497903,0.0450784098395553,-11.578618075336
1,0,1,0
1,0,1,0
1,0,1,0
1,0,1,0
9.682324783204268e-17,3.177752694340636,0.03732366535985499,-11.07850045230372
1,0,1,0
0.6593945656681663,0.1998166984913468,0.3274344212155087,-21.24675084168398
1,0,1,0
1,0,1,0
1,0,1,0
0.7015338607940756,0.141614417638884,0.3533406542481045,-12.92383862153991
1,0,1,0
1,0,1,0
1,0,1,0
6.728744545674702e-16,3.658521604809831,0.02789155514405606,-10.86424889520069
9.682324783204268e-17,2.93508827471226,0.04333696248366331,-9.994142414232655
9.682324783204268e-17,3.768338263677084,0.02611574953138668,-11.45076823487464
9.682324783204268e-17,3.089778870589168,0.03939275702958128,-10.56246681740365
1,0,1,0
1.028145822447522e-15,2.871423727173283,0.04508253752881858,-12.78409177018253
1,0,1,0
1,0,1,0
6.728744545674702e-16,3.497344559735062,0.0307336568297899,-24.17023309762433
1,0,1,0
0.7998860925893302,0.05360505769550628,0.4084524494850376,-19.0403254677811
1,0,1,0
0.6844996350885233,0.163105285848264,0.3431567497480771,-12.21244496587092
1,0,1,0
3.947281685216665,4.98617829534178,0.0127752895425563,-26.91777218874119
0.5467920835043375,0.4490785540588043,0.2513864297338095,-14.16677850030087
1,0,1,0
0.6844653075913427,0.1631514883990306,0.3431357188231108,-11.69626090261725
1,0,1,0
1,0,1,0
0.5447847366346603,0.4537799237521938,0.2502726866185299,-19.34862196506545
1,0,1,0
1.185389496054266,0.0544990398610139,0.4077058813631997,-16.61617165683408
1,0,1,0
1,0,1,0
0.5955448302858559,0.3208992988864168,0.2855338499485625,-18.92700885280825
9.682324783204268e-17,3.035136545422542,0.04073984698926919,-11.24478670475738
6.728744545674702e-16,2.871561574013285,0.04507867664863613,-11.01214423508974
1.604797255606356,0.5746476161218794,0.2242089827595115,-29.91251411752381
1,0,1,0
1,0,1,0
5.840566125974614e-16,3.089481324298379,0.03939996107955562,-14.82969277415717
1,0,1,0
2.287852447174094e-16,3.349064993171282,0.03362159912672918,-11.26830773931817
1,0,1,0
5.840566125974614e-16,2.875147324078458,0.04497837117968745,-12.69227162748603
9.682324783204268e-17,2.935088322671874,0.04333696119660307,-10.55074659735351
1,0,1,0
1,0,1,0
1,0,1,0
1,0,1,0
2.449231293967717e-15,2.871538162415433,0.04507933234656669,-17.34762115805222
2.804502661847769e-15,3.035136530203289,0.0407398473713127,-20.3189696412816
1,0,1,0
0.570383018832731,0.3824023834366592,0.26816015877612,-13.96403087555998
0.6852392182964561,0.1621147032495251,0.343608488552484,-13.98017042872782
1,0,1,0
2.287852447174094e-16,2.802478590838952,0.04705935394360977,-14.64877584051304
1,0,1,0
1,0,1,0
9.682324783204268e-17,3.177752694347742,0.03732366535969278,-10.5317549385613
1,0,1,0
0.5687003825323212,0.3868314645644233,0.2669848192096067,-17.74159737735396
0.6971734200442105,0.1463732392369366,0.3510127986179916,-24.1766679446863
1,0,1,0
2.804502661847769e-15,2.511192352096458,0.05652018722936863,-27.80718351551149
1,0,1,0
2.804502661847769e-15,3.360450299699359,0.03338990290734223,-19.05926298917744
1,0,1,0
1,0,1,0
5.840566125974614e-16,3.392657623500007,0.03274365791220601,-10.76178922462804
1,0,1,0
9.682324783204268e-17,3.177752737883857,0.03732366436513618,-11.22927911560229
0.6842654061342269,0.1634193764013787,0.3430138471781102,-18.10622404080614
1.028145822447522e-15,1.99030976246619,0.0791542474020272,-18.20210358654505
1,0,1,0
0.6825348948410371,0.1658671504772613,0.3419056145203195,-21.74930682432596
6.728744545674702e-16,1.667510308054403,0.09829617016622905,-13.0307973293797
1,0,1,0
1,0,1,0
5.840566125974614e-16,3.360450259703143,0.03338990371828043,-12.10251131739455
0.6808361450364461,0.1681897810463262,0.34086282146005,-10.74642861809161
1.028145822447522e-15,3.762822746090592,0.02620202060406202,-28.35850676881427
1,0,1,0
1.038263951005382e-15,2.096427152212783,0.07382189447076409,-17.64844295273511
2.287852447174094e-16,3.089457953396654,0.03940052698486096,-14.55524657563338
1.260770897324151,0.09920237775209273,0.3763944597736075,-24.50207258291957
5.840566125974614e-16,3.035135472340841,0.04073987392646422,-11.76775615150401
6.728744545674702e-16,3.349073292993488,0.03362142959707415,-10.87351996241541
1.377912918224902,0.1843441138089901,0.3338331272219365,-24.01926008847765
1,0,1,0
1,0,1,0
1,0,1,0
5.840566125974614e-16,2.355452302929482,0.06242283499616175,-11.044377854936
2.731941657024047e-16,2.301465181651325,0.06462601196379775,-3.702189481539422
9.682324783204268e-17,1.751841278339565,0.09282271272541653,-4.522227136717609
9.682324783204268e-17,2.355452293989423,0.06242283535401366,-10.35048508373618
8.005405863007662e-18,2.100041950454663,0.07364754869574097,-4.471801253606913
3.17603086687411e-16,1.79439237314757,0.09019595539273639,-4.325823891883022
4.936130869128893e-15,2.100041972089493,0.07364754765366094,-21.74042643809695
9.682324783204268e-17,2.355452302306873,0.06242283502108331,-11.03077617260891
4.730343101349462e-16,1.751843548963098,0.09282257020734408,-4.573029250565743
2.731941657024047e-16,2.265054425182361,0.06616078175455309,-3.700707042009968
4.004733053112191e-17,2.059639280721997,0.07562298514353577,-3.848623403379756
9.555848176237971e-17,1.900103098218053,0.0840333897935292,-3.856599120909455
5.840566125974614e-16,2.318196745012191,0.06393409154414814,-8.517434800438293
2.804502661847769e-15,1.076205537335969,0.1497739783490448,-4.48780195300062
1.028145822447522e-15,2.059522063801605,0.07562880280858314,-9.661514776315247
3.17603086687411e-16,1.979071083238452,0.07974415024865927,-4.327122044736068
1.738688558207614e-15,2.505924357646075,0.05670945951854234,-4.103115233861171
9.555848176237971e-17,1.738427984228009,0.09366906745852749,-4.908958816551933
3.17603086687411e-16,1.922923043034672,0.08276739188086618,-4.123167783527607
3.17603086687411e-16,2.062012604049929,0.07550530214583218,-4.637288302481016
2.804502661847769e-15,0.9572999298339546,0.1639340486952696,-4.48780195300062
9.682324783204268e-17,1.373672843480559,0.1205909197412252,-4.174899166202358
3.17603086687411e-16,2.062012604049929,0.07550530214583218,-4.637288302481016
4.957952775874896,4.877545344568802,0.01360414276407895,-24.89512961454926
3.736488341498159,3.447204395660044,0.03167942507517019,-31.42562929745955
4.942782306777591,6.350417855416254,0.005867682657304696,-36.96279035436898
9.555848176237971e-17,0.9616866188804281,0.1633811504802407,-4.156311244075035
9.555848176237971e-17,1.492728185885762,0.1108968242439714,-3.780726711530842
2.287852447174094e-16,1.290650871425131,0.127964019028626,-4.689845848613363
4.730343101349462e-16,1.618065628557016,0.1016808595999054,-4.42635258702054
3.17603086687411e-16,1.74789598325353,0.09307072770578573,-4.287803474712645
2.245248992181402,1.009940162988414,0.1574585872944497,-16.72817320946852
3.17603086687411e-16,1.74789598325353,0.09307072770578573,-4.287803474712645
9.555848176237971e-17,0.9616866188804281,0.1633811504802407,-4.156311244075035
4.936130869128893e-15,1.623656509602633,0.1012913462070466,-10.9327413647415
5.123486397053465e-16,1.623656509599208,0.1012913462072847,-4.384563279491168
3.17603086687411e-16,1.698322786658197,0.0962537331217278,-4.086407675766005
1.455501537037255,0.1243525230374232,0.3621804734825176,-11.63301401121373
3.17603086687411e-16,1.412456178321687,0.1173245406650633,-3.481590921168818
5.840566125974614e-16,1.767536768950428,0.09184360867434854,-10.14928434060225
6.728744545674702e-16,1.418061962014582,0.1168613291082247,-4.38153671087651
9.555848176237971e-17,0.9616866188804281,0.1633811504802407,-4.156311244075035
4.936130869128893e-15,1.623656509602636,0.1012913462070465,-10.93260943962855
5.123486397053465e-16,1.623656509599208,0.1012913462072847,-4.384563279491168
2.804502661847769e-15,1.386406174787581,0.1195064747447133,-25.32922429719576
3.681262577413904,3.418980950137957,0.03222539328576363,-28.04794938186627
9.555848176237971e-17,0.9616866188804281,0.1633811504802407,-4.156311244075035
3.17603086687411e-16,1.387362934815986,0.1194254710553898,-4.227302544416121
9.555848176237971e-17,1.492728185885762,0.1108968242439714,-3.780726711530842
9.555848176237971e-17,1.82113635902801,0.08858903621030007,-4.9268951535066
5.840566125974614e-16,1.412478929413945,0.1173226562366266,-4.120671622785377
6.728744545674702e-16,0.8057510195213275,0.1846897262225873,-5.505826853276753
9.555848176237971e-17,1.492728185885762,0.1108968242439714,-3.780726711530842
5.840566125974614e-16,1.709551156139145,0.09552180805803312,-10.62702780326648
6.728744545674702e-16,0.8499737612594132,0.1782798803685929,-4.978916744815452
3.17603086687411e-16,1.387362934815986,0.1194254710553898,-4.227302544416121
9.555848176237971e-17,1.82113635902801,0.08858903621030007,-4.9268951535066
3.17603086687411e-16,1.412456178321687,0.1173245406650633,-3.481590921168818
5.840566125974614e-16,1.418061962014585,0.1168613291082244,-4.429243421220944
5.840566125974614e-16,1.492729869033981,0.1108966939663104,-3.828432580709439
4.730343101349462e-16,1.618065628557016,0.1016808595999054,-4.42635258702054
3.17603086687411e-16,1.412456178321687,0.1173245406650633,-3.481590921168818
1.504911965701988,0.1459242028965413,0.3512305838365966,-11.33855803060405
6.728744545674702e-16,1.541046055193434,0.107231084576172,-9.538822245188005
2.449231293967717e-15,0.9615969398094819,0.1633924288583408,-10.15398382630237
6.728744545674702e-16,1.387350606629656,0.1194265143920937,-11.20947883273818
4.004733053112191e-17,1.618042877299041,0.1016824482671038,-3.787271885403981
1.028145822447522e-15,1.412342062467143,0.1173339932103299,-9.405799745325984
2.287852447174094e-16,1.617983840660184,0.1016865707940755,-10.33476856313669
9.682324783204268e-17,1.354430890196969,0.1222524969102382,-4.488372156647978
1.788528113945389,0.2797267059217461,0.2984401996599542,-11.84275004629598
9.682324783204268e-17,1.617691670901252,0.1017069758996191,-8.548468765945914
5.840566125974614e-16,1.535350501254289,0.1076556013844286,-11.94112815476136
4.004733053112191e-17,1.618042877299041,0.1016824482671038,-3.787271885403981
9.555848176237971e-17,1.82113635902801,0.08858903621030007,-4.9268951535066
2.804502661847769e-15,1.647616229988465,0.09964184287899269,-17.74503508264128
3.17603086687411e-16,1.387362297185208,0.1194255250179299,-4.17959615288708
1.028145822447522e-15,0.9616555915165534,0.1633850524817969,-10.84430775111614
5.840566125974614e-16,1.698324469807087,0.09625362291551232,-4.134113544944602
1.028145822447522e-15,1.378291281949981,0.1201962093798861,-10.52315857463925
4.730343101349462e-16,1.618065628557016,0.1016808595999054,-4.42635258702054
3.17603086687411e-16,1.412456178321687,0.1173245406650633,-3.481590921168818
3.17603086687411e-16,1.213234564746935,0.1353462347587507,-4.089035849267695
1.306180469775242,0.06511489105131218,0.3992935077012804,-12.45610250154962
4.730343101349462e-16,1.618065628557016,0.1016808595999054,-4.42635258702054
5.840566125974614e-16,1.698324469807087,0.09625362291551232,-4.134113544944602
6.728744545674702e-16,1.41806196201458,0.1168613291082249,-10.30933045434255
3.17603086687411e-16,1.412456178321687,0.1173245406650633,-3.481590921168818
2.731941657024047e-16,1.779435793849324,0.09110931151579832,-3.680904980087474
3.17603086687411e-16,1.698322786658197,0.0962537331217278,-4.086407675766005
9.682324783204268e-17,1.378291435512075,0.1201961962819939,-4.930826443498541
2.804502661847769e-15,0.8454188335958506,0.1789257832268124,-4.48780195300062
1.028145822447522e-15,1.124094717447385,0.1445192304019189,-4.387191452992857
9.682324783204268e-17,1.213234564782745,0.1353462347552152,-4.136741718446291
5.840566125974614e-16,1.492729869033981,0.1108966939663104,-3.828432580709439
1.340273035413137e-15,1.623656527444393,0.1012913449668282,-11.76891182360703
1.239970337404781,0.04290141907613076,0.4179555031846667,-13.56747686076933
6.728744545674702e-16,1.378291091511464,0.1201962256231106,-10.11945356896049
1.462392595891844,0.1273074329877524,0.3606201423286484,-13.05512736251822
2.287852447174094e-16,1.535350546380855,0.1076555980130195,-4.514080288930554
4.936130869128893e-15,1.623656554826839,0.1012913430634169,-4.734924385456112
2.449231293967717e-15,0.8057512432479292,0.1846896929925676,-10.6364112460066
4.730343101349462e-16,1.618065628557016,0.1016808595999054,-4.42635258702054
5.840566125974614e-16,1.492729869033981,0.1108966939663104,-3.828432580709439
9.555848176237971e-17,0.9616866188804281,0.1633811504802407,-4.156311244075035
3.17603086687411e-16,1.541262765489465,0.1072149714758354,-4.45544703443706
3.17603086687411e-16,1.418061908064701,0.1168613335555074,-4.078882315256005
3.17603086687411e-16,1.387362297185208,0.1194255250179299,-4.17959615288708
3.17603086687411e-16,1.697565941545697,0.09630330340803878,-7.917127105911609
2.804502661847769e-15,0.8051817186683081,0.1847743112337343,-9.761352231945676
6.728744545674702e-16,1.418061962014582,0.1168613291082247,-4.38153671087651
5.840566125974614e-16,1.698293463543962,0.09625565311185319,-11.12454982559845
1.786837058799255,0.2788981372507671,0.298712163820407,-13.86568059907266
4.004733053112191e-17,1.618042877299041,0.1016824482671038,-3.787271885403981
1.738688558207614e-15,2.213198666663706,0.06841734702860403,-4.103115233861171
5.840566125974614e-16,1.492729869033981,0.1108966939663104,-3.828432580709439
3.17603086687411e-16,1.412456178321687,0.1173245406650633,-3.481590921168818
1.028145822447522e-15,0.8070338322511006,0.1844993273901364,-14.65717488677009
9.682324783204268e-17,1.35442920628366,0.1222526435361621,-4.440666287469382
4.004733053112191e-17,1.618042877299041,0.1016824482671038,-3.787271885403981
2.784950160138774,1.519887669425124,0.1088182465328195,-27.67503792390918
9.682324783204268e-17,1.418061908349578,0.1168613335320237,-9.217223899938238
3.17603086687411e-16,1.411753823883892,0.1173827333250465,-7.660767528891849
5.840566125974614e-16,1.412478929413945,0.1173226562366266,-4.120671622785377
9.555848176237971e-17,0.9616866188804281,0.1633811504802407,-4.156311244075035
6.728744545674702e-16,0.8057510195213275,0.1846897262225873,-5.505826853276753
9.682324783204268e-17,1.707861640138216,0.09563152351539705,-9.929629584209193
4.004733053112191e-17,1.618042877299041,0.1016824482671038,-3.787271885403981
9.555848176237971e-17,1.492728185885762,0.1108968242439714,-3.780726711530842
2.271595610028619e-15,1.623656554826844,0.1012913430634165,-4.687217675111676
4.730343101349462e-16,1.618065628557016,0.1016808595999054,-4.42635258702054
3.17603086687411e-16,1.698322786658197,0.0962537331217278,-4.086407675766005
1.738688558207614e-15,2.213198666663706,0.06841734702860403,-4.103115233861171
4.936130869128893e-15,1.820788861420148,0.08860970258837086,-20.42950012931331
9.555848176237971e-17,1.492728185885762,0.1108968242439714,-3.780726711530842
9.682324783204268e-17,1.821138033503914,0.08858893663933359,-10.23266727938942
2.731941657024047e-16,1.545738743643335,0.1068828109669624,-4.517043868871978
9.682324783204268e-17,1.354430890196969,0.1222524969102382,-4.488372156647978
1.421725680315817,0.1098281954719056,0.3701699088196674,-10.14337090883516
5.840566125974614e-16,1.768715726677932,0.0917705489631841,-10.68436931777058
9.682324783204268e-17,1.213234564782745,0.1353462347552152,-4.136741718446291
9.682324783204268e-17,1.541264454177277,0.1072148459278245,-4.503152903615656
1.028145822447522e-15,1.412397269302151,0.1173294201539767,-10.02904208049089
2.731941657024047e-16,1.545738743643335,0.1068828109669624,-4.517043868871978
5.840566125974614e-16,1.698324469807087,0.09625362291551232,-4.134113544944602
9.555848176237971e-17,1.492728185885762,0.1108968242439714,-3.780726711530842
1.235695187604934,0.04161608927371674,0.4191766639675225,-24.13429813960442
5.840566125974614e-16,1.54573938379248,0.1068827635492962,-4.564749738050574
2.731941657024047e-16,1.779435793849324,0.09110931151579832,-3.680904980087474
6.728744545674702e-16,1.751439177083,0.09284795504174226,-8.336239399350591
1.028145822447522e-15,1.124094717447385,0.1445192304019189,-4.387191452992857
5.840566125974614e-16,1.38733954107412,0.1194274508815436,-10.52637207668083
5.840566125974614e-16,1.636762368375738,0.1003851317676589,-10.48282518968252
9.555848176237971e-17,1.492728185885762,0.1108968242439714,-3.780726711530842
3.17603086687411e-16,1.74789598325353,0.09307072770578573,-4.287803474712645
6.728744545674702e-16,1.418061962014582,0.1168613291082247,-4.38153671087651
3.17603086687411e-16,1.213234564746935,0.1353462347587507,-4.089035849267695
5.840566125974614e-16,1.698324469807087,0.09625362291551232,-4.134113544944602
1.028145822447522e-15,1.541138328222956,0.1072242234307791,-10.09624375789917
1.18867817834412,0.02809325209260294,0.4334448875454127,-18.92371125666372
1.306487053465488,0.06522069273842135,0.3992134864770391,-28.83744556683573
9.682324783204268e-17,1.213234564782745,0.1353462347552152,-4.136741718446291
3.17603086687411e-16,1.636588426557736,0.100397096507271,-3.934982939268706
1.184916643390399,0.02710256961068325,0.4346181669749276,-13.08484373410913
4.004733053112191e-17,1.618042877299041,0.1016824482671038,-3.787271885403981
5.123486397053465e-16,1.623656509599208,0.1012913462072847,-4.384563279491168
2.804502661847769e-15,0.784232468319594,0.1879249090900149,-4.339836043068496
5.840566125974614e-16,1.492729869033981,0.1108966939663104,-3.828432580709439
5.840566125974614e-16,1.492668125288578,0.1109014731249999,-10.12778665324678
9.682324783204268e-17,1.562504130336098,0.1056494719386449,-11.38175356597517
5.840566125974614e-16,1.354214142397222,0.1222713718824677,-9.531018841668359
5.840566125974614e-16,0.9617147707325842,0.1633776102099073,-4.795391945691595
1.448033674433483,0.1209784742841293,0.3639878344337648,-11.16419119366896
2.287852447174094e-16,1.412309573343201,0.1173366845466185,-15.68685275101295
1.10122179662568,0.008968330639234523,0.4622760543938649,-28.53815365776169
2.639569065998502,1.389824947522435,0.1192173320410535,-14.96800338591583
4.730343101349462e-16,1.618065628557016,0.1016808595999054,-4.42635258702054
6.728744545674702e-16,0.8057510195213275,0.1846897262225873,-5.505826853276753
2.287852447174094e-16,1.412237147894221,0.1173426843997431,-8.760873801810112
1.028145822447522e-15,1.124199102548801,0.1445080359804914,-11.62887417622607
6.728744545674702e-16,1.753569547968823,0.09271430955055754,-11.46991023862517
1.655013171321214,0.214897126771902,0.3214779330989638,-10.90482863559415
3.17603086687411e-16,1.412456178321687,0.1173245406650633,-3.481590921168818
3.17603086687411e-16,1.698322786658197,0.0962537331217278,-4.086407675766005
2.804502661847769e-15,0.8454188335958506,0.1789257832268124,-4.48780195300062
3.17603086687411e-16,1.387271392932327,0.1194332185260598,-13.03036192443614
2.488658854263406,0.6245761906783613,0.2146759054424757,-12.31496174155381
2.804502661847769e-15,0.8454188335958506,0.1789257832268124,-4.48780195300062
3.17603086687411e-16,1.387362297185208,0.1194255250179299,-4.17959615288708
2.804502661847769e-15,1.290650873007319,0.1279640188829217,-4.737552558957797
9.682324783204268e-17,1.35442920628366,0.1222526435361621,-4.440666287469382
4.936130869128893e-15,1.623656554826839,0.1012913430634169,-4.734924385456112
1.126550609703402,0.01358145403048994,0.4536124931947736,-11.11205355417429
1.028145822447522e-15,1.124094717447385,0.1445192304019189,-4.387191452992857
2.731941657024047e-16,1.545738743643335,0.1068828109669624,-4.517043868871978
2.804502661847769e-15,1.354336514222833,0.122260714982846,-10.37102912283284
6.728744545674702e-16,0.8499737612594132,0.1782798803685929,-4.978916744815452
3.17603086687411e-16,1.378291429152005,0.1201961968244682,-4.883119736334105
2.731941657024047e-16,1.545738743643335,0.1068828109669624,-4.517043868871978
1.417318643400957e-14,1.535350546379661,0.1076555980131087,-13.31682270618313
1.236956373149336,0.04200757650333742,0.4188026653761164,-17.43991835747916
6.728744545674702e-16,0.8499737612594132,0.1782798803685929,-4.978916744815452
6.728744545674702e-16,0.8499737612594132,0.1782798803685929,-4.978916744815452
9.555848176237971e-17,1.82113635902801,0.08858903621030007,-4.9268951535066
9.682324783204268e-17,1.354430890196969,0.1222524969102382,-4.488372156647978
3.17603086687411e-16,1.387362934815986,0.1194254710553898,-4.227302544416121
1.738688558207614e-15,2.213198666663706,0.06841734702860403,-4.103115233861171
2.804502661847769e-15,0.8454188335958506,0.1789257832268124,-4.48780195300062
4.936130869128893e-15,1.623656554826839,0.1012913430634169,-4.734924385456112
5.840566125974614e-16,1.54573938379248,0.1068827635492962,-4.564749738050574
9.555848176237971e-17,0.9616866188804281,0.1633811504802407,-4.156311244075035
6.728744545674702e-16,1.412338222677384,0.1173343112872074,-9.334239142452626
5.840566125974614e-16,1.809356372943563,0.08929272917728015,-4.635805952400425
5.840566125974614e-16,1.483070022422566,0.1116474029793469,-3.826565406108507
3.17603086687411e-16,1.37838577897786,0.1201881496987127,-4.177491844513915
1.181425150013228,0.02619479371571742,0.4357127537536163,-11.39518512845353
5.840566125974614e-16,1.535740695809372,0.1076264546147881,-4.562882563449643
5.840566125974614e-16,1.483070022422566,0.1116474029793469,-3.826565406108507
3.17603086687411e-16,1.37838577897786,0.1201881496987127,-4.177491844513915
5.840566125974614e-16,1.535740695809372,0.1076264546147881,-4.562882563449643
6.728744545674702e-16,1.378350672312688,0.1201911438804947,-10.10782589761362