dN/dS,LRT,p-value,Log(L)
1.747597003925894,7.59392548843638e-14,0.4999998900631645,-2.164934898019079e-14
1.747597003925894,7.59392548843638e-14,0.4999998900631645,-2.164934898019079e-14
1.747597003925894,7.59392548843638e-14,0.4999998900631645,-2.164934898019079e-14
1.747597003925894,7.59392548843638e-14,0.4999998900631645,-2.164934898019079e-14
1.747597003925894,7.59392548843638e-14,0.4999998900631645,-2.164934898019079e-14
1.747597003925894,7.59392548843638e-14,0.4999998900631645,-2.164934898019079e-14
1.747597003925894,7.59392548843638e-14,0.4999998900631645,-2.164934898019079e-14
1.747597003925894,7.59392548843638e-14,0.4999998900631645,-2.164934898019079e-14
1.747597003925894,7.59392548843638e-14,0.4999998900631645,-2.164934898019079e-14
1.747597003925894,7.59392548843638e-14,0.4999998900631645,-2.164934898019079e-14
1.747597003925894,7.59392548843638e-14,0.4999998900631645,-2.164934898019079e-14
1.747597003925894,7.59392548843638e-14,0.4999998900631645,-2.164934898019079e-14
1.747597003925894,7.59392548843638e-14,0.4999998900631645,-2.164934898019079e-14
1.747597003925894,7.59392548843638e-14,0.4999998900631645,-2.164934898019079e-14
1.747597003925894,7.59392548843638e-14,0.4999998900631645,-2.164934898019079e-14
1.747597003925894,7.59392548843638e-14,0.4999998900631645,-2.164934898019079e-14
1.747597003925894,7.59392548843638e-14,0.4999998900631645,-2.164934898019079e-14
1.747597003925894,7.59392548843638e-14,0.4999998900631645,-2.164934898019079e-14
1.747597003925894,7.59392548843638e-14,0.4999998900631645,-2.164934898019079e-14
1.747597003925894,7.59392548843638e-14,0.4999998900631645,-2.164934898019079e-14
1.747597003925894,7.59392548843638e-14,0.4999998900631645,-2.164934898019079e-14
1.747597003925894,7.59392548843638e-14,0.4999998900631645,-2.164934898019079e-14
1.747597003925894,7.59392548843638e-14,0.4999998900631645,-2.164934898019079e-14
1.747597003925894,7.59392548843638e-14,0.4999998900631645,-2.164934898019079e-14
0.5314638513991878,7.953639722312857,0.002399538245600907,-154.6145584142004
1.142980367895209,0.4590920171974631,0.2490243130682099,-325.8611537972001
0.03781897136572233,44.23454213598447,1.45647938154525e-11,-75.78376202027896
0.4255449398544659,9.875813409149544,0.000837327735427662,-246.1062384479118
0.07201869427166366,20.47320500148834,3.0235958421998e-06,-161.7220529585593
9.555848176237971e-17,52.61774018643511,2.026157019940911e-13,-58.09014162020465
0.1874305475966624,21.24978092235705,2.015782234521257e-06,-164.5643054276669
6.728744545674702e-16,60.17135334609094,4.329869796038111e-15,-132.8849678355708
0.1545709369091267,28.7467946288744,4.124316532738703e-08,-143.3869728918118
0.07723600625694448,37.45924331627136,4.667163877591918e-10,-31.58012316108973
0.07564652982739085,38.45931787683824,2.795350617645909e-10,-66.65841400614032
0.2351173004114604,21.60385580441942,1.675886680985172e-06,-169.1207378088829
0.3344628695392594,14.2820826701489,7.867779387982221e-05,-147.098705442462
5.840566125974614e-16,50.81390374218637,5.077605003123153e-13,-113.1025468927262
3.17603086687411e-16,57.93021071539175,1.360023205165817e-14,-127.480230023212
0.04245379454908398,38.69298506379164,2.479941807465025e-10,-245.6558151448497
0.8154682063815355,0.9766414519991713,0.161514693298158,-220.7964642520271
5.840566125974614e-16,51.00144355650332,4.614642001854463e-13,-83.75222046439889
0.4186518405742147,10.31282070836923,0.0006605460338347524,-111.4260585909809
9.555848176237971e-17,47.02814907681822,3.498701328652487e-12,-33.32639178863828
0.1266798868701941,28.87626394921492,3.857630015424718e-08,-115.9000759897501
0.2973215625971571,16.05318612774693,3.079395438315702e-05,-258.0885838923735
0.7080938818161167,2.403788421948605,0.06052090264409787,-163.4204363361609
0.1763438873693257,29.26183822784034,3.161437356347108e-08,-106.2719676927006
1.148650797542782,0.3471389788101078,0.2778685850421784,-190.7342908255311
0.3805923779132097,11.8635855446947,0.0002862111464165262,-117.3014633293918
3.17603086687411e-16,53.52300026915222,1.277866701343555e-13,-73.01456135819119
0.0782896306421399,36.81197265833299,6.504444760579986e-10,-179.6166867757953
3.17603086687411e-16,47.02815726459391,3.498701328652487e-12,-68.50083288359427
0.03924971960742649,42.35472512972436,3.806610582302028e-11,-65.68384460728723
4.730343101349462e-16,52.81714535928157,1.830202656094571e-13,-92.23609863349947
0.08489583319747528,33.16160455323049,4.240436002334036e-09,-85.16024347524034
2.287852447174094e-16,53.52113518095223,1.27897692436818e-13,-210.0771277938725
0.07195786660484571,20.4956032969647,2.988419228022732e-06,-186.5055940480274
0.1566535570396319,28.16384520528274,5.573371547606953e-08,-106.4898663521929
0.06080659190596398,25.23112128317467,2.542746252998107e-07,-88.93597375212903
1.620195999636488,9.324747407256609,0.001130397417292872,-366.5584411068835
0.2331128959462702,18.29254096180858,9.472375098518171e-06,-149.9010471433096
0.5967860581142599,3.49607361300275,0.03075725492509185,-130.2143098962447
0.6517794282830157,3.385312574538659,0.03288985261056365,-163.5519009571053
0.7284771115336994,2.451063384580038,0.05872264040614078,-207.6345742731352
1.283801830353695,2.002426572623563,0.07852380698807587,-269.8292927236275
0.09974104085957372,40.18619731590927,1.154368822753327e-10,-57.9886698015005
0.03792578684315912,44.09674033458535,1.562705520541385e-11,-103.7195551685395
1.94942646534937,19.38599495160327,5.339365809042818e-06,-350.4399403847249
0.3979663082181172,14.14368788806081,8.468219861362813e-05,-194.6236188160421
0.04167871571763564,39.56263668438504,1.588519871198457e-10,-82.75505824001768
0.3092213758972011,16.91383045350562,1.955777185091989e-05,-170.7435842407401
1.279867545153933,1.174902378614547,0.1391981093404867,-280.8194607909916
0.4227453214840394,10.05372876334195,0.0007601994738996032,-178.3924592811812
0.3906667515821587,11.12932636563824,0.0004248672291171651,-138.7133959206149
3.17603086687411e-16,56.62245417584505,2.642330798607873e-14,-42.68948553044306
9.682324783204268e-17,57.97466304639471,1.326716514427062e-14,-177.2925780485556
0.8200767782637493,0.9216125021640664,0.1685259689113722,-210.742404901372
0.07716279596220911,37.46584356982819,4.651396490196191e-10,-123.306349405138
0.0372686688555819,44.98741815832048,9.915235299473579e-12,-62.7937610295409
0.08343645409583385,33.91185149570165,2.883317751223302e-09,-85.35966215037082
0.2124339718865213,12.92397582259701,0.0001622000496616649,-146.8976693223325
0.2286769039320523,26.46758594282537,1.339987534820786e-07,-71.50354359360776
0.03463903177753604,48.88171799695753,1.359357071351042e-12,-29.84917926528213
0.2231982025749505,23.7008831963264,5.626544122838695e-07,-150.8068616487654
3.17603086687411e-16,28.21344499058837,5.432362093493737e-08,-59.86260046924836
9.682324783204268e-17,29.59538018529133,2.661583003993329e-08,-116.9832974587268
3.17603086687411e-16,58.9730336654975,7.993605777301127e-15,-112.7615831664659
0.03463732690354232,48.88360059928252,1.358080314872723e-12,-86.90632877754247
0.0820718382883967,34.6724445659963,1.950573369491337e-09,-101.2864785040315
0.3800894424851559,9.257149819670985,0.001172889030613855,-180.7287178016316
9.555848176237971e-17,53.5695176025685,1.247890679678676e-13,-37.51454933638144
0.0692856276562232,42.93145002840552,2.834593670897334e-11,-73.75129178918199
0.8471890127607993,0.7532266778770236,0.1927282822237354,-251.6620763653118
0.5486236704553513,5.766044292936272,0.008169386059408978,-146.1337789208042
0.2391458200533875,13.96576418206351,9.308498780069563e-05,-111.5795800122022
0.3477051089933293,14.69040149182149,6.334494221799103e-05,-196.2367113008345
0.2055454699544885,22.74354401525139,9.256251440326047e-07,-96.42587848754908
0.3622048305701272,13.35935816088795,0.0001285681470472033,-148.1220233732092
1,0,1,0
0.1386169362775446,33.79953652818807,3.054670849600427e-09,-90.32069389912031
3.17603086687411e-16,46.8996419237744,3.735844966712421e-12,-57.89029489981455
0.04207988099651545,39.11847108630293,1.994263088000992e-10,-36.31767055059342
0.5789215675255112,5.402914828999712,0.01005157512160365,-177.713601925338
0.03664399181329343,45.83497015525425,6.432299137770769e-12,-54.00722918058482
5.840566125974614e-16,48.57496997796068,1.589506304355837e-12,-216.482813145576
0.2606791253163966,23.78933369055008,5.373819805254421e-07,-123.6496617257357
0.6611094467646869,3.146754585353847,0.03803906821269032,-162.6029122513584
0.2603601886152802,20.87065049988036,2.456830124508702e-06,-134.5285639487441
1.451230344784284,3.790716371050848,0.02576879330140253,-231.8754730351201
0.03253236127345315,52.50349421831227,2.147171329625053e-13,-30.97619107587533
0.657868443703409,3.428013788341616,0.03204957381307771,-187.3718790365412
0.03726802815961309,44.98822453759473,9.911127474282466e-12,-70.1482625768756
0.04774684091553098,33.70940301450707,3.199531251052434e-09,-42.72105464978694
0.04095954393930767,40.36707540175155,1.052289921865679e-10,-74.40268832759125
0.04775620214159976,33.70163691527003,3.212330124124918e-09,-35.84935014655649
0.1743629263169544,29.80172937582074,2.392824516306291e-08,-83.32023003073489
0.07696722280352546,37.61725838155081,4.303974399100241e-10,-112.4245621083503
0.2461153899406021,19.89084535468658,4.099600607432308e-06,-166.873107388499
0.1386235674098598,33.79742819285306,3.057983088972094e-09,-73.1562594825659
0.1910726927553666,20.56139115316159,2.887456211297934e-06,-56.62128432261133
0.4849801929885009,8.765800074694312,0.001534657029769571,-190.1279304110072
0.1381320490954042,25.50808849148049,2.202660991934557e-07,-102.113229838394
0.0426223763364878,38.54201616749813,2.679376720493565e-10,-88.79950769419
0.2380001358671477,24.6435167181682,3.448820649065709e-07,-164.4166730723436
3.17603086687411e-16,37.42478896847358,4.750344007042884e-10,-48.40871054165645
0.2123008554640273,12.93781819331571,0.000161005047672913,-90.13806854572054
0.7746128446109199,1.41730168474237,0.1169240218128461,-191.8165518927183
0.07431010429299771,39.3346557138463,1.785238068485739e-10,-70.96279637552792
0.1599147123379702,20.46907360352546,3.030129475611876e-06,-123.5563670745338
0.0464441629194128,34.85664660734267,1.774479674310214e-09,-237.688012470213
9.555848176237971e-17,61.55852277885694,2.164934898019055e-15,-74.20302328134795
0.167711025089525,25.34635088463651,2.395288912215854e-07,-123.1304969822117
0.2829904981406458,10.14903077216849,0.000721885653450216,-192.6192884328041
0.07329204315083708,39.99643331643176,1.272135174978928e-10,-173.0432683103385
2.731941657024047e-16,47.46690151267612,2.797040377089388e-12,-57.85897910835288
1.019665030165932,0.009749567653670965,0.4606723944140124,-231.3099730479554
0.8568577756402087,0.5507040429197332,0.2290150826303793,-215.1883671216703
3.17603086687411e-16,54.45735804549894,7.943645741192995e-14,-41.95997290690416
1.052388412308119,0.08164351117886781,0.3875412039671192,-327.9169943343298
6.740639792367023e-18,47.46848643487179,2.794764419888907e-12,-18.82103933223007
0.1922921755839985,25.42456835972473,2.300110421016299e-07,-81.70486166204626
0.06720745433989968,22.32694890499792,1.149783847465002e-06,-15.14697129080183
1.12494262795259,0.3581057590293995,0.2747800675528027,-281.6256707523582
0.06772160126724468,44.1817626863232,1.496280876978062e-11,-72.23943142493393
0.1540106984837076,28.90050199191228,3.80965819446466e-08,-113.5227498449627
0.3798724320441214,12.07455138328737,0.0002555738091882809,-177.5532590881282
0.05973963050273237,25.77584510573067,1.917287700270442e-07,-88.2043460648518
0.4222023792148512,11.09284635211486,0.0004333068376536353,-175.0858665723214
3.17603086687411e-16,59.10737894791134,7.438494264988549e-15,-120.1130293099789
0.2928115686463384,16.56950561087632,2.3449549755028e-05,-90.34549907533086
0.06504969840101579,46.43636708549357,4.732103597859805e-12,-98.75248926900434
0.3232396365325995,13.4582460568929,0.0001219658447165761,-138.6437922602635
2.501980738393496,41.55987382592548,5.715783402138186e-11,-567.8538140889966
9.555848176237971e-17,53.56976381123506,1.247890679678676e-13,-38.85079305231317
1.05365641373202,0.07746651986735742,0.3903802615035334,-221.4971675800702
0.2035117959959329,27.77083832395755,6.828460935581759e-08,-142.3047840996458
1.883390967450334,17.28788526411552,1.606141676863126e-05,-379.9326166359068
0.1850087786521692,21.71461843046336,1.581856096888323e-06,-182.6589078710858
1.557774127735417,6.777302639375762,0.004616215294600212,-356.5069755147309
1.484169134321132,5.321000402862296,0.01053495583365138,-339.7075385371309
0.03253568277536514,52.49701172557036,2.154387779285116e-13,-52.76115503556227
3.17603086687411e-16,47.46800957774448,2.795430553703682e-12,-35.94525593270751
2.731941657024047e-16,47.46687146361755,2.797095888240619e-12,-63.76229723025669
0.1954611404871089,29.71335325167476,2.504430202110441e-08,-81.50047773558126
0.3908039658275102,13.57205291068618,0.0001147890774312321,-172.4602742490043
5.840566125974614e-16,29.23667265198361,3.202764703447158e-08,-131.061241391604
0.03857154587238221,43.20990594363326,2.45855558134167e-11,-69.36871269456321
1,0,1,0
0.06750901243338345,22.19720515671827,1.230158390541636e-06,-165.9187484995106
0.2472234592702089,19.70949636515815,4.507612857751475e-06,-91.90648135431879
0.8370050176411147,0.703542099509491,0.200798025506493,-338.6215053228364
1.806658746362932,7.217267025432534,0.003610278031218106,-240.7707134438389
0.87680614426145,0.3953600430654092,0.2647476528865118,-205.0461222632925
0.6099853938969234,4.048038912967058,0.02211134498017386,-137.6072422348591
0.2880097545419101,17.10944743040153,1.764317069846699e-05,-135.9314761851392
0.1913043264567271,20.520603473493,2.949641223881638e-06,-162.1501983955116
0.2057348748783802,22.74700521820219,9.239594778165383e-07,-101.1512982171405
0.186671394488387,26.71840945605811,1.176841783467886e-07,-131.367994484504
0.1397176107563528,15.8550110704137,3.419260445547412e-05,-224.425308834978
0.2317110769852667,22.15798147721233,1.255549146095269e-06,-218.4899745946639
0.2309391987863781,22.30771149271652,1.16135990718691e-06,-195.2307825756349
0.376147302089452,12.21094588175055,0.0002375497008970662,-224.0158878824311
0.1826111490167968,38.74744874227397,2.411701394144927e-10,-72.77337811034751
0.1229657234463831,30.15914723770635,1.990027637122083e-08,-77.4150421220686
0.1157826151157241,32.77498609281761,5.173387163104337e-09,-53.87075783181534
0.5027065873009855,7.803776078828321,0.0026068583759013,-143.3588424046953
0.3643759071441262,14.64114719937226,6.502201474506419e-05,-152.0625590459646
1.679360420507579,7.916206816526483,0.002449694349019926,-305.4150257228782
0.1684610146857568,25.18417971312945,2.60539473440069e-07,-97.41989544390641
0.1734261455227619,30.0450371063524,2.110637459251663e-08,-85.46739233135607
0.04107075449512814,40.18149717364844,1.1571493763185e-10,-75.76325801502711
5.840566125974614e-16,29.58001554167831,2.682764721484432e-08,-113.2055423250553
9.555848176237971e-17,41.79648881937457,5.064254571252036e-11,-42.45792187213812
0.1244577872423695,29.61821434883279,2.63041294301658e-08,-78.01759837159879
1,0,1,0
5.840566125974614e-16,61.52796829609616,2.164934898019055e-15,-128.9110720374183
0.2695625248540169,19.52272991840448,4.970486773392402e-06,-214.5848593543885
0.9556955957050629,0.05191055290799795,0.4098857518103398,-305.1934777255526
0.07587428929466572,38.3127167388449,3.013430616150004e-10,-75.06824546415797
2.287852447174094e-16,48.75791692446825,1.447952868716129e-12,-164.6027867726206
1.112635837877629,0.3722706309024488,0.2708845869394338,-385.1869982747234
0.04171933820437662,39.48294868756761,1.654682502127969e-10,-259.8570256321538
1.04849403762709,0.06589319756437817,0.3987064582891842,-266.353569118185
0.6078365427176026,4.695076803523932,0.01512457350163332,-153.0406881540793
0.3125060558264823,18.59539487383392,8.080523841491605e-06,-146.9472333021184
9.555848176237971e-17,33.40468898754156,3.742165022302402e-09,-49.80473296445768
1.325658786653569,2.25863145483163,0.06643571817386396,-267.9484492965743
1.116480190544559,0.3380878823646754,0.2804675086628026,-265.6663521093189
2.100525930210102,12.78034043223886,0.0001751405887430724,-362.4910385070282
0.4785006722393184,7.027063764156992,0.004014344415191551,-113.441491626889
0.3740066329134469,13.76499440694226,0.0001035802948346487,-168.4297428905457
0.53832607146505,4.274447462101818,0.01934477038666588,-116.1318608429887
0.8352944924087761,0.7199310692375889,0.1980832603347955,-227.9176580539768
0.7328155103798276,1.499352502334773,0.1103855084766037,-146.0851634802731
4.730343101349462e-16,59.4149472911329,6.38378239159465e-15,-87.23086721754619
0.320045401399895,17.67136661246761,1.312746219983563e-05,-106.061770380855
0.5741854971189333,5.207982759260062,0.0112417033121755,-166.3487992348304
0.1666228056826831,25.59975681091305,2.100461692911004e-07,-92.46773082099958
0.07696782028640864,37.61671112639914,4.305182321751033e-10,-154.4290922649736
0.04578594781226736,35.4469909265836,1.310434816215178e-09,-77.88894971038992
5.840566125974614e-16,47.84899023113181,2.301714374652875e-12,-68.36330030091791
0.4117047854268553,10.78115017246839,0.0005126947312360519,-126.1322704627513
0.3904123165783317,13.6065569632413,0.0001126984446918611,-170.2961737817713
0.2604766948594615,23.82423214341918,5.277267051684298e-07,-146.5397811164422
3.17603086687411e-16,33.40494270775077,3.741676857238474e-09,-30.636846193787
5.840566125974614e-16,33.40460479818054,3.742327003841694e-09,-49.22299899227481
0.2806523945328783,18.03692178464212,1.083309424226853e-05,-127.5205568243946
0.1154239763048338,32.93967006409181,4.753175963934098e-09,-122.5184771628327
0.8332882609851784,0.704330785831246,0.2006661513101653,-233.8799619599768
0.08193489571972448,34.74646714683081,1.877798028182553e-09,-167.1536836091568
0.3855029055548579,12.76278710313852,0.0001767918254347856,-140.1735226888968
0.4154525892556052,10.53218745020365,0.0005865663842263835,-221.625776227566
0.2703275572845986,22.18422981457246,1.238500213607274e-06,-183.8636445123493
0.7354876890655345,1.671999249725786,0.09799548268994857,-266.0170957996236
0.8582631515376611,0.5879007008437043,0.2216160273955339,-242.3366637008011
1.15246663877959,0.5362688526104193,0.2319915808588533,-294.9989815416446
0.2708911216086013,19.34071369348806,5.467486596799631e-06,-196.6472691297936
1.494002371943394,5.635217367763175,0.008801581310119433,-328.8173750857063
0.03387341306010289,50.1366746504259,7.169820293029261e-13,-103.2805892615866
3.808050978468341,121.2516596676562,0,-697.4043509743591
1.976998055294277,17.26636004926149,1.624440143571659e-05,-443.294794167834
0.2107380227592743,21.8341158701574,1.486336366207652e-06,-146.9106436117899
9.555848176237971e-17,61.36779488567994,2.386979502944087e-15,-58.88680439047493
1.244740482491238,1.471516347521629,0.1125533003068692,-347.426400227232
0.2657385323879506,22.91902049219325,8.448577314967842e-07,-81.18481006350009
9.555848176237971e-17,61.36973767107634,2.386979502944087e-15,-32.44083822455732
0.04143470730889087,39.78033603249159,1.420960016318418e-10,-115.1450393814072
0.2876833461280649,14.71627939097746,6.248133800218492e-05,-82.19611587706228
1,0,1,0
9.555848176237971e-17,47.84898319495889,2.301714374652875e-12,-29.7547927827389
0.1634217964480206,32.96080262216182,4.701789069194717e-09,-60.73113153543717
0.03847413786900633,43.36374549381205,2.272659838098434e-11,-114.9591289165395
0.2467178524960436,19.76499134385236,4.378604481269921e-06,-73.97418864067467
0.08193650639935787,34.74557854351087,1.878655342402169e-09,-247.8867991464138
0.03384543851271297,50.19193910771983,6.971090371621358e-13,-81.85772240102243
2.731941657024047e-16,57.61083979911147,1.598721155460225e-14,-43.37922445050975
0.4256980470022421,12.81289439216874,0.0001721193032276913,-129.0113888893602
0.1705881667567269,24.69527157517277,3.357435794382191e-07,-90.73630454849005
0.06750463557180478,22.19965261551678,1.228591254176514e-06,-125.1553504420854
0.04146460590226809,39.76260627363101,1.43391798435033e-10,-87.98013119058297
0.8920481286860076,0.3102542269151058,0.288762111742692,-235.5535202239117
0.1954045112124655,29.72755905875542,2.486144817792635e-08,-96.99761134284198
0.3342119443199413,14.28943712488962,7.837098649249308e-05,-144.6535188133553
3.17603086687411e-16,61.54917478351069,2.164934898019055e-15,-107.9515960307282
3.17603086687411e-16,51.71860268831176,3.202438314531264e-13,-82.01454505960766
0.07080230726411037,20.9148905108749,2.400738299435101e-06,-83.01821837290395
0.04146714861517795,39.75982314900507,1.435962460050177e-10,-55.24922819324897
9.555848176237971e-17,53.73941769619543,1.144639938388536e-13,-93.7987955707454
9.555848176237971e-17,48.75801080806518,1.447841846413667e-12,-50.46634438008295
9.555848176237971e-17,56.74991070703231,2.475797344914099e-14,-114.149069469492
9.555848176237971e-17,61.56440647412536,2.164934898019055e-15,-50.79614499368851
0.09553313775995627,28.39427764434006,4.94786897009547e-08,-88.17324617049771
5.840566125974614e-16,47.46753909011295,2.796096687518457e-12,-80.71374293316046
0.1643914328364497,26.12391610781637,1.6009668163397e-07,-79.45558886014493
0.5558978054890052,7.165299793322902,0.00371636338428627,-155.3379181100325
1.637882972295349,5.786881175161511,0.008073104814987631,-294.0412814102384
0.9923048926549266,0.001786417358630388,0.4831433122909649,-239.747261419674
0.09732225616259699,41.56289685649676,5.706951577977293e-11,-146.194254135054
0.5769818798150772,5.104856242079336,0.01192947806988454,-152.889517652714
0.1301369428879032,37.05333312298001,5.747096687436226e-10,-72.47816565318767
3.17603086687411e-16,37.45769535589767,4.670869246936604e-10,-44.7080340160423
0.3928893828684419,14.59827164726039,6.651825188669358e-05,-118.0332626956032
0.1825462632520428,38.76978078028387,2.384266672983415e-10,-66.48063082527787
0.4588345705246354,10.36294070481716,0.0006428511811099602,-214.9321341851415
9.555848176237971e-17,37.43942692188998,4.714825196927563e-10,-52.45966983426901
0.06937033782124508,42.86623043683747,2.930689024793764e-11,-36.33350499071415
0.3348549506894603,16.01292800646041,3.145571303936334e-05,-156.9333169384075
0.4945327410862298,7.613472248978098,0.00289669101515716,-178.9704518163058
0.0829337264671685,34.17038609975052,2.524575382079064e-09,-101.0690261313216
0.5546935979083472,7.231362337580208,0.003582041090696431,-225.5636793845789
0.6314173143694209,3.745760114994084,0.02647082127809197,-148.9069820059891
9.555848176237971e-17,53.56965144319685,1.247890679678676e-13,-43.89119604890114
0.8534813720851819,0.5795384195375846,0.2232466513333871,-251.7002266146014
0.2750021725623371,16.10340085612779,2.998811757753961e-05,-132.198436188652
0.7373752281166088,2.050628009676643,0.0760717103574155,-187.3192080608775
9.555848176237971e-17,53.56982457908852,1.247890679678676e-13,-26.34289883308649
0.08295034263365497,34.16586146895341,2.530452125615312e-09,-71.41102733465763
9.555848176237971e-17,47.84899023114062,2.301714374652875e-12,-127.4551664479918
9.555848176237971e-17,48.75785657999744,1.44800837986736e-12,-34.39417767303286
0.1157616057203857,32.78266433948704,5.152992588186578e-09,-64.96876247141249
2.731941657024047e-16,58.94708935025076,8.104628079763643e-15,-46.45363053190685
9.555848176237971e-17,61.36966921691268,2.386979502944087e-15,-24.64157351283575
0.1244741325558059,29.61260720263431,2.638033003155016e-08,-152.589018029265
0.3691080259274389,12.7962150019797,0.0001736606691493114,-139.1728994957862
0.1930252852595557,25.26562854277759,2.4976578644198e-07,-72.70460512988072
0.5210301084293968,7.987415668519077,0.002355180173912841,-147.0634338072058
0.2055629475112085,22.73998031502646,9.273432831635731e-07,-74.98516269372284
9.555848176237971e-17,48.75792492596337,1.447952868716129e-12,-59.56494509776487
2.731941657024047e-16,47.46697487223409,2.796929354786926e-12,-65.77877180126318
3.17603086687411e-16,33.40481407851664,3.741924325950663e-09,-44.09494116925618
0.07718044026058822,37.45959289999035,4.666327324542863e-10,-61.2338907581168
0.1924274143301304,25.4141892609814,2.312518649905115e-07,-145.7598707921782
0.07716542024214541,37.46949284344441,4.642701778578839e-10,-47.14905678558665
0.2378235465515526,24.68573434936104,3.374091498975496e-07,-145.9685947027733
0.3737095837189264,12.39171486046303,0.0002156215119192284,-173.2980495120002
0.1669219350624038,25.52701683796633,2.181157507386011e-07,-91.10858639958472
0.04774257465689116,33.71296062758765,3.193685205182817e-09,-110.8361558253249
9.555848176237971e-17,61.54204232035434,2.164934898019055e-15,-67.2148290581475
0.8598124718621893,0.5499422560503717,0.2291706446405335,-361.4691122610982
3.17603086687411e-16,53.56903557658708,1.248445791190989e-13,-82.51490382159646
2.731941657024047e-16,48.75801082173119,1.447841846413667e-12,-42.02122211865443
0.0708849954436311,41.71516083576918,5.279354731158037e-11,-96.26944297865165
3.17603086687411e-16,41.79648877594761,5.064254571252036e-11,-41.85802793600243
0.6560974375730008,3.479076754994594,0.0310747024731764,-272.1804334872696
0.2464894836219666,19.79795310278467,4.303740231248465e-06,-158.4513989059589
0.059737259862778,25.78089814433295,1.912274641413525e-07,-74.37643728412699
0.8594971186754177,0.5521547597899144,0.2287192973639104,-219.080096399516
0.1670044018207579,25.50727314513773,2.203592022742562e-07,-161.7053323125046
0.1415774143925154,16.40300741124531,2.560196207790355e-05,-162.5294486222147
3.17603086687411e-16,48.53110838008124,1.625477530353692e-12,-56.70947278198381
0.338520266861512,8.689776646464793,0.001599999179974443,-159.4454976144997
0.03728729510042582,44.95576989187924,1.007677274955654e-11,-60.22515191685294
0.04186779151463352,39.32033044824846,1.798383664208814e-10,-71.7495863971447
0.03305411300797274,51.5675896323624,3.458899833219675e-13,-194.2847174475674
3.17603086687411e-16,76.25313254050685,0,-4.163028543701018
5.840566125974614e-16,40.14381454887268,1.179686903718391e-10,-179.3710486372475
5.840566125974614e-16,51.47133059113571,3.632649736573512e-13,-68.83139171004301
0.5564273523923654,5.954888114661628,0.007338267141863586,-189.1481789586719
0.1237342624024383,29.89396589001259,2.281653932456607e-08,-75.92162957955775
0.3318194956833599,16.3272062034618,2.664665449780834e-05,-155.0819051533484
0.6210807518886273,3.994110716794694,0.02282977046067197,-169.1132611727893
0.3011801746300439,11.16742517754662,0.0004162303952371382,-103.3249391245914
0.1683462720228682,25.18934408807004,2.598427250588564e-07,-109.9622482845603
0.1788167027921471,28.61009567495444,4.425973215704815e-08,-68.10481023731215
1.747597003925894,7.59392548843638e-14,0.4999998900631645,-2.164934898019079e-14
1.747597003925894,7.59392548843638e-14,0.4999998900631645,-2.164934898019079e-14
1.747597003925894,7.59392548843638e-14,0.4999998900631645,-2.164934898019079e-14
0.1278257175608006,28.50659060466415,4.669004294299839e-08,-245.7689357058238
0.09821049548738957,27.37281129704756,8.388679495485718e-08,-55.63243862208321
1.028145822447522e-15,40.76963429557509,8.563694198215899e-11,-153.6323284793237
1.028145822447522e-15,40.53779479813932,9.642470155668548e-11,-226.8071260176995
0.04301039493460178,38.10635782609017,3.349574506650299e-10,-100.2908853153789
0.05603743259207609,27.8693207193545,6.48957528270877e-08,-49.40485439325437
0.0435961843530091,37.48989010752403,4.594402081004034e-10,-16.49290425816324
0.4417010172320342,8.008578087436433,0.002327813977818338,-104.6475556073106
4.004733053112191e-17,38.49069175351617,2.750772387649647e-10,-22.49761555108136
4.730343101349462e-16,45.54711756628376,7.450540184805732e-12,-100.4051684777271
0.09253804405298829,14.8275424219624,5.890122055501879e-05,-14.66628033122092
0.05045222507345509,31.56970557605621,9.620396312914892e-09,-98.86125257620786
5.840566125974614e-16,41.90402390662115,4.793260233171281e-11,-74.90737052130358
3.17603086687411e-16,54.41309502701323,8.12128142513302e-14,-4.163028543701018
1.706200929549227,7.418846793479247,0.00322720851318109,-286.6665645779741
0.1021362490934383,25.95255883047885,1.749556625130211e-07,-45.98043533572969
5.114956077737342e-17,41.75397790899297,5.175571082816077e-11,-29.57523452635803
1.028145822447522e-15,20.16193214000243,3.557749314098135e-06,-4.488481345895172
5.840566125974614e-16,28.29760919844094,5.201219233086363e-08,-68.34569914903781
0.3004530990079235,13.67076328252409,0.0001089096919839605,-155.3390101273345
0.2084245185567084,13.94248640897737,9.424476141478566e-05,-61.29702070246587
0.1647638497283882,20.19726856227732,3.492630261114904e-06,-151.823432813983
0.2825856100083378,12.7084979122065,0.0001819988431006614,-105.2831136206155
0.721027369958131,0.9529270251286448,0.1644876828725553,-135.0342046616329
2.731941657024047e-16,34.40839056062097,2.233965012976569e-09,-53.98689624183412
0.2756008671937399,10.68707575226838,0.0005394330479766563,-74.68606793255482
0.05514390198090954,28.3761406999987,4.994441504813096e-08,-126.0400323288906
2.509897052099161e-16,39.58980682065237,1.566571872224642e-10,-59.64713251762898
0.7128049835934143,1.665577964623765,0.09842593905014607,-152.6163475887823
9.555848176237971e-17,39.14354113128947,1.968818996722632e-10,-55.31480435936728
9.682324783204268e-17,22.15376769623848,1.258307948726056e-06,-87.99248138121527
2.731941657034225e-16,35.63183518530988,1.191800824695832e-09,-46.4345259549995
0.05603187547899079,27.85702736609528,6.530939472559893e-08,-76.9716583750246
0.1046497908731906,25.11070742495252,2.706572527766404e-07,-73.17589005679838
0.3220455976616596,9.695369090182794,0.0009236648664412428,-97.12204505448634
0.1245156025565323,19.71260818521164,4.500278888708298e-06,-60.4102437482093
5.114956077737342e-17,40.49415797535249,9.860240401948772e-11,-20.72003228211414
3.17603086687411e-16,31.57279806752825,9.605087836206394e-09,-91.24911051382696
4.004733053112191e-17,22.0426727002475,1.333278309756381e-06,-15.75474432862685
0.2821609560006383,12.74281911060729,0.0001786893078477014,-77.84365526733961
0.2313372713806054,14.91761901610428,5.615458441748933e-05,-83.79472569548892
0.4420139642272051,6.211173037591493,0.006347324094995499,-164.2749483720038
0.3788935175910109,9.322959075408733,0.001131501194643392,-121.9916505878893
0.09094718502658572,15.15292454115004,4.957231188540412e-05,-29.61445219020199
0.06310269935559804,24.09387770866022,4.587577124293141e-07,-51.32322760992813
0.2959037000234307,11.57422857746803,0.0003343608625770988,-75.59076561835637
0.2471897061564409,16.42150283293489,2.535337072734345e-05,-136.0513772314787
5.840566125974614e-16,31.90758745101411,8.084217906212388e-09,-86.34534871446385
0.2160212178508816,8.368463860606198,0.0019089410231522,-106.0753394285224
0.05870072679949247,26.30859769536006,1.454951906731949e-07,-63.53336562926126
0.4176398577952679,7.257340726187067,0.003530588689910963,-190.8491422718562
0.1047581770285444,12.55630441707268,0.0001974359349078969,-94.39988565579715
0.2598333300567342,11.95871185946595,0.0002719623061752108,-109.5338010377481
0.4882085218409672,6.036360463866345,0.007007073201124703,-151.2557074150342
0.1930644459203255,15.14387777829977,4.981041045404311e-05,-35.31439188997714
3.17603086687411e-16,30.55728373903798,1.620763084853039e-08,-55.48803919463397
0.12085129561143,20.56615187189789,2.880284297290814e-06,-107.6662545528235
0.229695970859899,15.00152706304473,5.371210671656357e-05,-100.9426274303039
9.555848176237971e-17,31.01374489215699,1.281038064515627e-08,-53.16797043669958
0.06589195541609656,22.86471865455179,8.690659164534154e-07,-62.29336379395676
9.555848176237971e-17,33.61100528710254,3.365540734989736e-09,-33.03652208156178
0.09356850507166445,14.59368715700657,6.668027536688159e-05,-78.3367373908458
0.06492509579254775,23.26268986467799,7.065747157919411e-07,-60.51193957969608
9.555848176237971e-17,34.7605152794309,1.864296717002389e-09,-27.64192888062724
0.06433889341064114,23.50881688001473,6.217131965913225e-07,-74.63619797846133
4.004733053112191e-17,34.76064181708082,1.864175591670403e-09,-21.68642750374975
0.1319636179348073,18.1665130155605,1.012033498709597e-05,-65.21641104331081
0.8382386859981669,0.3290771657323148,0.2831014961365099,-126.8691386974844
0.0573883491029263,27.04436798269826,9.941935535939805e-08,-43.82027213545919
0.3015717078490928,11.13258063877072,0.0004241224763903984,-157.3722313311482
9.555848176237971e-17,34.76001577056421,1.8647751121037e-09,-58.46007745345404
0.05081026253468532,31.31272924111073,1.09817422933034e-08,-119.8158675053775
0.0554584215460741,28.18896045367421,5.501517752470875e-08,-55.5101945512917
0.5206968713365562,4.26766466751252,0.01942214052946412,-138.6363048694174
6.728744545674702e-16,21.3243570610216,1.938865396899914e-06,-70.18541473619223
0.2716457899209241,13.72553913789247,0.0001057790147793169,-94.16411773256857
0.5388736385666726,3.787814770679574,0.02581350401985072,-145.3951045299298
0.05747242555163071,26.99724887471004,1.018726222268285e-07,-54.93025087770339
0.2580108481412179,12.11277437064086,0.0002503878621274436,-78.76122556325222
9.555848176237971e-17,26.64345880404451,1.223388726434571e-07,-24.11840799028459
0.1208824131920671,20.57588791303624,2.865672796725782e-06,-77.59264577840138
0.1727921840938132,18.11766806515718,1.038327898000846e-05,-75.79658202306851
9.555848176237971e-17,36.66717739906092,7.005944158144928e-10,-47.73538038005162
0.1971626048637501,14.63855594880698,6.511147246007765e-05,-122.7666306883383
9.555848176237971e-17,30.80769124606304,1.424532070082307e-08,-34.37615401835969
0.4645154164610292,6.914330768923122,0.004275381891790553,-72.58252779309944
5.114956077737342e-17,36.54584059554655,7.455890904672913e-10,-32.89211221497534
0.1344156134577759,17.69053090668493,1.299586315356427e-05,-83.43179590108053
0.1059318032419864,12.36775484929842,0.0002184062811687038,-15.38089851096072
3.17603086687411e-16,24.3606104800661,3.994275895036203e-07,-46.28396546202109
0.0752797870813466,19.33073527879002,5.496132509941187e-06,-26.11095465091297
5.840566125974614e-16,32.79901511364932,5.109830447658226e-09,-88.39265720287544
9.393279804784869e-16,34.06224108136792,2.668852749909689e-09,-146.6284581280965
0.1733382150093283,18.0310923725616,1.086631610663913e-05,-52.0930595942828
0.3371905186205142,8.762089383611197,0.001537782524110576,-96.96765720176005
0.336946132826045,8.776275450002146,0.001525868461109303,-71.55615724586951
0.1215333485508942,20.42028798215141,3.108362048809266e-06,-44.62550532827688
0.176086165921532,17.59999557850506,1.362944903443575e-05,-100.0722939370129
0.4474556827630964,3.43585144482887,0.03189784686198183,-179.0424042234926
0.05786296106496279,26.77536165204205,1.14266293982368e-07,-73.08330195006468
3.17603086687411e-16,32.74317772332375,5.258739665947587e-09,-66.03802789046919
3.17603086687411e-16,21.15023188331759,2.123249353669365e-06,-26.97512633030193
0.05989994456355321,25.68970803956424,2.004798512200701e-07,-77.52300493813452
9.555848176237971e-17,30.2949398763277,1.855463738209551e-08,-31.66147707106863
0.1310658152431186,18.32818805001723,9.296778163747632e-06,-51.04704134702876
0.2191230621807434,16.30257404862598,2.699528078781155e-05,-101.1711732993734
0.1115849130065462,11.50847898340788,0.0003463972185904218,-83.29278356771394
0.198373167907075,14.4907957434298,7.042302759840968e-05,-62.255993447015
0.1722574129606707,18.5531870368157,8.261436938605815e-06,-85.01171961030037
0.260522995598717,8.970029603346632,0.001372220751290898,-54.65046965600983
0.05785981724513727,26.77377687932842,1.143600419917234e-07,-47.85970235770785
0.08246690079876377,34.4222324327244,2.21813395429038e-09,-22.04006050092527
0.2434623771066891,13.50584974007546,0.00011891046542023,-47.70499802056158
3.17603086687411e-16,30.7464671714399,1.470193433661393e-08,-43.16666114251234
0.3350870842165566,5.329575189785146,0.01048324746864177,-164.7778072488156
0.06842877972618304,21.81218921133666,1.503419156501096e-06,-45.94137115239171
3.659764554900657e-17,33.47746973612394,3.604715304028616e-09,-13.77472351017425
0.6423933758982002,2.271033454141929,0.06590598968297529,-99.9473921958171
0.06784447942239136,22.03594165592401,1.337962009351212e-06,-54.52353102282024
0.7135439795251596,1.399510300600014,0.1184027897669087,-158.5580489494821
0.3337262435414377,8.954183635391615,0.001384174345169187,-116.3664835369405
0.1946099061421601,9.975694010950605,0.0007931009842043757,-66.96235777630193
5.840566125974614e-16,17.35539541616038,1.550084471368951e-05,-116.1369146021098
0.1105303110216733,23.13267679223443,7.559961492376033e-07,-119.8411375807482
5.114956077737342e-17,33.47755344902315,3.604560150360925e-09,-22.20152875890621
4.004733053112191e-17,31.79472495254498,8.567875353637788e-09,-8.979069505799854
0.06041800539131648,25.42375372113861,2.301081903910429e-07,-38.11030031689276
4.004733053112191e-17,33.47828525871485,3.603204179469799e-09,-17.22698791955062
3.17603086687411e-16,35.41155406189135,1.334494570404132e-09,-37.54364622423132
0.1697380742887273,24.8659639679678,3.072898973610627e-07,-44.45048326805079
2.731941657024047e-16,37.84650260978876,3.826773342652245e-10,-67.20614971249549
4.004733053112191e-17,31.79449431769284,8.568892817528706e-09,-21.34720070050277
5.840566125974614e-16,37.84710955153545,3.825583183569847e-10,-76.42100041443969
1.621718632409118e-16,32.93065536960586,4.775267292700391e-09,-55.236548503791
0.1368908593095883,17.2268295545844,1.65859229933063e-05,-59.90889692955871
0.3345833634685837,8.898612214121243,0.001426937368148917,-69.20304159337566
0.05331139844081531,29.54129313954172,2.736899712418861e-08,-36.9741586257914
6.728744545674702e-16,25.69439463014766,1.999935786423102e-07,-92.72524772393164
9.555848176237971e-17,32.35493289076378,6.421538245593439e-09,-20.95241376087214
0.2005884170376964,14.21437943873339,8.155962737316225e-05,-61.51090459303895
1.66527109572433e-17,32.93320429771628,4.769010464311663e-09,-15.91559267042965
0.2255908592443,15.49450668939818,4.137268773635183e-05,-61.54863237912116
4.004733053112191e-17,31.79472495254498,8.567875353637788e-09,-8.979069505799854
0.6667022107121959,2.070830472287014,0.07506987307686858,-170.5134207741763
2.731941657024047e-16,32.93296129294642,4.769606654075886e-09,-44.67501596461749
0.3723152359603727,9.727620454036241,0.000907596688087875,-64.54701390347785
0.3271618446850174,11.22986150802234,0.0004024582549915778,-136.7717315966948
0.173639391448752,11.99947046855137,0.0002660783446807868,-59.48614830568869
9.555848176237971e-17,29.86896046743659,2.311270802524135e-08,-57.43955644388284
0.05763908254488202,26.90568251918461,1.068149242944294e-07,-72.14111947313874
0.06274090820136689,24.2571612239943,4.214654821255159e-07,-32.02395780511454
0.11018148851659,23.4106790871069,6.542505824880251e-07,-82.32813535756094
5.840566125974614e-16,29.41540112451895,2.92057966144732e-08,-64.25866712452198
5.114956077737342e-17,25.6943945875075,1.999935830832023e-07,-29.22560007391136
0.8570873558510461,0.3738568486945155,0.2704547122023359,-195.3214163021615
0.2471513382131377,13.14502621166912,0.0001441417414502211,-100.591379729618
1.497152629602448,3.696739636381153,0.02725945097330895,-214.9212760658112
0.4394200854101114,6.328518584803078,0.00594057607090881,-181.7725825602758
9.555848176237971e-17,25.69439462662234,1.999935790308882e-07,-32.27787127925347
0.05714776351420013,27.18972083465394,9.2218334191152e-08,-61.66712448426948
0.2825009906731204,12.71334859835045,0.0001815273743557277,-125.0940949634295
2.509897052099161e-16,33.47236431278469,3.61419005834307e-09,-44.95809094224021
0.06044121214663761,25.41186896859563,2.315301728117447e-07,-64.24041924853134
9.682324783204268e-17,16.77351404421395,2.105854056783096e-05,-101.7890225851961
0.2511357383988572,12.7484967229164,0.0001781477056780334,-55.71823565927
0.06276949268958749,24.23908020728405,4.25440627116469e-07,-64.98954207690888
2.804502661847769e-15,31.03699629726799,1.265783500237205e-08,-128.7578679969315
0.1369129103613911,17.22145737111629,1.663288936443186e-05,-133.5576392671866
0.3889254168414743,4.99707405610576,0.01269510335465562,-97.73468083529235
1.747597003925894,7.59392548843638e-14,0.4999998900631645,-2.164934898019079e-14
1.747597003925894,7.59392548843638e-14,0.4999998900631645,-2.164934898019079e-14
1.747597003925894,7.59392548843638e-14,0.4999998900631645,-2.164934898019079e-14
1.747597003925894,7.59392548843638e-14,0.4999998900631645,-2.164934898019079e-14
1.747597003925894,7.59392548843638e-14,0.4999998900631645,-2.164934898019079e-14
1.747597003925894,7.59392548843638e-14,0.4999998900631645,-2.164934898019079e-14
1.747597003925894,7.59392548843638e-14,0.4999998900631645,-2.164934898019079e-14
1.747597003925894,7.59392548843638e-14,0.4999998900631645,-2.164934898019079e-14
1.747597003925894,7.59392548843638e-14,0.4999998900631645,-2.164934898019079e-14
1.747597003925894,7.59392548843638e-14,0.4999998900631645,-2.164934898019079e-14
1.747597003925894,7.59392548843638e-14,0.4999998900631645,-2.164934898019079e-14
1.747597003925894,7.59392548843638e-14,0.4999998900631645,-2.164934898019079e-14
1.747597003925894,7.59392548843638e-14,0.4999998900631645,-2.164934898019079e-14
1.747597003925894,7.59392548843638e-14,0.4999998900631645,-2.164934898019079e-14
1.747597003925894,7.59392548843638e-14,0.4999998900631645,-2.164934898019079e-14
1.747597003925894,7.59392548843638e-14,0.4999998900631645,-2.164934898019079e-14
1.747597003925894,7.59392548843638e-14,0.4999998900631645,-2.164934898019079e-14
1.747597003925894,7.59392548843638e-14,0.4999998900631645,-2.164934898019079e-14
1.747597003925894,7.59392548843638e-14,0.4999998900631645,-2.164934898019079e-14
1.747597003925894,7.59392548843638e-14,0.4999998900631645,-2.164934898019079e-14
1.747597003925894,7.59392548843638e-14,0.4999998900631645,-2.164934898019079e-14
1.747597003925894,7.59392548843638e-14,0.4999998900631645,-2.164934898019079e-14
1.747597003925894,7.59392548843638e-14,0.4999998900631645,-2.164934898019079e-14
1.747597003925894,7.59392548843638e-14,0.4999998900631645,-2.164934898019079e-14
1.747597003925894,7.59392548843638e-14,0.4999998900631645,-2.164934898019079e-14
1.747597003925894,7.59392548843638e-14,0.4999998900631645,-2.164934898019079e-14
1.747597003925894,7.59392548843638e-14,0.4999998900631645,-2.164934898019079e-14
1.747597003925894,7.59392548843638e-14,0.4999998900631645,-2.164934898019079e-14
1.747597003925894,7.59392548843638e-14,0.4999998900631645,-2.164934898019079e-14
1.747597003925894,7.59392548843638e-14,0.4999998900631645,-2.164934898019079e-14
1.747597003925894,7.59392548843638e-14,0.4999998900631645,-2.164934898019079e-14
1.747597003925894,7.59392548843638e-14,0.4999998900631645,-2.164934898019079e-14
1.747597003925894,7.59392548843638e-14,0.4999998900631645,-2.164934898019079e-14
1.747597003925894,7.59392548843638e-14,0.4999998900631645,-2.164934898019079e-14
1.747597003925894,7.59392548843638e-14,0.4999998900631645,-2.164934898019079e-14
1.747597003925894,7.59392548843638e-14,0.4999998900631645,-2.164934898019079e-14
1.747597003925894,7.59392548843638e-14,0.4999998900631645,-2.164934898019079e-14
1.747597003925894,7.59392548843638e-14,0.4999998900631645,-2.164934898019079e-14
1.747597003925894,7.59392548843638e-14,0.4999998900631645,-2.164934898019079e-14
1.747597003925894,7.59392548843638e-14,0.4999998900631645,-2.164934898019079e-14
1.747597003925894,7.59392548843638e-14,0.4999998900631645,-2.164934898019079e-14
1.747597003925894,7.59392548843638e-14,0.4999998900631645,-2.164934898019079e-14
1.747597003925894,7.59392548843638e-14,0.4999998900631645,-2.164934898019079e-14
1.747597003925894,7.59392548843638e-14,0.4999998900631645,-2.164934898019079e-14
1.747597003925894,7.59392548843638e-14,0.4999998900631645,-2.164934898019079e-14
1.747597003925894,7.59392548843638e-14,0.4999998900631645,-2.164934898019079e-14
1.747597003925894,7.59392548843638e-14,0.4999998900631645,-2.164934898019079e-14
1.747597003925894,7.59392548843638e-14,0.4999998900631645,-2.164934898019079e-14
1.747597003925894,7.59392548843638e-14,0.4999998900631645,-2.164934898019079e-14