dN/dS,LRT,p-value,Log(L)
1,0,1,0
1,0,1,0
2.449231293967717e-15,0.5715573911275449,0.2248203567789044,-14.13284861922032
1,0,1,0
1,0,1,0
1,0,1,0
1,0,1,0
1,0,1,0
1,0,1,0
1.038263951005382e-15,0.5368148349814348,0.2318778840354496,-9.115682417686083
5.64667360488876e-15,0.2907629437650918,0.2948660161922468,-9.903491790856128
1,0,1,0
1,0,1,0
1,0,1,0
4.072591212773824,1.289829460999997,0.1280396906296748,-9.940374675854457
3.232190466664531,0.9565355008046055,0.1640306510958948,-24.60091710952208
1,0,1,0
1,0,1,0
1,0,1,0
2.804502661847769e-15,0.569794024650907,0.2251703885735576,-10.93681106753375
1,0,1,0
3.445273138413807,1.042077701095835,0.1536693727758188,-9.005737849236004
1,0,1,0
1,0,1,0
1,0,1,0
1,0,1,0
1,0,1,0
1,0,1,0
1.038263951005382e-15,0.3013974794779415,0.291503825120926,-14.71949616554937
1,0,1,0
1,0,1,0
1.038263951005382e-15,0.699052900916783,0.2015510582017116,-10.45588480780772
1,0,1,0
1,0,1,0
1,0,1,0
1,0,1,0
1,0,1,0
1,0,1,0
1,0,1,0
4.936130869128893e-15,0.571557371059491,0.2248203607576237,-12.05363732726454
1.038263951005382e-15,0.3012266640282064,0.2915572163444553,-11.5793707550145
2.804502661847769e-15,0.5743680089498646,0.2242641940153947,-9.045411504622571
1,0,1,0
1,0,1,0
4.099299922762152,1.298231804731486,0.1272682288066733,-10.01434397281787
1,0,1,0
1,0,1,0
1,0,1,0
1,0,1,0
1,0,1,0
1,0,1,0
1,0,1,0
1,0,1,0
1,0,1,0
2.804502661847769e-15,0.6330670865521775,0.2131162566965534,-9.672551931597315
1,0,1,0
1,0,1,0
1,0,1,0
1,0,1,0
1,0,1,0
2.896795886390597,0.8097223022188871,0.1841011824549458,-8.478957454414145
1,0,1,0
4.845157825916468,1.554284895910509,0.1062519937025072,-11.02843763033499
1,0,1,0
1,0,1,0
6.367423182039796,3.980837723153549,0.02301033494594434,-10.68695133783105
1,0,1,0
4.936130869128893e-15,0.6008973628513736,0.2191179231206808,-9.273001317710364
1,0,1,0
1,0,1,0
1,0,1,0
1,0,1,0
1,0,1,0
3.801179175673016,1.183643838867926,0.1383077144985673,-9.79961913959429
4.004808294513406e-15,0.511094436933039,0.2373327330964684,-9.923589218935316
1,0,1,0
1,0,1,0
1,0,1,0
2.804502661847769e-15,0.5903361760061117,0.221144575513725,-8.41602977977422
1,0,1,0
1,0,1,0
1,0,1,0
1,0,1,0
1,0,1,0
1,0,1,0
1,0,1,0
1,0,1,0
1,0,1,0
1,0,1,0
1,0,1,0
1,0,1,0
1,0,1,0
1,0,1,0
5.866692877502571,3.708453040782093,0.02706877211787417,-12.06727837034551
4.075326776668326,1.292027906517614,0.1278372847401727,-8.369357510166289
1,0,1,0
1,0,1,0
1,0,1,0
1,0,1,0
1,0,1,0
4.936130869128893e-15,0.6520027652375653,0.2096987738060427,-9.352912125731326
1,0,1,0
1,0,1,0
1,0,1,0
1,0,1,0
1,0,1,0
1,0,1,0
3.662623699771456,1.127640483434057,0.1441395941050351,-11.25477933272689
1,0,1,0
1,0,1,0
1,0,1,0
4.936130869128893e-15,0.5904169053597208,0.2211289746600767,-8.715234292154459
1,0,1,0
1,0,1,0
1,0,1,0
1,0,1,0
3.120218918979353,0.9072693687602786,0.1704199875887322,-12.3425755140532
1,0,1,0
4.936130869128893e-15,0.5697936097182748,0.2251704710385531,-10.6110767792222
1,0,1,0
1.038263951005382e-15,0.4521681371001698,0.2506535674771337,-9.072085090032253
1,0,1,0
1,0,1,0
1,0,1,0
1,0,1,0
1,0,1,0
1,0,1,0
1,0,1,0
1,0,1,0
1,0,1,0
1,0,1,0
1,0,1,0
1,0,1,0
1,0,1,0
4.936130869128893e-15,0.6202415935577044,0.2154787612563714,-8.928024786835389
1,0,1,0
3.761077509365448,1.166623549805898,0.1400480489235131,-10.92108659742444
1,0,1,0
1,0,1,0
1,0,1,0
1,0,1,0
1,0,1,0
1,0,1,0
1,0,1,0
1,0,1,0
1,0,1,0
1,0,1,0
1,0,1,0
12.06398050234667,12.39726553083258,0.0002149815089500517,-17.027604161951
1,0,1,0
6.641583496908308,4.117222673588021,0.02122435578985349,-14.12698211972308
1,0,1,0
1,0,1,0
1,0,1,0
4.936130869128893e-15,0.6009583709871222,0.2191062988202914,-9.979533999379415
1,0,1,0
1,0,1,0
1,0,1,0
1,0,1,0
1,0,1,0
3.647333912673866,1.121805235405855,0.1447650359830417,-8.980085034275888
1,0,1,0
1,0,1,0
1,0,1,0
1,0,1,0
1,0,1,0
1,0,1,0
1,0,1,0
1,0,1,0
5.64667360488876e-15,0.3160927304894763,0.2869826435411591,-10.41174978891582
1,0,1,0
6.803071491813466,4.197664931840066,0.02023984129021483,-11.30892035449224
1,0,1,0
3.233122628058823,0.9551860219442929,0.164201371867241,-10.1980879774376
1,0,1,0
1,0,1,0
1,0,1,0
1,0,1,0
1,0,1,0
1,0,1,0
1.038263951005382e-15,0.5905684043745438,0.2210997022298527,-9.814447214481167
1,0,1,0
2.804502661847769e-15,0.571557391130785,0.2248203567782621,-9.153018991402631
1,0,1,0
1,0,1,0
1,0,1,0
1,0,1,0
2.950187311636662,0.8319769888190862,0.1808507422132861,-9.419671339518409
1,0,1,0
4.33708631763411,1.386112441746455,0.1195313569146429,-9.716173283339767
1,0,1,0
1.038263951005382e-15,0.5588661993500743,0.2273587145653961,-9.748108879684962
1,0,1,0
1,0,1,0
1,0,1,0
1,0,1,0
1,0,1,0
1,0,1,0
1,0,1,0
1,0,1,0
1,0,1,0
2.871453019659993,0.7987508085473323,0.1857335599470607,-11.85551979603108
1,0,1,0
3.132143220188306,0.9123690662154189,0.1697433081211944,-11.24642843165245
1,0,1,0
3.266933319955809,0.9699364497222298,0.162348014359473,-9.315615790229739
1,0,1,0
1,0,1,0
1,0,1,0
1,0,1,0
1,0,1,0
7.709740078190932,4.58348084251022,0.01614078754320381,-12.41115291557338
1,0,1,0
1,0,1,0
1,0,1,0
1,0,1,0
1,0,1,0
1,0,1,0
1,0,1,0
1,0,1,0
8.48884454792928e-15,0.4947997179865524,0.2408970183573225,-18.18691455073597
1,0,1,0
1,0,1,0
1,0,1,0
1,0,1,0
1,0,1,0
1,0,1,0
1,0,1,0
1.038263951005382e-15,0.5743679970070197,0.2242641963740817,-9.006164402140719
1,0,1,0
1,0,1,0
1,0,1,0
1,0,1,0
1,0,1,0
4.118123670832231,1.306649964247939,0.1265010472634238,-20.72890512263095
3.118718120345865,0.906795834274277,0.1704830050080992,-9.131613160933092
1,0,1,0
1,0,1,0
1.038263951005382e-15,0.5743679963197721,0.2242641965098116,-9.475169415288779
1,0,1,0
1.028145822447522e-15,0.7148012630119638,0.1989272510068613,-12.99896285238713
7.277883638469423,2.23551000037795,0.06743605820405668,-9.714731662808955
1,0,1,0
1,0,1,0
1,0,1,0
1,0,1,0
1,0,1,0
1,0,1,0
1,0,1,0
1,0,1,0
1,0,1,0
1,0,1,0
1.038263951005382e-15,0.5743679970070197,0.2242641963740817,-9.006164402140719
1,0,1,0
4.936130869128893e-15,0.5697936291456607,0.2251704671774932,-12.01914365636234
1,0,1,0
1,0,1,0
1,0,1,0
1,0,1,0
1,0,1,0
1,0,1,0
1,0,1,0
1,0,1,0
1,0,1,0
1,0,1,0
4.936130869128893e-15,0.5904169053597208,0.2211289746600767,-8.715234292154459
1,0,1,0
1,0,1,0
1,0,1,0
1,0,1,0
4.936130869128893e-15,0.60073408563143,0.2191490381021649,-11.95536382799313
1,0,1,0
1,0,1,0
1,0,1,0
1,0,1,0
1,0,1,0
1,0,1,0
7.732979623073833,4.634725006716263,0.01566558253420097,-14.07760447416116
2.804502661847769e-15,0.7145441780741386,0.1989696849992151,-10.15241271979637
1,0,1,0
1,0,1,0
1.038263951005382e-15,0.4494026399885449,0.2513093838569572,-8.616598380783673
1,0,1,0
1,0,1,0
1.028145822447522e-15,0.6836721146424445,0.2041625527164244,-8.892094496988845
1,0,1,0
1,0,1,0
1,0,1,0
1,0,1,0
1,0,1,0
1,0,1,0
1,0,1,0
1,0,1,0
2.848222558636409,0.7884308478908366,0.1872875123921429,-8.784763716766797
1,0,1,0
1,0,1,0
1,0,1,0
1,0,1,0
1,0,1,0
1,0,1,0
1,0,1,0
1,0,1,0
1,0,1,0
1.028145822447522e-15,0.5366209219523608,0.2319182548233604,-7.952392030519348
1,0,1,0
1,0,1,0
1,0,1,0
1,0,1,0
1,0,1,0
1,0,1,0
1,0,1,0
5.64667360488876e-15,0.5903359318823078,0.2211446226929387,-8.415608535724433
1,0,1,0
1,0,1,0
1,0,1,0
1,0,1,0
1,0,1,0
1,0,1,0
1,0,1,0
1,0,1,0
1,0,1,0
1,0,1,0
1,0,1,0
1,0,1,0
4.004808294513406e-15,0.574368031027646,0.2242641896550788,-11.94834265067584
1,0,1,0
1,0,1,0
1,0,1,0
1,0,1,0
1,0,1,0
1,0,1,0
1,0,1,0
1,0,1,0
1,0,1,0
4.936130869128893e-15,0.714672502640596,0.1989485023337885,-10.55940472708323
1,0,1,0
4.936130869128893e-15,0.6077160841896259,0.2178245215138392,-10.74123286158016
1,0,1,0
1,0,1,0
1,0,1,0
3.280269812246708,0.9747484883919491,0.1617493840257537,-10.21998215874986
1,0,1,0
1,0,1,0
1,0,1,0
1,0,1,0
4.936130869128893e-15,0.7149291295206091,0.1989061504558682,-9.184518657002018
1,0,1,0
1,0,1,0
2.804502661847769e-15,0.7149291921540382,0.198906140120883,-11.27061477552014
1,0,1,0
2.804502661847769e-15,0.536845634875494,0.2318714728313238,-10.16022377807125
1,0,1,0
1,0,1,0
1,0,1,0
1,0,1,0
1,0,1,0
1,0,1,0
1,0,1,0
1,0,1,0
1,0,1,0
1,0,1,0
1,0,1,0
1,0,1,0
1,0,1,0
1,0,1,0
1,0,1,0
1,0,1,0
1,0,1,0
1,0,1,0
1,0,1,0
1,0,1,0
1,0,1,0
4.936130869128893e-15,0.5906061730999532,0.2210924055389215,-10.51055278248182
1,0,1,0
1.038263951005382e-15,0.6202415757250321,0.2154787645686916,-8.927242974741425
1,0,1,0
1,0,1,0
1,0,1,0
1,0,1,0
1,0,1,0
1,0,1,0
1,0,1,0
3.978890037725395,1.255773778487683,0.1312262876609109,-13.44345694626022
1,0,1,0
1,0,1,0
1.038263951005382e-15,0.5715573911308809,0.224820356778243,-9.84961964134853
1,0,1,0
1,0,1,0
1,0,1,0
1,0,1,0
1,0,1,0
1,0,1,0
1,0,1,0
1,0,1,0
1,0,1,0
1,0,1,0
1,0,1,0
1,0,1,0
1,0,1,0
1,0,1,0
4.936130869128893e-15,0.536259397859034,0.2319935505246164,-10.8546313336237
1,0,1,0
1,0,1,0
1,0,1,0
1,0,1,0
1,0,1,0
1,0,1,0
1,0,1,0
1,0,1,0
1,0,1,0
1,0,1,0
1,0,1,0
1,0,1,0
1,0,1,0
1,0,1,0
1,0,1,0
1,0,1,0
3.496078439732631,1.06424948897622,0.151123986139479,-8.214667172588497
1,0,1,0
1,0,1,0
1,0,1,0
1,0,1,0
1,0,1,0
4.936130869128893e-15,0.6519266274556017,0.2097123505590271,-8.945030817987949
2.093959926088373e-15,0.5054807197296256,0.2385508948685368,-11.66651439728557
1,0,1,0
1,0,1,0
1,0,1,0
1,0,1,0
1,0,1,0
1,0,1,0
1,0,1,0
1,0,1,0
1,0,1,0
1,0,1,0
1,0,1,0
1,0,1,0
1,0,1,0
1,0,1,0
2.804502661847769e-15,0.5904170370612434,0.2211289492102966,-8.716667891762098
1,0,1,0
1,0,1,0
1,0,1,0
1,0,1,0
1,0,1,0
1,0,1,0
5.64667360488876e-15,0.301320264237777,0.2915279575956248,-9.718348124167179
1,0,1,0
1,0,1,0
1,0,1,0
1,0,1,0
1,0,1,0
1,0,1,0
1,0,1,0
1,0,1,0
1,0,1,0
1,0,1,0
1,0,1,0
1,0,1,0
1,0,1,0
1,0,1,0
1,0,1,0
5.64667360488876e-15,0.3013195623771026,0.2915281769701908,-11.80440550433099
1,0,1,0
5.64667360488876e-15,0.6203362806375274,0.2154611747430829,-9.568014286586491
1,0,1,0
1,0,1,0
1,0,1,0
1,0,1,0
4.936130869128893e-15,0.3761036757380083,0.2698479476360797,-11.24258039429132
1,0,1,0
1,0,1,0
1,0,1,0
1,0,1,0
1,0,1,0
1,0,1,0
1,0,1,0
1,0,1,0
1,0,1,0
1,0,1,0
1,0,1,0
1,0,1,0
1,0,1,0
1,0,1,0
1,0,1,0
1,0,1,0
1,0,1,0
1,0,1,0
1,0,1,0
1,0,1,0
1,0,1,0
1,0,1,0
1,0,1,0
3.02267680737832,0.8640983320341533,0.1762971691354255,-10.67485422837468
1.028145822447522e-15,0.7147967949247409,0.1989279883898236,-11.2485440956793
1,0,1,0
1,0,1,0
1,0,1,0
1,0,1,0
1,0,1,0
8.48884454792928e-15,0.5715573911308809,0.224820356778243,-17.48857380389009
1,0,1,0
3.127523985638128,0.9105357349335392,0.169986156244585,-8.490226918081584
1,0,1,0
2.804502661847769e-15,0.6520781342330615,0.2096853354314219,-10.04616948124733
1,0,1,0
1,0,1,0
1,0,1,0
1,0,1,0
1,0,1,0
1,0,1,0
1,0,1,0
1,0,1,0
1,0,1,0
1,0,1,0
1,0,1,0
1,0,1,0
1.038263951005382e-15,0.5435413462604153,0.2304843860435735,-12.64743036507766
1,0,1,0
1,0,1,0
3.541821343933794,1.083160312363958,0.148995823445156,-15.3785927107917
1,0,1,0
1,0,1,0
1,0,1,0
1,0,1,0
1,0,1,0
1,0,1,0
1,0,1,0
1,0,1,0
1,0,1,0
1,0,1,0
1,0,1,0
1,0,1,0
1,0,1,0
1,0,1,0
1,0,1,0
1,0,1,0
1,0,1,0
1,0,1,0
1,0,1,0
1,0,1,0
1,0,1,0
1,0,1,0
1,0,1,0
1,0,1,0
1,0,1,0
5.64667360488876e-15,0.3140545436191182,0.2876013738228642,-14.68845198241727
1,0,1,0
1,0,1,0
1,0,1,0
1,0,1,0
1,0,1,0
1,0,1,0
1,0,1,0
1,0,1,0
1,0,1,0
1,0,1,0
1,0,1,0
1,0,1,0
1,0,1,0
1,0,1,0
1,0,1,0
1,0,1,0
1,0,1,0
1,0,1,0
1,0,1,0