dN/dS,LRT,p-value,Log(L)
3.17603086687411e-16,12.19239131675501,0.0002399241584331024,-4.048682868625353
0.2589205392875579,3.005418171055155,0.04149328021076171,-42.05780024868979
6.728744545674702e-16,8.052194502655951,0.002272428393441384,-48.63477343922626
0.5411666766731398,0.9302381540509543,0.1674005243000055,-29.09285693899495
3.17603086687411e-16,7.393095629496527,0.003273735366738584,-5.466047773102544
5.114956077737342e-17,9.272335560575712,0.001163204303983423,-6.237884085551855
0.9546640591505817,0.004355506182889712,0.473690401984091,-32.54048337026868
0.5935007401880257,0.9741825895191738,0.1618196318960266,-31.89611121278319
0.3175053344303471,1.99517153133467,0.07890059957249079,-14.34528691761831
0.5404972829265922,0.9344183274871796,0.1668587255885667,-23.90749424894645
1.028145822447522e-15,4.037510663034915,0.0222497079682874,-20.71398608972297
5.840566125974614e-16,8.558472800865253,0.001719589034446634,-31.3162923381977
1.038263951005382e-15,4.035869736614757,0.02227135509944561,-70.95277733425593
1.688892897093382,1.615021036579563,0.1018937164891112,-57.76751796084054
0.2941856734256598,2.343526340465104,0.06290224068963829,-36.41313077843965
1.079023635042188,0.02805100218432699,0.4334944864889266,-65.01698793166059
0.3917462036746243,1.22571953645383,0.1341205521496853,-15.86916966287497
0.5014193523012298,1.210540596140739,0.1356125423477696,-21.42898539109664
3.530609423006026,14.03819343906551,8.956747399480047e-05,-118.1292180442303
3.17603086687411e-16,8.505977849589758,0.001769908168996193,-11.8544384297017
0.5615270625991711,1.216669842802546,0.1350075941005851,-55.26711337095367
0.2358328494984789,3.573471620880127,0.02935472566226405,-27.34422631653923
0.4109828719139356,2.165170054554018,0.07058450264028282,-29.95460274075164
0.7013210950292502,0.4237581250284848,0.2575338724371071,-41.99874519621399
0.5693675472188605,1.152888757009706,0.1414726235972363,-27.87306723139946
0.4753021517811897,1.433757703458525,0.1155760785229931,-56.22302539812954
3.17603086687411e-16,9.675762868577195,0.0009335736353386359,-11.28506994404777
0.2375099688901428,3.531521357438663,0.03010625762973307,-55.92043924430846
5.840566125974614e-16,4.200716716700661,0.02020344907043592,-25.47023378732114
3.17603086687411e-16,8.914614104836588,0.001414487921061691,-12.97404584835768
3.17603086687411e-16,7.305146410060157,0.003437869711468478,-14.40786572310237
1.028145822447522e-15,11.02146491388262,0.0004503143423618128,-37.17691306557438
1,0,1,0
0.2332075412121102,3.652069409636084,0.02799979552677712,-13.68086125277557
1,0,1,0
9.682324783204268e-17,8.707613666415966,0.001584418748279026,-28.04291181476668
0.234974504951633,3.606334995606581,0.02877991872641261,-24.21365042820755
9.682324783204268e-17,8.463828909580791,0.001811392126830347,-21.73778995953281
3.17603086687411e-16,10.69061073632459,0.0005384032561878693,-21.06195165352109
0.2375894587247692,3.529379171156478,0.03014517959479729,-41.79404286156544
1.248094428338195,0.2727638180814154,0.3007418883532141,-50.1686852247955
5.840566125974614e-16,8.707613678655832,0.001584418737640703,-20.41124748255012
0.7468625554223036,0.2804117373392216,0.2982157382391696,-27.72561981847258
4.730343101349462e-16,8.402604223603323,0.001873419300774559,-11.89952689471907
5.840566125974614e-16,7.71420413170101,0.002739400416254034,-25.81345056429572
0.2375499428293922,3.530429947745006,0.03012608106442344,-75.71911342253017
0.2358639613116506,3.572635452578517,0.02936950909523739,-19.68261011816714
0.4106669984859715,2.169615376370906,0.07038071804409013,-30.53766074867092
3.525970700072163,10.78969116519681,0.0005103345468288056,-62.75167163101277
1,0,1,0
5.840566125974614e-16,9.318552526236939,0.001134225632020924,-11.82417451943919
5.840566125974614e-16,8.707613723684659,0.001584418698503731,-28.96716647692625
9.555848176237971e-17,8.40260514058334,0.001873418355777257,-10.87053009236523
3.17603086687411e-16,8.464109835210472,0.001811112385397329,-17.40499902427048
5.840566125974614e-16,9.67576363724325,0.0009335732447587897,-18.04929035441928
1,0,1,0
6.728744545674702e-16,9.317971796027507,0.001134585176073621,-49.06759629927766
1.028145822447522e-15,4.210111393536607,0.02009184908638789,-36.23237617056545
0.2293556626781264,3.760610028152342,0.02623671559721935,-14.20670934014624
5.840566125974614e-16,5.169242871994506,0.0114951169575821,-25.03799289083107
1.34930880334077,0.4852770430101145,0.2430208530517324,-49.91589451820098
3.17603086687411e-16,7.262073080096258,0.003521297473981944,-12.4403878468644
0.3116822232231018,2.078356932987766,0.07470045960945165,-19.9693745344751
1.037177648882891,0.006544015226083388,0.4677626932784184,-35.7357793193266
0.1807360656509278,5.624128469312538,0.008857436014765685,-36.10143347072101
0.6431822008646996,0.6779522008933299,0.2051463847476014,-19.88707698978424
1,0,1,0
9.555848176237971e-17,8.914614094553141,0.001414487929026653,-12.97294919060386
1.47909542369543,0.9382735654875916,0.1663611161620008,-44.91965385935918
0.3790354178999501,2.660564915836716,0.05143209778101676,-40.05092924195506
3.17603086687411e-16,8.505977849527682,0.001769908169056589,-19.34115427959249
0.2332305318357216,3.650360864491446,0.02802853220383222,-16.39549151960933
1.53361285050303,0.6341862322000225,0.212911960752522,-59.9860404696014
0.5197361922408524,1.072788720757444,0.1501581942261459,-46.95755078371594
0.2651543293697002,2.879784951109592,0.0448490001170016,-17.57437122641371
3.17603086687411e-16,9.737345793098296,0.0009028071717027131,-12.15776550348527
3.17603086687411e-16,10.69049869792344,0.000538435864054887,-21.7571151462056
0.6444146796943581,0.6703971132135962,0.2064565948070487,-28.17143661708771
0.2358504365629169,3.572841052979896,0.02936587335225582,-53.12609292022233
6.728744545674702e-16,8.914576036424826,0.001414517406955307,-18.09082490009342
9.555848176237971e-17,8.402604223642896,0.001873419300733759,-12.59532910185232
0.4759123669838756,0.7150994812335512,0.1988780440167456,-39.80210921510664
0.5973043678770076,0.9473632501991034,0.1651956843325865,-25.49339594956583
3.17603086687411e-16,9.737345643944444,0.0009028072449609459,-12.15467150736455
0.2064184455473839,4.51810176881996,0.01676901112355605,-29.72504741348254
1,0,1,0
5.840566125974614e-16,4.37240757980166,0.01826267541045673,-27.16978564405327
3.17603086687411e-16,10.69116872693648,0.0005382408872947053,-25.13935918565356
3.17603086687411e-16,9.737274915035805,0.0009028419847726954,-17.78158856729918
9.682324783204268e-17,8.505977848044729,0.001769908170498991,-27.06827775423477
0.3794198994003924,1.327658174058648,0.124611129372875,-24.62190352667345
3.17603086687411e-16,8.914592343649225,0.001414504776115988,-19.69935618832873
3.17603086687411e-16,9.737294223245179,0.0009028325010541072,-11.05799548577718
0.361950972677163,2.973887674398711,0.04230913834775968,-37.23178951890785
0.2828163105199228,2.537035307971713,0.05560170602816522,-28.37802483654652
1.028145822447522e-15,5.168745441334195,0.01149840908610961,-29.17926477309698
0.4724306825773272,1.458697953673735,0.1135687018260841,-36.56533549779672
0.2480949462365177,3.256079942618634,0.03557952427806621,-19.03479751041168
0.7429434393438449,0.2914832764410704,0.2946357880727065,-38.09724926754908
1,0,1,0
5.840566125974614e-16,9.737302024102632,0.0009028286694929832,-18.08122167368452
2.731941657024047e-16,7.537824722903551,0.003020847040505759,-12.35717376600426
0.283256622544965,2.530034109192577,0.05584890091198602,-21.07204111418309
1.620577875742307,1.388333734094147,0.11934334686693,-58.86143783361073
9.555848176237971e-17,9.31845764212672,0.001134284369157024,-10.21431376333381
1.028145822447522e-15,6.2291619838918,0.006283159628121759,-75.00636664634015
0.3790360989620732,2.660615032197171,0.05143047734888206,-35.22448548143502
0.2481330821380479,3.254334086831463,0.03561743306913778,-23.71059764100536
0.2064272962966815,4.517775682555577,0.01677220769546867,-14.64075633200253
1.470768720231983,0.6525010941423801,0.2096099450116378,-41.50118099310251
1,0,1,0
0.9474386799380811,0.01178971455490796,0.4567676330635381,-32.88036813328069
1,0,1,0
5.840566125974614e-16,6.552453077899202,0.005236982756147368,-12.43819513002689
6.728744545674702e-16,8.505977842024947,0.001769908176354307,-19.38180913792959
1,0,1,0
1,0,1,0
0.2295431754762892,3.755239864046629,0.02632112110178497,-21.81872476700136
1.028145822447522e-15,8.505962216458357,0.001769923375038673,-32.64646552335044
0.4106251479160747,2.170196316244706,0.07035413518143324,-20.60120866630118
1,0,1,0
0.6208145567601911,0.8008167057857349,0.185424650053908,-45.13635130004482
3.17603086687411e-16,7.261539329727292,0.003522344155970858,-14.81717347786539
1.028145822447522e-15,7.529469815935101,0.00303488838662358,-34.19125130314553
5.840566125974614e-16,10.25966740081581,0.0006798509564391875,-17.90278189814759
6.728744545674702e-16,6.410377200940552,0.005672765564222026,-27.72155432836763
6.728744545674702e-16,4.199996549190665,0.02021203079678247,-12.72220371982076
0.229346060423042,3.760888402031554,0.02623234807574021,-21.42012659787185
6.728744545674702e-16,9.675763637244181,0.0009335732447582901,-22.25633534384646
2.287852447174094e-16,6.426932513911659,0.005620127006979059,-20.5154475915148
2.804502661847769e-15,7.261469858390882,0.003522480412313511,-54.09910030991057
1,0,1,0
5.840566125974614e-16,8.402604642436316,0.00187341886914455,-16.10543757168913
0.4755655028853807,0.7167339384899449,0.1986086653702835,-25.42990749852179
6.728744545674702e-16,9.318061643865192,0.001134529541554907,-32.1480891331796
1,0,1,0
0.9477608952598556,0.01164010052470132,0.4570417534468998,-44.69234198865441
0.472365897721456,1.459430465964765,0.1135103806832363,-27.43720437480482
1,0,1,0
0.9524827656598118,0.01197413620019461,0.4564321491346994,-87.63039110573432
1,0,1,0
0.2358496541566109,3.573055218540958,0.02936208665556622,-16.00494208638156
1,0,1,0
1.616193350568131,1.374176474658697,0.1205478008807868,-66.61008945610526
0.1865984047696055,5.340684058379907,0.01041664818461846,-21.18461179457842
1,0,1,0
0.8202739890165041,0.1344059394032371,0.3569534237197636,-53.51711181225943
9.682324783204268e-17,5.16758601164814,0.01150608629488398,-8.159423353558779
0.235793976838699,3.573449540909664,0.02935511593386914,-32.38147789142975
3.17603086687411e-16,10.69072263971473,0.0005383706896085472,-11.32666638438663
0.2376528641022697,3.527648870313069,0.03017665698415595,-14.72021211743775
0.1893166174407893,5.21506597054865,0.01119599869424492,-38.57604550240949
0.2784621640138031,2.616328869805365,0.05288444383043139,-14.22736738509896
2.324671368669126,5.979580354877811,0.00723622266925894,-103.8047959167846
3.17603086687411e-16,8.914604686068284,0.001414495216311873,-12.27864117700494
1.218405781430201,0.2178812158390286,0.3203295447652205,-48.33371306361202
3.17603086687411e-16,10.25926008052917,0.0006800010767781806,-17.74819114760575
2.195622671040865,5.27863884496233,0.01079430943862542,-72.92790650959115
3.17603086687411e-16,7.262072990926995,0.003521297648815924,-26.50738513237803
1.680543311957126,1.585939992404377,0.1039535780372313,-65.21581207887523
1.606070815891786,1.531878495531032,0.1079153674627739,-69.21819061052848
3.17603086687411e-16,10.54596893460613,0.0005822088174755047,-12.38759412938778
1,0,1,0
3.17603086687411e-16,7.065060051788947,0.003930083943444906,-10.99357966705881
5.840566125974614e-16,10.54588940164653,0.0005822338708001973,-18.19953654393397
9.555848176237971e-17,9.903255436584608,0.0008249332806542498,-25.6896568203094
4.936130869128893e-15,4.139194474264784,0.02095055201616064,-34.72859104614631
3.17603086687411e-16,8.463953173894126,0.001811268380914222,-22.72407769645541
1,0,1,0
1.028145822447522e-15,4.370028770405284,0.01828818717797981,-23.6740856972121
0.4805854454152239,1.386320455873467,0.1195137353567812,-21.85511418787119
0.477579375810014,1.414607691613853,0.1171464968819667,-38.92396020428778
1.469405306019192,0.3905477102024264,0.2660058212595176,-32.58427474356407
0.4743321790332096,1.441067829877205,0.1149833102897806,-21.18608429632418
0.5727226956737659,0.7515813476672193,0.1929880140951207,-21.79827536076265
0.2480782108673366,3.256585595756398,0.03556855281077786,-19.15170015856477
9.682324783204268e-17,6.552453039562899,0.005236982868981721,-22.24225803877912
1,0,1,0
9.682324783204268e-17,9.675762868554791,0.0009335736353500157,-18.61621665627633
4.004808294513406e-15,4.357572038216858,0.01842239124430189,-41.82334478980273
6.728744545674702e-16,8.464117754663476,0.001811104499964244,-24.29879195132394
0.6893009820482108,0.4696568640147802,0.2465725347689282,-52.87095265840514
5.840566125974614e-16,8.402605140577215,0.001873418355783585,-31.57442165926038
0.1569150982773072,7.01621731418696,0.004038734832856217,-12.75638587278506
1,0,1,0
2.731941657024047e-16,8.46422088209345,0.001811001818730174,-12.06943276211052
5.840566125974614e-16,8.464135687130565,0.001811086644659343,-18.09901047996309
0.2139748023214139,4.245742993920409,0.01967442418949183,-18.61736519009346
1.160876175158797,0.06323403975867592,0.4007277755585417,-25.31467458556675
1,0,1,0
1,0,1,0
1,0,1,0
5.840566125974614e-16,4.372781886470861,0.01825866451686303,-21.63364213165524
9.682324783204268e-17,6.55245307730447,0.005236982757897857,-17.45343808682789
1,0,1,0
1,0,1,0
9.682324783204268e-17,11.0225602998033,0.0004500483206081318,-41.43582838495775
6.728744545674702e-16,8.707614234914104,0.001584418254167275,-37.20314379767508
0.2331903604137117,3.652555311819349,0.02799162866108096,-24.43665363824091
3.17603086687411e-16,8.567571366842081,0.001711016616352146,-12.90336884379869
1.028145822447522e-15,8.505962207433456,0.00176992338381704,-51.6766842146949
0.9097125875956066,0.04600783824147925,0.4150807752916372,-86.6360098219852
1.028145822447522e-15,8.402604562351172,0.001873418951676586,-58.01621543060467
0.4105898090088086,2.170701590570893,0.07033102382078343,-21.73667578057327
0.4924101369145435,1.283056953601694,0.1286657096986252,-27.64848958193573
3.17603086687411e-16,9.737353717794772,0.0009028032794261565,-11.68072987403013
9.682324783204268e-17,5.168958539297712,0.01149699862741271,-18.07614639558118
2.005306797240533,2.845667636797046,0.04581026427445478,-61.35205688634895
2.265772876014619,4.112492374865582,0.02128379341471603,-68.08853211526581
3.048213624289126,5.628850705828711,0.008833605550592039,-74.43690287372321
1,0,1,0
3.17603086687411e-16,9.675763637236983,0.0009335732447619538,-20.51909307342175
0.7750728024607892,0.1408723896085888,0.3537076373701221,-27.00879712921622
1.444754971575348,0.5982682976343341,0.2196197564190092,-43.63658421703134
0.3058786277284736,2.162115793794932,0.07072490176652724,-24.01776744009592
3.17603086687411e-16,10.70116035062723,0.0005353418084203532,-21.63753464542672
0.2015883636922102,4.698878591763993,0.01509115222013868,-20.87595606540476
0.7753560969444626,0.2107988781006327,0.3230709854673905,-24.4519563848001
0.2377312075289386,3.525536657589967,0.03021512946714,-37.25898867120362
9.682324783204268e-17,8.707613755939271,0.001584418670469545,-17.46548883092693
3.17603086687411e-16,7.26207299871966,0.003521297633536868,-20.26028025465713
1,0,1,0
1.00011933185553,5.652000822919945e-08,0.4999051557143401,-47.18963198917989
0.2016085233375517,4.698070001985229,0.01509825403201726,-20.53172684694435
0.3790730427525333,2.6600095669029,0.05145005783820389,-23.58526572900709
1,0,1,0
1,0,1,0
0.6253300343064554,0.7753490611422649,0.1892836736663777,-33.90771630764082
9.555848176237971e-17,8.707613354680547,0.001584419019224792,-10.95221017618386
1.56579933489709,1.036733436091183,0.1542912035637621,-61.72660925795249
5.840566125974614e-16,8.505957746420506,0.001769927722981901,-44.33858065531791
3.17603086687411e-16,8.464187129153984,0.0018110354249809,-11.85124946712396
0.2588309759656781,3.010306477374598,0.04136832317429529,-41.58385624087773
3.17603086687411e-16,10.69172743012054,0.0005380783606758199,-19.1315777859646
0.5512731802462579,0.8708067129959289,0.1753660366181524,-43.44103476503386
0.2016602923077138,4.696055056556311,0.01511596637640239,-20.53064682792296
1.179079037400641,0.1280465048296549,0.360233075246246,-46.26858351387491
0.2060590820320577,4.533887868393094,0.01661502117107261,-29.73116900784722
0.8165033805096347,0.1751817632967914,0.3377735401759587,-32.16491477041573
5.840566125974614e-16,10.25776969427944,0.0006805506536742834,-22.71494179706579
4.524832445942615,27.43930645602012,8.105136922731404e-08,-122.481366000707
0.518013688235892,1.082864758221461,0.149028786480599,-42.52435117300941
0.2359618483263864,3.580397342678985,0.02923258266999901,-14.6547377016667
9.682324783204268e-17,10.54584750203253,0.0005822470698503834,-16.92103897995856
3.17603086687411e-16,9.904654450628371,0.0008243064050966753,-19.26925534145219
0.4057791061030597,2.2376625977546,0.06734221959645453,-18.41784545407327
1,0,1,0
2.287852447174094e-16,7.714796339248828,0.002738501917103786,-14.67131662874409
0.3021592165429195,2.216294386726133,0.06828024188482318,-16.83025883031427
1,0,1,0
3.17603086687411e-16,8.402604223604367,0.001873419300773449,-11.49188697724616
1,0,1,0
9.682324783204268e-17,8.707613353200969,0.001584419020510763,-23.73864499457503
0.7465572932390137,0.2812307755181109,0.2979478276948765,-38.00383053965112
9.682324783204268e-17,8.505962122994319,0.00176992346594973,-56.02460034043318
9.555848176237971e-17,10.69117056745476,0.0005382403518068291,-12.01979352745751
3.17603086687411e-16,9.737379484306622,0.0009027906241202421,-12.37354777276965
0.3976915317816223,2.356744336013733,0.0623711413972981,-19.76859975823162
4.730343101349462e-16,7.537824794548733,0.003020846920382736,-13.45678643409021
1,0,1,0
2.731941657024047e-16,7.714834117049993,0.00273844461070194,-11.09246185594758
0.4727349911278538,1.455981836532523,0.1137852681518592,-27.76154204629804
3.17603086687411e-16,10.54592211016197,0.0005822235673038634,-11.18696637667438
9.555848176237971e-17,8.402604223593499,0.001873419300784662,-14.65566339261327
9.555848176237971e-17,11.04605823407076,0.0004443797915441583,-24.14729978205574
3.17603086687411e-16,8.463899436020306,0.001811321893553097,-22.2981626373278
1.028145822447522e-15,4.200370442527301,0.02020757489707847,-20.24081250121029
2.731941657024047e-16,7.714862298373284,0.002738401862312556,-12.48110330930851
9.682324783204268e-17,9.675763637243293,0.0009335732447587342,-18.58732156253049
2.731941657024047e-16,8.505977849527362,0.001769908169056866,-11.99413155269949
9.682324783204268e-17,10.08773796908452,0.0007462960913569572,-28.43303443041328
2.287852447174094e-16,11.04788697364388,0.0004439416739531743,-28.76394513160424
1,0,1,0
9.682324783204268e-17,7.065197208179555,0.003929783084524685,-12.8228205043289
1,0,1,0
0.3978396604474524,2.354471305055128,0.06246211601601209,-20.90512616965262
2.663086577706443,5.62756396848178,0.008840092421398604,-95.62315585224276
0.5696704596049181,1.15047472338059,0.1417248977549164,-27.41855627814555
9.682324783204268e-17,11.04158055505815,0.0004454543711104875,-33.28079634115758
0.4969781253416266,1.244083218319005,0.1323427834167996,-20.9740806181869
1,0,1,0
1,0,1,0
0.1986470944596644,4.812955556816991,0.01412327992776802,-12.87521112721689
0.3141870606234544,4.083261798166369,0.02165498808277505,-21.46332592675963
0.4037646223520235,2.267982536290788,0.06603586524198857,-43.46319554493002
1,0,1,0
3.17603086687411e-16,9.737294172760123,0.0009028325258509939,-11.05734272342839
0.6206186503332214,0.8019693344400736,0.1852526112279523,-29.70660137896812
0.234926403924896,3.607715993954152,0.02875602724913517,-16.51012549755651
2.287852447174094e-16,7.714727830868839,0.002738605842861119,-26.5928987894034
0.1809372518337804,5.614073161408193,0.008908400830315966,-26.91988017624541
1,0,1,0
3.17603086687411e-16,8.914491000527562,0.001414583273775805,-16.08327866435192
0.9872444928471318,0.0006587781905977863,0.4897616024134379,-42.06332157090726
3.17603086687411e-16,7.261274047778095,0.003522864490878241,-21.41088643390525
0.4283016742820059,1.93770718169236,0.08195885059583258,-20.26321344121505
3.17603086687411e-16,8.914613946186517,0.001414488043942841,-12.96412708771068
2.287852447174094e-16,7.71468956108577,0.002738663899059857,-20.08893235703661
5.840566125974614e-16,8.402605140583368,0.001873418355777257,-17.18340598964138
1,0,1,0
5.840566125974614e-16,8.464134528298615,0.001811087798499533,-18.09356937837249
9.555848176237971e-17,10.69058779145882,0.0005384099339421078,-11.68531430126665
1,0,1,0
9.682324783204268e-17,7.714824814313495,0.002738458722218562,-17.62827624264322
0.234937940049114,3.607396788035381,0.02876154768699124,-30.65004079664643
0.9487017676736905,0.01120953344553755,0.4578407314520778,-46.05947763175399
1,0,1,0
0.4966561732950771,1.246698056170665,0.1320920345178815,-19.06533233930703
1,0,1,0
3.17603086687411e-16,7.063449656803812,0.00393361818203819,-8.592823926798264
3.17603086687411e-16,5.168982297479317,0.01149684138721557,-11.25579266997485
5.840566125974614e-16,8.464058050537687,0.001811163948477246,-10.05822035660025
0.2294162919479565,3.758860607594229,0.02626418059277263,-37.64544377347609
1,0,1,0
0.1948104067012821,4.969283609002503,0.01290066597782508,-35.11986926711261
0.518820420159369,1.076460882754219,0.1497453159865593,-42.97851003684089
0.2376457214999995,3.527835486450719,0.0301732604079144,-28.51336370029293
2.804502661847769e-15,6.552452210022324,0.00523698531054928,-43.38708316243653
3.17603086687411e-16,11.04784742082055,0.0004439511451411748,-16.18924476868099
1.038014329214585,0.006838319563584605,0.4670473752102587,-58.9210877088745
9.555848176237971e-17,8.914545198411332,0.00141454129300056,-17.90281717013628
2.731941657024047e-16,8.505977849590494,0.001769908168995471,-13.95057868762182
9.682324783204268e-17,9.902856304829811,0.0008251122136687661,-19.27372606275878
2.731941657024047e-16,6.552453069531776,0.005236982780775001,-10.82432060742615
0.2294287036159967,3.758474582043185,0.02627024509088427,-19.19727830154998
9.682324783204268e-17,8.045263578087166,0.002281139003370125,-21.89665445871015
5.840566125974614e-16,5.168958505984911,0.01149699884789035,-18.0754417983367
1.605196328355359,1.530382419084347,0.1080275297972952,-54.75964591896608
2.731941657024047e-16,8.402605140518126,0.001873418355844481,-19.93921576642801
5.840566125974614e-16,4.204643773089643,0.02015672036729238,-28.32426876112564
9.682324783204268e-17,8.045392402330243,0.002280976790608902,-25.74071290306513
9.682324783204268e-17,4.363376562412938,0.01835972767721095,-28.55472181664706
1,0,1,0
3.17603086687411e-16,8.402604223675535,0.001873419300700119,-13.26414594562043
6.728744545674702e-16,10.70678832506897,0.000533715805444257,-32.31977543273072
1,0,1,0
6.728744545674702e-16,6.731687081445955,0.004735748762643543,-28.10593434342783
5.840566125974614e-16,8.464136149879856,0.001811086183903632,-25.74152152315294
0.2294167401671889,3.758857518738829,0.02626422911310333,-31.24637173944545
1,0,1,0
0.2142155915992577,4.23616670258378,0.0197857086772748,-21.64484751909155
0.7476060594261148,0.2783970992949207,0.2988768721341513,-43.41559841026263
1,0,1,0
1.028145822447522e-15,8.402605140583361,0.001873418355777257,-33.7814301808076
1,0,1,0
3.17603086687411e-16,11.04585318534205,0.0004444289430351467,-28.65290056902073
1,0,1,0
9.555848176237971e-17,7.063432861656427,0.003933655058474039,-8.388130184908439
5.840566125974614e-16,10.90540508965073,0.0004794203450401158,-59.70607286803604
4.004733053112191e-17,9.551078274583853,0.000999159973270991,-5.765328480216486
9.555848176237971e-17,9.796299583636507,0.0008743169394321848,-8.800367834887529
1.028145822447522e-15,9.551078436241554,0.0009991598852756023,-34.25851246748633
2.287852447174094e-16,10.9055167633288,0.0004793914436903579,-25.57925030847106
3.17603086687411e-16,6.973976696522779,0.004135175080984765,-10.71628890109467
5.114956077737342e-17,9.915769561875669,0.0008193430207626973,-3.839298743729375
4.004733053112191e-17,9.19848488204236,0.001211077618790746,-4.698892337801666
3.17603086687411e-16,8.355129035162607,0.001923000773617178,-4.891702861822046
9.682324783204268e-17,10.90517838874818,0.0004794790210621014,-29.89090448455593
1.028145822447522e-15,4.276501802995584,0.01932140069807137,-4.56959031923639
0.2170186889211315,4.141729924391228,0.0209191960031746,-37.94355876679848
5.840566125974614e-16,10.55743064606434,0.0005786096955920361,-23.73791895848188
3.17603086687411e-16,12.55899438215534,0.0001971519379719289,-4.048682868625353
2.263179065293546,5.117745443021505,0.01184118297064241,-90.87717720886545
0.2077583494468149,4.46383628264007,0.0173098319921316,-15.37592345879399
9.555848176237971e-17,10.90551677045297,0.000479391441846666,-6.112336925634164
1.028145822447522e-15,4.276501802995584,0.01932140069807137,-4.56959031923639
9.682324783204268e-17,6.468012072253728,0.005491666146339891,-10.61586056602071
9.555848176237971e-17,10.90551677045297,0.000479391441846666,-6.112336925634164
0.2865820647819481,2.471636853766725,0.05795857605981153,-16.93431414855448
0.1972873248546459,4.871893058618994,0.01364876977404528,-35.01923139309068
9.682324783204268e-17,8.456904702681165,0.001818301051827842,-23.56717683028223
1.583552886659805,0.7244079220611326,0.1973509130643928,-46.73218260626911
3.17603086687411e-16,8.355077513112846,0.001923055300374066,-11.13859743801456
0.5583109354637787,0.8302120231211774,0.1811056137655673,-37.55371846920571
0.2170102604128303,4.141809917609223,0.02091820752668938,-59.02960537977922
9.555848176237971e-17,10.56404072235183,0.0005765442912796792,-31.94925986870781
0.2079704072128185,4.461346692987419,0.017335076963926,-36.60054293081653
9.555848176237971e-17,10.55251202851154,0.0005801514380237571,-5.584121191341273
9.555848176237971e-17,5.102442756828591,0.01194608697220256,-5.228697432299981
4.004733053112191e-17,9.551078274583853,0.000999159973270991,-5.765328480216486
9.555848176237971e-17,9.55107827458427,0.000999159973270769,-12.87035310945977
3.17603086687411e-16,9.611807563356191,0.0009666512716336451,-11.03739694055504
2.731941657024047e-16,7.440657003731854,0.003188330372315362,-15.53042366432109
0.2513452443864704,3.178308732555195,0.03731096532049699,-19.58544750186905
9.555848176237971e-17,10.41012387973726,0.0006266316832966301,-5.772365227167965
5.840566125974614e-16,8.294323287701715,0.001988459850196522,-31.83455633224295
9.555848176237971e-17,5.102442756828591,0.01194608697220256,-5.228697432299981
0.2091066258582232,4.419693429347323,0.01776320935428183,-14.82690083537132
0.2091250375002474,4.419033796297256,0.01777007766600186,-27.91718460917935
9.555848176237971e-17,7.615443057405098,0.002893526941789626,-11.97791650967318
0.2085107787460532,4.43953404327037,0.01755791514301636,-24.33243812734484
9.555848176237971e-17,5.102442756828591,0.01194608697220256,-5.228697432299981
0.2621838668141962,2.937543003797494,0.04327114072450161,-13.615982387925
3.17603086687411e-16,8.353344411545997,0.001924890391025003,-14.30600829630622
0.1830977890427595,5.507677894234725,0.009466583835518627,-29.36353873190208
5.840566125974614e-16,7.940119405152828,0.00241753220502583,-25.79650251495926
6.728744545674702e-16,4.146329449353679,0.02086243929916687,-29.09622953038104
5.840566125974614e-16,8.354819318025804,0.00192332857679528,-21.61242782170072
0.598637152055924,0.6097428010539119,0.2174423332835655,-55.32954851073049
5.840566125974614e-16,4.304100798420542,0.01901029499561996,-15.85464090709731
0.262164628086804,2.937018554022401,0.04328519436459999,-33.23801673858237
0.3682204321728381,2.856590087443934,0.04550010977254632,-24.65677727451543
5.114956077737342e-17,7.94177423731823,0.002415322454716207,-4.393677460316472
5.840566125974614e-16,8.294323020598256,0.00198846014266546,-16.24334274584551
9.682324783204268e-17,8.354902689974224,0.001923240330721609,-22.73219352093603
0.6530723588253944,0.6272816195305211,0.2141770952244792,-34.03742708993506
3.17603086687411e-16,7.941703145391152,0.002415417343726134,-10.40417819889932
9.682324783204268e-17,6.973977407282653,0.004135173438570006,-24.11275417072591
5.840566125974614e-16,8.457083848936968,0.001818121963692798,-18.91299248072971
5.840566125974614e-16,5.100822796903806,0.0119572485163143,-26.61312647930239
3.17603086687411e-16,7.615430956354547,0.002893546358899823,-11.76487231472437
5.840566125974614e-16,9.182127561262313,0.001221948859873923,-18.94107521642739
9.682324783204268e-17,7.927570218544226,0.00243435670678166,-17.22091414051306
3.17603086687411e-16,9.182056293687381,0.001221996441064521,-10.19500845635503
9.682324783204268e-17,6.961223996967234,0.004164751553997814,-21.9467630962819
0.6343786307621848,0.4829895792097503,0.2435356358531894,-22.51727378890199
0.2174057748254873,4.128978812167844,0.02107739080232301,-27.30621892169644
0.2327377561803,3.663502760587086,0.02780829615928043,-28.56182796510069
3.17603086687411e-16,9.182056731020559,0.001221996149076976,-17.12979632919151
5.840566125974614e-16,10.88480080559714,0.0004847830352090465,-30.24838348829368
9.555848176237971e-17,9.758173722569708,0.0008926358579721128,-10.53538969489056
0.790648123060655,0.1782285767737335,0.3364500070299076,-45.96379895873767
5.840566125974614e-16,5.093655030770083,0.0120067644971204,-12.58723939300229
0.6261690487857261,0.7690050384116986,0.190262513894447,-25.56014379176019
0.5392438534696193,0.9442981541827891,0.165587456155713,-37.37473784005025
9.555848176237971e-17,9.182308048569187,0.001221828367467592,-12.77370341431858
3.17603086687411e-16,7.927688850019019,0.002434197102166413,-4.391391503861279
3.17603086687411e-16,6.456544333597549,0.00552722108810394,-11.50446517379225
1.028145822447522e-15,8.580165281809045,0.001699222606524331,-32.18634047106315
0.2174581368958939,4.127363806841018,0.02109751665008336,-23.27398195171543
5.840566125974614e-16,9.59469427484602,0.0009757020640992486,-24.33609344810571
0.2412547264714587,3.432377602230403,0.03196500125465784,-33.0524292223396
3.17603086687411e-16,7.894656165131673,0.002479053113762453,-4.386030586903201
0.405642448549793,2.239293181023257,0.06727123446683009,-20.0098823240101
5.840566125974614e-16,9.554743963681609,0.0009971666413919889,-24.55827638201548
2.287852447174094e-16,7.390330935627283,0.003278771120245771,-29.55752754560039
0.47043881158283,0.7412663318803716,0.1946277643300149,-14.2624701861528
9.555848176237971e-17,6.28994005493113,0.006071257905511107,-11.32062136754579
9.682324783204268e-17,6.429650201596242,0.00561153398042169,-11.71163034956233
6.728744545674702e-16,8.291411169803624,0.001991651119674476,-33.21678551336312
1.028145822447522e-15,9.463223351769884,0.001048161863499431,-50.51091415112086
2.731941657024047e-16,9.091491083784451,0.001284007107184237,-12.05810077699141
0.5444748728944466,0.9117252152953199,0.1698285412125245,-40.33270839456797
0.2726340703817419,2.728780891913921,0.04927724438692332,-31.36820444410352
9.555848176237971e-17,8.495356629453882,0.001780269896969888,-5.939097538897186
0.2115686476549042,4.331936885198516,0.01870183006207171,-33.60185815418092
2.804502661847769e-15,4.098409746133598,0.02146178418542893,-57.857332926113
3.17603086687411e-16,9.091267564872233,0.001284164039187907,-28.92981870731579
1.028145822447522e-15,8.257467186305007,0.00202923560924162,-34.71442138102476
3.17603086687411e-16,5.043006438104975,0.01236277145301634,-11.6287504925885
3.17603086687411e-16,8.358364617441474,0.001919579644700631,-9.963943298753877
2.731941657024047e-16,8.197775324345351,0.002097089311205891,-15.94404512923949
5.840566125974614e-16,7.526572330685603,0.003039773469488305,-19.10832115178257
3.17603086687411e-16,9.499773596779015,0.001027486261706456,-30.85803970001711
1.028145822447522e-15,4.09755415116129,0.02147264838676516,-25.64121580377584
4.730343101349462e-16,8.197775922565349,0.002097088619743448,-13.32900714271733
3.17603086687411e-16,9.499806130015948,0.001027468043853674,-16.64634060232171
9.555848176237971e-17,6.253344384205596,0.006197952414417451,-5.810889011579589
5.114956077737342e-17,9.09138197778255,0.001284083707771222,-4.683877826233859
3.17603086687411e-16,12.41281424668234,0.0002131988977938093,-4.048682868625353
0.2419083463287422,3.411960349623726,0.03236275618085716,-14.43793396460943
9.555848176237971e-17,7.849194248115545,0.002542168126460631,-17.88861061793329
1.028145822447522e-15,4.09863050017816,0.02145898202583019,-62.96461711693827
3.17603086687411e-16,6.892835121846087,0.004327095180522489,-10.61816209308401
5.114956077737342e-17,9.09138197778255,0.001284083707771222,-4.683877826233859
0.5094224825019219,1.146878907755614,0.1421017289517545,-20.10694422860061
0.2435629946303926,3.372984048849588,0.03313680664776181,-27.95175129013532
1.023742020205883,0.002168333285837321,0.4814298181079553,-52.08993806037822
9.682324783204268e-17,7.849259123302893,0.002542076902832535,-16.50459047207888
0.7960900348568392,0.1117884937235587,0.3690585383785703,-31.55032880421851
1.028145822447522e-15,4.10018662003052,0.02143924020202648,-29.83301894080187
5.840566125974614e-16,10.00129201804066,0.0007821521926495434,-39.84160033748368
9.555848176237971e-17,9.091358249828822,0.001284100367186347,-11.79180999828158
9.555848176237971e-17,8.257821748184041,0.002028839313588993,-4.873931423436312
5.840566125974614e-16,9.439933844269206,0.001061555763121946,-21.858411134572
3.17603086687411e-16,9.09144304806938,0.001284040831283251,-11.35267910648264
3.17603086687411e-16,9.499979803251701,0.001027370796439331,-5.179146300921506
0.3219773742244753,3.873812474684023,0.02452249710048526,-21.66687518312485
5.840566125974614e-16,10.77836424142143,0.0005134669697378635,-32.63910406587716
3.17603086687411e-16,8.257796005660261,0.002028868083489843,-11.81465557482109
5.840566125974614e-16,10.77858774808104,0.0005134049720440514,-37.33687076019767
3.17603086687411e-16,8.697207283496141,0.001593489771695822,-22.49942748122716
9.555848176237971e-17,6.893049461915355,0.004326576383213043,-5.970916550642893
5.840566125974614e-16,7.849245363941737,0.002542096250148729,-11.48899229732554
6.740639792367023e-18,9.800292901227625,0.000872420383162209,-3.835226661635973
1.028145822447522e-15,6.392708197681756,0.005729503616043463,-37.54953025901232
3.17603086687411e-16,8.35860370705954,0.001919327090118494,-10.91265455194774
9.555848176237971e-17,7.849221631960059,0.002542129620521083,-10.79450793992836
9.555848176237971e-17,8.697329922087231,0.001593382563521484,-12.02496491735159
0.4211329860866969,2.028766753993885,0.07717290347084332,-18.62496813301961
9.555848176237971e-17,8.257821748184041,0.002028839313588993,-4.873931423436312
1.064813777462668,0.01920973984499597,0.4448834354758374,-64.47618254122582
5.840566125974614e-16,8.697323437104636,0.001593388232378479,-18.35196168862916
0.2035383084259327,4.620258804797935,0.01579823525056145,-12.43528554022855
0.1917166635523158,5.109258395011388,0.0118992453962361,-26.13783611434685
0.3196855839494296,1.968675694759924,0.08029424987250328,-15.98756023856616
5.840566125974614e-16,7.925508161388535,0.002437132664666275,-29.10136585065077
0.2067341929908142,4.502842880088124,0.0169192758413676,-22.39805349038872
9.555848176237971e-17,8.257821748184041,0.002028839313588993,-4.873931423436312
0.1914155344161897,5.122439757103265,0.01180919405826086,-40.22041671393518
9.555848176237971e-17,8.19777592264942,0.002097088619646248,-21.14510905493785
2.731941657024047e-16,6.392708189707289,0.005729503641781819,-12.18336452743282
1.065841010641695,0.01977168509510818,0.4440883033633707,-56.82817567488274
5.840566125974614e-16,8.358551779148812,0.001919381939613218,-17.58672444535817
2.443887660580296,6.599780360884012,0.005099567420748075,-81.44155451562352
0.2350613900264439,3.598539366281699,0.028915180238827,-42.06785274129782
9.682324783204268e-17,6.392708197791784,0.005729503615688358,-17.41073282530184
9.682324783204268e-17,9.906668997022926,0.000823404567146746,-20.99003548629998
0.2101922560202521,4.376783670700902,0.01821584087499134,-24.42228381810658
3.17603086687411e-16,9.091262875295193,0.001284167331935371,-10.17983756327133
9.555848176237971e-17,9.439933077268027,0.001061556207074044,-12.85430234978365
1.028145822447522e-15,3.959798598919562,0.02329963920749456,-37.34975343335112
3.17603086687411e-16,8.257751815157981,0.002028917471859792,-10.63854854039016
6.728744545674702e-16,8.257700200586825,0.002028975159097002,-16.75284227731128
6.728744545674702e-16,8.651679065087208,0.001633800480435266,-44.46184131239143
0.2898818521926525,2.415055148050229,0.06008686895003068,-39.59134492336291
0.3963541479024095,1.189999839689065,0.1376647943414474,-23.93730055421177
0.2652745903115752,2.87222395340121,0.04506012941323279,-25.57974949869902
0.5095519686103123,1.145420743521726,0.142254902083302,-70.90325294923765
0.1912038817298435,5.130528240687489,0.01175428601533424,-26.87450721763166
0.7076337964098847,0.4019050103832669,0.2630535333236176,-28.77382037425946
3.17603086687411e-16,9.091514812401034,0.001283990448531891,-12.75102209193096
1.028145822447522e-15,4.288142626484941,0.01918953536104756,-41.02661100143124
0.2542534557868877,3.110592828242901,0.03889232176687873,-27.25997678864627
0.3193136147327991,1.973626527841425,0.08003172607464437,-20.44767497351684
0.7446056106040424,0.3827511185130561,0.2680672747689573,-70.33288445810688
5.840566125974614e-16,6.392708197884883,0.005729503615387876,-12.3947092374495
4.004733053112191e-17,7.849269035024262,0.00254206296585352,-4.378662948748665
0.8443583040444697,0.1204801825114004,0.3642571376900621,-46.6796495294805
1.028145822447522e-15,4.226772269813058,0.01989552167745617,-4.56959031923639
0.2653046462079412,2.871619005545053,0.04507706818471752,-14.96818035296834
0.977856777970008,0.001006330283530588,0.4873465923105163,-44.17693730838528
1.028145822447522e-15,4.226772269813058,0.01989552167745617,-4.56959031923639
2.509897052099161e-16,7.526786187061758,0.003039412639242289,-5.497088921797196
1.345743833829812e-16,7.085109063890599,0.00388635443646651,-6.679428200549093
9.555848176237971e-17,6.893016157232665,0.004326656991026578,-5.627502355982545
9.555848176237971e-17,9.439933844272993,0.001061555763119726,-6.614781076358263
1.439467482679273,0.8187515178513394,0.1827727228676103,-52.72390580317916
0.3196133704189926,1.969634868436287,0.0802433120102734,-25.723589993863
4.730343101349462e-16,8.697339308539668,0.001593374358376698,-12.71844754012869
0.2898763935581646,2.415261009045388,0.06007897059876455,-15.1973261953512
1.028145822447522e-15,4.26564486615473,0.01944524269532566,-32.94374295366119
0.2717834423649995,2.745453511006723,0.0487657010491071,-29.5887469310489
3.17603086687411e-16,8.697348679810641,0.001593366166545596,-5.778547804917558
0.4706738746769315,1.477261829146222,0.112101713244242,-21.58945328918348
1.498408940171648,0.9994556837291526,0.1587211261881322,-48.1565063320274
5.840566125974614e-16,4.266262223768845,0.01943817840110995,-14.30667037093623
1.738688558207614e-15,4.259014417845975,0.01952128349052012,-16.74297390182667
5.840566125974614e-16,10.77787653223503,0.0005136022798916673,-11.83748834430827
0.5805016707150643,0.712465845968147,0.1993132121341815,-28.13519663164234
0.2655604157237402,2.864553096844318,0.0452754288224772,-43.09677776926183
0.1610545044360861,6.741316404641047,0.004710254266991676,-12.7290126270852
1.028145822447522e-15,4.221054702340114,0.01996266811012559,-4.56959031923639
0.2120291696682799,4.315777541169069,0.01888025533858417,-37.2232841829306
3.17603086687411e-16,8.679885751953694,0.001608705775680452,-6.118503308713287
3.17603086687411e-16,5.032917834147005,0.0124349826948742,-5.211120528501117
0.5106898175552782,1.136855110697496,0.1431589202959513,-82.7107546707248
9.555848176237971e-17,10.75692453127856,0.0005194493894265517,-6.429360210686849
0.242219601264436,3.403863457954017,0.03252195362795862,-19.79835561066816
2.287852447174094e-16,7.511635313664247,0.003065084486004954,-11.73903029401059
0.400331364065764,2.318854306079615,0.06390706759562809,-47.39661784438736
3.17603086687411e-16,8.567435843288928,0.001711143983649077,-6.096251265456023
0.2453587257725726,3.324247359960253,0.03413262657511129,-25.31675377883499
4.730343101349462e-16,7.414308227910404,0.003235359453137077,-5.470971222598385
0.2332270320670103,3.65180537645989,0.02800423435950999,-16.5875879337074
4.730343101349462e-16,7.414308227910404,0.003235359453137077,-5.470971222598385