dN/dS,LRT,p-value,Log(L)
1.028145822447522e-15,1.790849400152709,0.09041135315125437,-4.143912801026026
4.936130869128893e-15,1.154982737199299,0.1412542561182346,-4.06121362422718
4.936130869128893e-15,1.132611876794396,0.1436094529492781,-11.86846218851703
4.162828811893032e-17,1.139922085127095,0.1428343959903521,-4.219179392818178
4.162828811893032e-17,1.139919615911833,0.1428346568885062,-4.154154916365504
3.17603086687411e-16,1.279105459165805,0.1290327131728135,-4.597826501285065
2.804502661847769e-15,0.7355719790997313,0.1955415169414569,-4.863701666447102
9.555848176237971e-17,1.42715825748515,0.1161143864226075,-4.194208680182887
4.095058627148264,2.573819210685095,0.05432257257001238,-23.40136204446704
5.530124505124256,5.246447785658283,0.01099581067378991,-25.02492932671812
2.449231293967717e-15,0.6866686343429187,0.203649909185359,-13.15555354077899
1.613901872992326,0.1947494070181293,0.3294963888482467,-11.96018080959752
5.840566125974614e-16,0.6922026601437636,0.2027080917011139,-5.339405865373297
3.397720200437721e-16,1.229902258417177,0.1337130236910378,-4.471045498731119
2.731941657034225e-16,1.15365434930821,0.14139273549332,-4.45307073062644
3.197138628545772,1.87580769158712,0.08540569850180491,-17.2513385431097
0.8780455848390254,0.01759458266520042,0.4472372399771481,-12.90062957289932
9.682324783204268e-17,3.156019200887361,0.03782371944423607,-10.55651103290313
1.298093873673402,0.1244880849819268,0.3621084366310785,-18.13269158348978
0.620491024558765,0.2679163808526255,0.3023664592884889,-18.85654037139968
1,0,1,0
1,0,1,0
2.140515821146085,1.812585742459007,0.08909917843980053,-31.82038598787852
2.397053796703667,2.31181806188637,0.06419689912096388,-29.64154877180248
1,0,1,0
2.616745362290144,2.731356208769739,0.04919784865161153,-47.02158143202101
0.572765289244737,0.3757840588763202,0.2699341091040944,-26.28273071577181
6.728744545674702e-16,3.094044686515822,0.03928963090819759,-23.21671753960681
1.028145822447522e-15,1.889898744983327,0.08460667136484307,-18.49042845185342
1,0,1,0
4.936130869128893e-15,3.039303501570899,0.04063539010187345,-54.97285951380574
1,0,1,0
3.17603086687411e-16,3.50721671224462,0.03055101229649682,-9.75106243414934
1,0,1,0
1,0,1,0
2.415382149006385,2.340874405668984,0.06300939968085872,-62.42694878253416
1.246624683266579,0.09004296636686604,0.3820612699581787,-58.67480113201644
1,0,1,0
6.728744545674702e-16,3.694318275420443,0.02729904479578243,-11.42000264882995
9.682324783204268e-17,3.094044685830937,0.03928963092473131,-16.0365099847263
1.059651924181716,0.006553562303871274,0.4677392375989764,-26.560935183495
1,0,1,0
0.6339973510095595,0.2418256342023746,0.3114453219531408,-12.010992718377
6.728744545674702e-16,3.094044409128163,0.03928963760458676,-11.77451473498058
0.6438280687800164,0.2245852107119646,0.3177841045392016,-21.91151526762777
3.17603086687411e-16,3.094044684401467,0.03928963095923999,-15.13985855616122
0.595938197550413,0.319185654272335,0.2860487241884972,-12.19252677940457
3.17603086687411e-16,3.775934923981183,0.02599741800348476,-11.03270158959653
1,0,1,0
1.292299904261317,0.1202302623175129,0.364392442803078,-23.58640584869102
1,0,1,0
2.804502661847769e-15,3.359373123313723,0.03341175069233249,-27.49405148466953
2.287852447174094e-16,3.094045095205395,0.03928962104206352,-15.81743572334333
1,0,1,0
1,0,1,0
0.6466626605947777,0.2199257175705291,0.3195482618546627,-11.77706161692063
9.682324783204268e-17,3.555574834970326,0.02967287469581437,-10.98667336202834
2.804502661847769e-15,1.891030499029291,0.08454286871903893,-12.19224372975692
0.5957497646218775,0.3199119194042481,0.2858302915017312,-35.11993856076106
2.804502661847769e-15,2.282409678410396,0.06542421842527674,-17.07764539225003
1.054107376412366,0.005427547759808249,0.4706357322259748,-21.64202965053533
0.6955426126912314,0.1487788908979226,0.349852517831476,-11.76232827297502
1,0,1,0
5.840566125974614e-16,3.094044408923637,0.03928963760952425,-12.6530862885613
0.5141116155868179,0.5572495276012397,0.2276852886708973,-12.37245319395606
3.857251922231246,8.463620937628875,0.001811599250414575,-38.31517774883693
1,0,1,0
2.804502661847769e-15,3.427906180168684,0.03205166231751999,-17.27283762732052
0.5298178641733062,0.5022032217301344,0.2392668210689361,-12.39112511386459
1,0,1,0
6.728744545674702e-16,3.225152074143821,0.03625753050459191,-11.33742435342172
1.146736643618146,0.03560714312873614,0.4251645436882299,-22.72932487547707
9.682324783204268e-17,2.280341506860982,0.06551151030912572,-8.038357611204642
1,0,1,0
0.6480908019287533,0.2178075851863497,0.3203577650382318,-19.19152416306467
1,0,1,0
1,0,1,0
9.682324783204268e-17,3.555336687185438,0.02967713285181822,-9.740363275859906
1,0,1,0
1,0,1,0
1,0,1,0
1,0,1,0
0.5129641792204161,0.5609784920671821,0.2269331308862224,-11.38122987908865
1,0,1,0
1,0,1,0
1,0,1,0
1.028145822447522e-15,2.007474325228717,0.07826285706817815,-11.42472312070228
2.287852447174094e-16,3.698755107664965,0.02722654062648461,-10.58442916214997
6.728744545674702e-16,3.775765368008528,0.02600005294115548,-16.74667119083583
2.804502661847769e-15,3.225152074143807,0.03625753050459229,-17.53131346415734
1.727574891571875,0.4995087219213374,0.2398580325557072,-24.24052720837944
1,0,1,0
0.5297809583936702,0.5023240181252824,0.2392403724484546,-14.14268945120742
1.551125244861934,0.4990150732230774,0.2399666052286799,-45.70715028895565
0.6357287062508036,0.2392101105785756,0.3123885987275133,-14.37781084995576
6.728744545674702e-16,2.282415783966812,0.06542396091853675,-11.1748635853454
2.287852447174094e-16,3.373926416993914,0.03311786024773861,-13.20205265113158
0.6348431602210627,0.2402823072527411,0.3120011459809124,-17.07954408284476
0.6310849711903858,0.2473656385948999,0.3094680755415571,-15.15222008602878
1,0,1,0
1,0,1,0
1,0,1,0
1,0,1,0
2.449231293967717e-15,3.359373399457759,0.03341174508949568,-19.68406302376962
9.682324783204268e-17,3.555412520094528,0.02967577686546691,-10.16239068479721
1,0,1,0
0.5132632629186028,0.560289526569612,0.227071805742982,-18.06622190717848
0.6337346847683771,0.2423022421690924,0.3112741183635793,-12.40106839343627
1,0,1,0
0.7270787481503984,0.1127244335240221,0.3685317367070435,-11.58861562736751
1,0,1,0
9.682324783204268e-17,3.376434886973982,0.03306748358969841,-10.74306097677243
1,0,1,0
1,0,1,0
1,0,1,0
1,0,1,0
1,0,1,0
9.682324783204268e-17,3.359373033417789,0.03341175251628026,-12.9697281894108
9.682324783204268e-17,3.225146150471556,0.0362576616834851,-9.953261040615072
0.5298314443618403,0.5021556131123077,0.2392772463870155,-12.15765151734904
1,0,1,0
1.730125201737571,0.7532286127302541,0.1927279770805564,-21.91649744338285
6.728744545674702e-16,2.876800605329901,0.04493220493492484,-11.72005602014311
1,0,1,0
1,0,1,0
1,0,1,0
1.054375780514301,0.002745221166737366,0.4791070355249534,-14.41393976987524
1.195902729995621,0.06005010549699108,0.4032083821391481,-16.95774085161894
1,0,1,0
1.028145822447522e-15,2.434757962850984,0.05933610540899548,-11.28284670620324
6.728744545674702e-16,2.860729681149451,0.04538315805669191,-9.808683430039901
1,0,1,0
0.648851890571432,0.2161880867585211,0.320979941096601,-29.69014472449446
2.804502661847769e-15,1.889808378104057,0.08461176817891847,-18.08291063589449
3.17603086687411e-16,3.555619468556888,0.0296720767057756,-11.68978100791538
1,0,1,0
0.5947523616812699,0.3218729855124955,0.2852421087631916,-12.88310750137698
2.287852447174094e-16,3.376457226048089,0.03306703533031874,-11.25781044738537
1,0,1,0
1.029383962394269,0.001652339199623043,0.4837878698456222,-30.17533419164363
1,0,1,0
1.698514438283717,0.7060390610859741,0.2003809460175742,-32.19542191984774
0.9822144562474707,0.0003235885244734504,0.4928239872773587,-12.45494681298154
1.953597824221697,1.081972381388688,0.1491283697896577,-25.15963024214426
1,0,1,0
1,0,1,0
1.292163219864185,0.1202829239097767,0.3643639190791951,-17.498884939224
4.936130869128893e-15,2.282243400954869,0.06543123174502036,-23.43754263959316
1,0,1,0
2.449231293967717e-15,3.69594162704572,0.02727249320419395,-18.22223572094491
1,0,1,0
1,0,1,0
1,0,1,0
1.734814077892915,0.7595125742795972,0.1917405521878455,-34.85791866946588
5.840566125974614e-16,3.427935882700442,0.0320510858238533,-10.71724865740088
1.919768261466505,1.030284550886023,0.1550459221415261,-25.81086698060617
1.028145822447522e-15,3.733474528091492,0.0266661724441638,-17.46716424395811
2.31615753686438,2.15618209017785,0.07099856206287058,-34.84715468785499
2.804502661847769e-15,2.87678956489232,0.04493251305768331,-21.33185502111081
3.562967773159102,6.559974519456489,0.005214892985024144,-37.5180936781329
3.91504427647065,7.362330481241401,0.003330220459520195,-45.94046851460195
1.028145822447522e-15,3.898408339690871,0.02416593831701835,-10.48853340251797
1,0,1,0
2.287852447174094e-16,3.150019025471739,0.03796303885528063,-11.20937046144445
0.5140219324940849,0.557496415711789,0.2276353685883721,-17.7735551890284
9.682324783204268e-17,3.538842120605683,0.02997364770403432,-10.31530122135727
1,0,1,0
1,0,1,0
1,0,1,0
0.9962348393006187,1.432296839709579e-05,0.4984901787071302,-11.98976481470048
1.361792712807272,0.1719299963862682,0.3392011120890751,-16.18764253083086
1.159268820763045,0.04142619474428955,0.4193587354670987,-28.38364962600351
1.096180462588776,0.008150047268006944,0.4640333051808228,-13.03090549402926
1,0,1,0
2.12052200396256,1.330512480268617,0.1243570337733708,-28.21063147124293
9.682324783204268e-17,3.156006034825587,0.03782402454771572,-10.40443112788679
6.728744545674702e-16,2.751791950306963,0.0485727490054656,-13.45548543665555
5.840566125974614e-16,3.225142197909317,0.03625774921270564,-11.16585727547153
1,0,1,0
4.936130869128893e-15,0.6189668644112913,0.2157157324407613,-33.64069856997035
9.682324783204268e-17,3.376434963041795,0.03306748206329868,-10.7435822139957
5.840566125974614e-16,3.359373030771327,0.03341175256997575,-11.00267835756727
1,0,1,0
1,0,1,0
1,0,1,0
1,0,1,0
1,0,1,0
1,0,1,0
1.915934021258848,1.024536868528322,0.1557226316037958,-22.9528300194983
0.6361831291592596,0.2383941366731186,0.312684183605978,-13.21506449852269
1,0,1,0
0.634184556112528,0.2414859758562784,0.3115674594133827,-13.62899373400368
2.449231293967717e-15,2.007472799562585,0.07826293579039445,-18.72671409361926
1,0,1,0
1,0,1,0
1,0,1,0
1,0,1,0
1,0,1,0
1.148784923378842,0.03658321538837583,0.4241580532850276,-28.27970996686227
1,0,1,0
1,0,1,0
0.5156737760068244,0.5515519084809242,0.2288421388432482,-22.09281697647777
2.804502661847769e-15,3.094044561729106,0.0392896339206617,-36.73204439343164
2.702624523307541,3.611620040343794,0.02868860052176248,-45.2534387224497
2.196276494942099,1.917812805594252,0.08304898800236704,-31.74140779163314
0.5297225599453835,0.5025228486169908,0.2391968485033544,-12.06519002202881
1,0,1,0
1,0,1,0
2.096917764549847,1.726886428743818,0.09440450916992993,-30.24003545326955
4.936130869128893e-15,1.889806226284307,0.0846118895487521,-17.88804834924894
0.7286475530328798,0.1111191885523404,0.3694367678484658,-13.58391309432967
5.840566125974614e-16,3.493544925292909,0.03080426331653902,-9.609384957777657
5.840566125974614e-16,2.282403993440493,0.06542445819445936,-11.02649434987398
0.5748924348027867,0.3702989361138975,0.2714206837358604,-11.16629641102274
1.654485878583708,0.4291442209039076,0.2562045825236057,-20.84610249240867
5.840566125974614e-16,3.701410711144295,0.02718324192896943,-14.80297476396721
1.709922172897125,0.7226228922509179,0.1976424492141878,-23.68449826960233
0.6408625351582286,0.2300681090116967,0.3157366656591281,-9.267156749536882
5.840566125974614e-16,3.094044408940576,0.0392896376091153,-10.54359306179276
0.5981739128856792,0.3144471316771487,0.2874819914362076,-12.14044781209528
1,0,1,0
5.840566125974614e-16,3.094045095206017,0.03928962104204853,-10.74675556029066
1,0,1,0
0.5655787271506969,0.3945199496482772,0.2649665207724593,-11.34464654160378
1,0,1,0
1,0,1,0
1,0,1,0
1,0,1,0
6.728744545674702e-16,3.359372780595891,0.03341175764592264,-18.59765245257202
0.6459027665369879,0.2210421430747687,0.3191235012054298,-19.9587677056398
6.728744545674702e-16,3.225146195505914,0.03625766068620362,-12.16133332780331
1.028145822447522e-15,3.376345802695315,0.03306927123340936,-10.01996625718128
0.6427166279455948,0.226486283267846,0.3170707626466711,-32.81403143229355
1.086503793817502,0.01332047006651038,0.4540583562994825,-17.18061685013938
1,0,1,0
1.131271636729589,0.02907223506718992,0.4323061783717392,-15.12090213553481
2.449231293967717e-15,3.225152052327566,0.03625753098770895,-21.43100001733672
1.106730930624138,0.01980600115115294,0.4440401229874256,-33.12493789186422
0.5955065561040987,0.3204684752501628,0.2856631222354629,-12.24654230433235
1,0,1,0
1.598554923904554,0.5649084979856198,0.2261446335603823,-25.41827685179788
14.78367564481936,79.62163193462032,0,-106.5674971345422
0.6766006326494772,0.1739996060129343,0.3382907105209179,-20.59282122471743
1,0,1,0
4.413476064922453,8.404742515168465,0.001871216993307168,-48.9752336455714
1,0,1,0
3.17603086687411e-16,3.898518210458352,0.02416435788812588,-11.67658306386195
6.728744545674702e-16,3.113920957816813,0.03881293928405932,-9.843653965438913
1,0,1,0
1,0,1,0
1,0,1,0
0.5146373273072826,0.5548411468026053,0.2281731616765151,-11.92948831626227
1,0,1,0
1,0,1,0
9.682324783204268e-17,3.22514619567497,0.03625766068245989,-12.70768343198877
1,0,1,0
1,0,1,0
0.5126244793239062,0.5622310134045954,0.226681363777072,-12.30857932865112
1,0,1,0
1,0,1,0
2.804502661847769e-15,3.113862174307307,0.03881433987359162,-16.69473122833358
0.5937803813171942,0.324085724494104,0.2845812789984502,-20.48608963869487
1.036124842438781,0.002475994332030496,0.4801570745833542,-27.36450735621692
1,0,1,0
9.682324783204268e-17,3.890289496507243,0.02428302572195373,-11.57510814651784
1,0,1,0
1,0,1,0
1,0,1,0
1,0,1,0
2.449231293967717e-15,3.225152074138681,0.03625753050470581,-10.23583297339423
1.028145822447522e-15,3.334503112924104,0.03392044752901857,-22.97541951287983
5.840566125974614e-16,3.890571705201022,0.024278945767152,-11.44469870428152
1,0,1,0
1,0,1,0
0.634159131079241,0.2415322636460644,0.3115508085518924,-11.85518290777242
1.030791024586444,0.001809552687134897,0.483034575996719,-19.14363877216367
1.860717591039328,0.6299761435990803,0.2136820323812689,-17.80496547897915
1.029205665564157,0.001632793010763578,0.4838839925492597,-23.67186369865505
5.840566125974614e-16,3.889862348961266,0.02428920246727118,-10.62284071994282
1.272915994674119,0.1068749081338609,0.3718652254268663,-17.30968271303351
1,0,1,0
1,0,1,0
1,0,1,0
1,0,1,0
1.71159421880785,0.7239381203225079,0.1974275823391428,-26.98276206517619
1,0,1,0
1,0,1,0
1,0,1,0
1,0,1,0
1,0,1,0
1.556881231292258,0.5069017731767786,0.2382415696795864,-32.89827601323827
1,0,1,0
1,0,1,0
1.193927898462335,0.05890243174146548,0.4041195886532316,-21.30042702499101
1.028145822447522e-15,2.87680049206147,0.04493220809607223,-24.01636614536612
9.682324783204268e-17,3.555472986356556,0.02967469570100367,-10.69299672175453
1,0,1,0
1,0,1,0
1,0,1,0
1,0,1,0
1,0,1,0
5.840566125974614e-16,3.694489878086433,0.02729623676249732,-10.86591988112158
1,0,1,0
1,0,1,0
1,0,1,0
1,0,1,0
1.060847241432189,0.006811389799757706,0.4671121765708284,-14.84515325534093
0.6352238215894287,0.239610654730253,0.3122437309773476,-13.22406408194888
1,0,1,0
1,0,1,0
1,0,1,0
1,0,1,0
1,0,1,0
0.5932623407733719,0.3252440093574762,0.2842365499029722,-19.53623304770134
1,0,1,0
2.287852447174094e-16,3.114023213433679,0.03881050304759703,-11.78179043847189
1,0,1,0
1,0,1,0
5.840566125974614e-16,3.890289483755257,0.02428302590632836,-11.57506067031942
0.5730252402345593,0.3751096124201325,0.2701160901410317,-14.88184202268977
9.682324783204268e-17,3.427871728902144,0.03205233099278987,-9.988536025190923
1,0,1,0
1,0,1,0
1,0,1,0
0.5976285060280569,0.315658221284032,0.2871143265196575,-18.65872325738391
0.6340768499647271,0.2416907800855768,0.311493801275798,-19.35605204328956
2.804502661847769e-15,2.282279795612411,0.06542969660431774,-17.36371314840847
0.5928187910707862,0.3262400685517122,0.2839407524109413,-18.21301191640401
0.6486385440771867,0.2166180772147186,0.3208144723810854,-20.45036023333891
1.054689427475605,0.002775654262151761,0.4789916531556241,-29.29351321629709
1,0,1,0
1,0,1,0
5.840566125974614e-16,3.493544340627803,0.03080427419432524,-12.39505820921202
1,0,1,0
1.028145822447522e-15,3.887626919180484,0.02432155484918752,-19.78110789125531
1,0,1,0
1.028145822447522e-15,2.222329226908577,0.06801385081644012,-27.47806703312807
2.449231293967717e-15,3.376084002418558,0.03307452534605737,-22.33811758977277
0.5952973347424561,0.3207842656210929,0.2855683554348434,-14.67495470131787
1,0,1,0
1,0,1,0
2.580626434474679,2.660072912716267,0.051448008879591,-30.10657453805665
0.8784591748835467,0.01746202949463083,0.4474352078780305,-20.03306003639254
0.6471832681966154,0.2190486508147167,0.3198828783544118,-14.85182220691517
1,0,1,0
4.936130869128893e-15,1.616374093457562,0.1017990553235207,-13.25671226371606
9.555848176237971e-17,1.621854657240885,0.1014166879903279,-3.727114710633466
2.804502661847769e-15,1.308145307642617,0.1263653661455739,-7.598494686251784
4.936130869128893e-15,1.618117618316546,0.1016772293861971,-7.722696273706896
5.840566125974614e-16,1.453156555406778,0.1140110655818691,-13.25003653721842
9.555848176237971e-17,1.295082000223552,0.1275567554063549,-4.255457127647682
9.393279804784869e-16,1.45315677166387,0.1140110482779191,-10.01346490465536
4.936130869128893e-15,1.618117613121534,0.1016772297489342,-14.17444232994863
2.731941657034225e-16,1.310576810937901,0.1261451236115723,-4.483041762006911
9.555848176237971e-17,1.621854657240885,0.1014166879903279,-3.727114710633466
2.731941657034225e-16,1.478560947751622,0.1119999056153215,-3.765292433437002
3.17603086687411e-16,1.388549046797475,0.1193251419068226,-3.767425461289503
4.936130869128893e-15,1.600352050543886,0.1029266636207383,-10.98891040125877
2.804502661847769e-15,0.8385620093515307,0.1799041804993455,-4.445695733444333
9.555848176237971e-17,1.462387154794916,0.1132753405804022,-4.384881363007795
3.17603086687411e-16,1.519443311344597,0.108851878168234,-4.229666787784989
1.028145822447522e-15,2.012228964352687,0.07801796079866274,-4.143912801026026
1.400344362398112,0.1009180013988242,0.3753653826869919,-8.311705591446119
2.731941657034225e-16,1.553116170207216,0.10633799940469,-4.122504126183633
4.936130869128893e-15,1.600352055606942,0.1029266632620863,-4.527523395415049
2.804502661847769e-15,0.8385620093515307,0.1799041804993455,-4.445695733444333
2.287852447174094e-16,1.119590450906372,0.1450033287980139,-15.76862692795594
4.936130869128893e-15,1.583121669714043,0.1041558073315516,-11.66724012793833
2.731941657034225e-16,1.282247698146021,0.1287407659428687,-4.47762983047436
5.840566125974614e-16,1.486957469052003,0.1113445632225393,-4.50141372510285
9.393279804784869e-16,1.396751955002781,0.1186340785738574,-4.381761224802925
4.936130869128893e-15,0.906681903466902,0.1704981714702448,-7.473385003839933
4.936130869128893e-15,1.27744984214867,0.1291868665144053,-16.2623602326544
1.863824926799915,0.315591793870226,0.2871344686134013,-12.29538753864807
9.555848176237971e-17,1.345740934785034,0.1230120373372915,-4.359490724950247
1.417318643400957e-14,1.467731949641845,0.1128519411029942,-11.60950430864975
2.731941657034225e-16,1.171147791016777,0.1395827629502784,-4.024627921848099
1.038263951005382e-15,1.405895440431088,0.1178694851908472,-20.89559355346588
4.936130869128893e-15,0.8641540758784458,0.1762894040582293,-4.080930302873233
1.340273035413137e-15,1.322620440739897,0.125061152274168,-13.27862020133877
3.17603086687411e-16,1.322620440738232,0.1250611522743169,-4.313263034307255
9.393279804784869e-16,1.429241873191589,0.1159441025412659,-4.037357336793684
1.028145822447522e-15,1.167206891370647,0.139987946646328,-15.97196883370189
4.936130869128893e-15,1.194094183268192,0.1372526320024368,-17.45801802600425
9.555848176237971e-17,1.47571588869031,0.1122230080780402,-4.201699382938873
4.936130869128893e-15,1.171148416669388,0.1395826987412879,-4.318829260087574
4.936130869128893e-15,0.8641540758784458,0.1762894040582293,-4.080930302873233
3.17603086687411e-16,1.322620440738232,0.1250611522743169,-4.313263034307255
5.840566125974614e-16,1.322620442011001,0.1250611521603684,-11.0636285190233
4.936130869128893e-15,1.177712411512218,0.1389110978200545,-17.07969675459888
8.005405863007662e-18,1.235724596544689,0.1331483110808535,-3.806645590999301
4.936130869128893e-15,0.8357235261321314,0.1803113579075768,-4.075073518033733
4.162828811893032e-17,1.139922085127095,0.1428343959903521,-4.219179392818178
9.682324783204268e-17,1.233298756173323,0.1333832332521732,-6.923662783836088
4.936130869128893e-15,1.424263948866985,0.116351425559178,-4.807728911029265
1.827506400178574e-15,1.154704218697212,0.1412832763906396,-9.190566933845801
2.804502661847769e-15,0.6922027070218491,0.2027080837500839,-11.49459120839185
3.17603086687411e-16,1.235718073760114,0.1331489420663179,-3.741623134738077
9.682324783204268e-17,1.366873540754693,0.1211748899238798,-10.62971865785552
4.936130869128893e-15,0.6737264191891441,0.2058777083891666,-18.25186160300639
4.162828811893032e-17,1.139922085127095,0.1428343959903521,-4.219179392818178
1.425236141830083,0.1111475425875277,0.3694207191281725,-8.280130558741028
3.17603086687411e-16,1.154918041979201,0.1412609963729598,-3.453210534473921
7.172833755534654e-16,1.132611378677806,0.143609505943324,-7.398485033244448
8.005405863007662e-18,1.235724596544689,0.1331483110808535,-3.806645590999301
2.731941657024047e-16,1.301456384381368,0.1269736847998814,-4.349848736686329
3.17603086687411e-16,1.154918041979201,0.1412609963729598,-3.453210534473921
2.731941657034225e-16,1.15365434930821,0.14139273549332,-4.45307073062644
1.340273035413137e-15,1.284328691065323,0.1285478686343102,-4.363486118297885
2.457802477830792,0.6013389941244967,0.2190337973964877,-14.85578284796324
4.162828811893032e-17,1.139919615911833,0.1428346568885062,-4.154154916365504
8.961838255630935e-16,1.301306093005874,0.126987394265086,-10.3949281063984
3.17603086687411e-16,1.154918041979201,0.1412609963729598,-3.453210534473921
2.731941657034225e-16,1.301391685877766,0.1269795863249487,-3.741845646933077
2.731941657034225e-16,1.15365434930821,0.14139273549332,-4.45307073062644
2.093959926088373e-15,0.9073904730729332,0.1704038762037843,-11.66995725571403
2.731941657034225e-16,1.301391685877766,0.1269795863249487,-3.741845646933077
2.731941657034225e-16,1.229901696708707,0.1337130783153486,-4.178235783032399
1.827506400178574e-15,1.301220769807763,0.1269951781932486,-9.707377009617847
1.432041241146749,0.1136690655066701,0.3680025043410776,-24.31999799793449
3.17603086687411e-16,1.295179995411458,0.1275477667692225,-3.866361612904229
4.162828811893032e-17,1.139919615911833,0.1428346568885062,-4.154154916365504
2.142163145282438e-15,0.8357731127156214,0.180304233872338,-11.53216106517287
8.005405863007662e-18,1.382218262795352,0.1198618288440368,-4.095280703458457
5.840566125974614e-16,1.132025621401937,0.1436718411825053,-4.869299841116058
1.555722682291014,0.1675911956425793,0.3411307607385723,-13.20338481333219
1.758373956920598,0.2626740029734407,0.3041445010013389,-17.74201771496222
6.728744545674702e-16,1.007232772142203,0.1577833475585692,-4.021945626169007
2.744589317728e-16,1.229902258190625,0.133713023713069,-7.651878338355746
2.731941657024047e-16,1.301456384381368,0.1269736847998814,-4.349848736686329
8.005405863007662e-18,1.382218262795352,0.1198618288440368,-4.095280703458457
7.451792833592164e-16,1.13261187684774,0.1436094529436028,-4.30919138882591
3.17603086687411e-16,1.154918041979201,0.1412609963729598,-3.453210534473921
9.555848176237971e-17,1.427477400606396,0.1160882848252384,-3.717565981593263
8.005405863007662e-18,1.38221173997939,0.1198623833206336,-4.030258247197232
5.840566125974614e-16,1.132025621401937,0.1436718411825053,-4.869299841116058
2.804502661847769e-15,0.7463840724644282,0.1938117376040795,-4.445695733444333
9.682324783204268e-17,0.896792372660455,0.1718216262419998,-7.678807524675377
3.17603086687411e-16,1.007232773289285,0.1577833474207874,-4.086968082430231
8.005405863007662e-18,1.233299741447068,0.1333831377319744,-6.932903819855003
4.936130869128893e-15,1.279105143095052,0.1290327425802417,-11.76203695483317
2.731941657024047e-16,1.301456384381368,0.1269736847998814,-4.349848736686329
9.682324783204268e-17,1.132025541458241,0.1436718496923169,-4.804274170023695
9.682324783204268e-17,1.132025541458241,0.1436718496923169,-4.804274170023695
1.648327208578059,0.2107638974474817,0.3230846634251514,-11.80166399961999
8.005405863007662e-18,1.279105459166306,0.1290327131727668,-4.66285221234507
1.028145822447522e-15,0.6922026718952026,0.2027080897079429,-12.18737103568338
2.731941657024047e-16,1.301456384381368,0.1269736847998814,-4.349848736686329
8.005405863007662e-18,1.235724596544689,0.1331483110808535,-3.806645590999301
4.936130869128893e-15,0.8357235261321314,0.1803113579075768,-4.075073518033733
1.570852658279649,0.1748586595634762,0.3379146875621832,-13.57749708530858
2.731941657034225e-16,1.132611254198094,0.14360951918658,-4.01638167312719
4.162828811893032e-17,1.139919615911833,0.1428346568885062,-4.154154916365504
8.005405863007662e-18,1.38221173997939,0.1198623833206336,-4.030258247197232
9.682324783204268e-17,0.6921996891850686,0.2027085956087538,-4.731372815967141
7.451792833592164e-16,1.13261187684774,0.1436094529436028,-4.30919138882591
8.005405863007662e-18,1.382218262795352,0.1198618288440368,-4.095280703458457
2.804502661847769e-15,0.8907754829656191,0.1726336229731663,-10.25626303546183
1.340273035413137e-15,1.301348963784008,0.1269834834395199,-11.08903769844311
1.028145822447522e-15,1.790849400152709,0.09041135315125437,-4.143912801026026
8.005405863007662e-18,1.235724596544689,0.1331483110808535,-3.806645590999301
3.17603086687411e-16,1.154918041979201,0.1412609963729598,-3.453210534473921
5.840566125974614e-16,0.6922026601437636,0.2027080917011139,-5.339405865373297
2.804502661847769e-15,1.153647814285906,0.1413934171689308,-4.388048274365214
2.731941657034225e-16,1.301391685877766,0.1269795863249487,-3.741845646933077
5.840566125974614e-16,1.295363076520832,0.1275309756921575,-10.51875885896257
8.961838255630935e-16,1.13261125421386,0.1436095191849028,-12.23477746560469
4.936130869128893e-15,1.154982737199299,0.1412542561182346,-4.06121362422718
3.566178851198444,2.169657203918909,0.07037880370673488,-17.16987600755423
4.936130869128893e-15,0.8357235261321314,0.1803113579075768,-4.075073518033733
2.804502661847769e-15,0.6922027069807939,0.2027080837570474,-11.49503003518314
2.287852447174094e-16,1.366873645205203,0.1211748809265503,-10.6300135692345
2.731941657034225e-16,1.301391685877766,0.1269795863249487,-3.741845646933077
3.17603086687411e-16,1.235718073760114,0.1331489420663179,-3.741623134738077
3.17603086687411e-16,1.279105459165805,0.1290327131728135,-4.597826501285065
2.731941657024047e-16,1.301456384381368,0.1269736847998814,-4.349848736686329
8.005405863007662e-18,1.38221173997939,0.1198623833206336,-4.030258247197232
1.028145822447522e-15,1.790849400152709,0.09041135315125437,-4.143912801026026
4.936130869128893e-15,1.424276175662508,0.1163504229764186,-4.557531650778509
3.17603086687411e-16,1.235718073760114,0.1331489420663179,-3.741623134738077
4.936130869128893e-15,1.424276167440782,0.1163504236505868,-4.492505939718502
3.17603086687411e-16,1.255164536092776,0.131284183253928,-4.409508715352592
2.731941657034225e-16,1.15365434930821,0.14139273549332,-4.45307073062644
3.17603086687411e-16,1.154918041979201,0.1412609963729598,-3.453210534473921
9.555848176237971e-17,1.427477400606396,0.1160882848252384,-3.717565981593263
3.17603086687411e-16,1.007232773289285,0.1577833474207874,-4.086968082430231
3.17603086687411e-16,1.284335280376451,0.12854725840609,-4.428508574559109
3.17603086687411e-16,1.154918041979201,0.1412609963729598,-3.453210534473921
3.17603086687411e-16,1.255164536092776,0.131284183253928,-4.409508715352592
8.005405863007662e-18,1.382218262795352,0.1198618288440368,-4.095280703458457
3.17603086687411e-16,1.235718073760114,0.1331489420663179,-3.741623134738077
8.005405863007662e-18,1.279105459166306,0.1290327131727668,-4.66285221234507
5.840566125974614e-16,1.255167033189313,0.1312839458930886,-4.474531171613817
9.555848176237971e-17,1.427477400606396,0.1160882848252384,-3.717565981593263
4.936130869128893e-15,1.424263948866985,0.116351425559178,-4.807728911029265
5.840566125974614e-16,0.8902831805466231,0.1727002901318141,-4.29670416455812
4.162828811893032e-17,1.139922085127095,0.1428343959903521,-4.219179392818178
3.17603086687411e-16,1.295179995411458,0.1275477667692225,-3.866361612904229
3.17603086687411e-16,1.235718073760114,0.1331489420663179,-3.741623134738077
3.17603086687411e-16,1.352254644682183,0.1224421716496983,-4.199696224019776
7.451792833592164e-16,1.13261187684774,0.1436094529436028,-4.30919138882591
6.728744545674702e-16,1.007232772142203,0.1577833475585692,-4.021945626169007
8.005405863007662e-18,1.381944278203754,0.1198851217828352,-9.400368298785652
1.340273035413137e-15,1.284328691065323,0.1285478686343102,-4.363486118297885
1.460133717981965,0.1254740188853773,0.361585839029723,-10.78766707112011
8.054333073515119e-16,1.229901700571325,0.1337130779397214,-17.83039202239761
5.840566125974614e-16,1.007232772868463,0.1577833474713345,-9.576038293041865
3.17603086687411e-16,1.295179995411458,0.1275477667692225,-3.866361612904229
1.340273035413137e-15,1.379792408692865,0.1200682554529197,-7.212297896295246
2.731941657034225e-16,1.301391685877766,0.1269795863249487,-3.741845646933077
3.17603086687411e-16,1.279104928333703,0.1290327625617816,-4.305016785586345
2.804502661847769e-15,0.6738038233325838,0.2058642781489768,-7.638925920273446
8.005405863007662e-18,1.235724596544689,0.1331483110808535,-3.806645590999301
1.827506400178574e-15,1.235679117453639,0.1331527106054279,-10.90788898555659
4.0479524494288e-15,1.230926190196591,0.133613495894651,-5.188635573810672
1.753435672245018,0.2615791768880484,0.3045186545644595,-19.91938695376659
2.40969404379736,0.5830970523533843,0.2225504646959866,-13.72208754118403
4.162828811893032e-17,1.139922085127095,0.1428343959903521,-4.219179392818178
3.17603086687411e-16,1.154918041979201,0.1412609963729598,-3.453210534473921
1.416854648481476,0.1074005930340611,0.371561577727433,-11.97244290417694
3.397720200437721e-16,1.229902258417177,0.1337130236910378,-4.471045498731119
2.731941657024047e-16,1.301456384381368,0.1269736847998814,-4.349848736686329
5.840566125974614e-16,0.6922026601437636,0.2027080917011139,-5.339405865373297
1.754753746882505,0.2609337212973202,0.3047397001820873,-16.05788697513992
5.840566125974614e-16,0.8902831805466231,0.1727002901318141,-4.29670416455812
4.936130869128893e-15,1.352523209589588,0.1224187449555185,-10.85273379694862
3.17603086687411e-16,1.007232773289285,0.1577833474207874,-4.086968082430231
3.17603086687411e-16,1.154918041979201,0.1412609963729598,-3.453210534473921
1.46110431753244,0.1258902056436462,0.361365931433683,-9.869388048780831
2.804502661847769e-15,0.7463840724644282,0.1938117376040795,-4.445695733444333
4.162828811893032e-17,1.139922085127095,0.1428343959903521,-4.219179392818178
1.028145822447522e-15,0.6916408380036465,0.2028034155445406,-10.03939711298543
2.804502661847769e-15,0.7463840724644282,0.1938117376040795,-4.445695733444333
4.162828811893032e-17,1.139919615911833,0.1428346568885062,-4.154154916365504
2.449231293967717e-15,1.053481888118005,0.1523532687455476,-4.654539591316848
2.804502661847769e-15,1.153647814285906,0.1413934171689308,-4.388048274365214
8.005405863007662e-18,1.279105459166306,0.1290327131727668,-4.66285221234507
2.87880587600735,1.593462823817539,0.1034160449184753,-16.61558389835677
5.840566125974614e-16,0.8902831805466231,0.1727002901318141,-4.29670416455812
3.17603086687411e-16,1.255164536092776,0.131284183253928,-4.409508715352592
2.804502661847769e-15,1.153647814285906,0.1413934171689308,-4.388048274365214
2.804502661847769e-15,0.7355719790997313,0.1955415169414569,-4.863701666447102
9.682324783204268e-17,1.132025541458241,0.1436718496923169,-4.804274170023695
3.17603086687411e-16,1.255164536092776,0.131284183253928,-4.409508715352592
1.64889529658569,0.2117383719403758,0.3227041423164181,-7.821351247246313
1.582444688043317,0.1804537525981296,0.3354917912192011,-8.339135607951384
2.824603017189836,0.7711511600194498,0.1899305836261989,-13.902294549702
2.804502661847769e-15,0.728349111625473,0.1967094148214248,-15.09974550450579
1.038263951005382e-15,1.423994023924031,0.1163735617426884,-18.77101995222488
2.731941657034225e-16,1.15365434930821,0.14139273549332,-4.45307073062644
4.162828811893032e-17,1.139922085127095,0.1428343959903521,-4.219179392818178
1.028145822447522e-15,1.790849400152709,0.09041135315125437,-4.143912801026026
2.804502661847769e-15,0.7463840724644282,0.1938117376040795,-4.445695733444333
8.005405863007662e-18,1.279105459166306,0.1290327131727668,-4.66285221234507
5.840566125974614e-16,1.255167033189313,0.1312839458930886,-4.474531171613817
4.936130869128893e-15,0.8356382044883617,0.1803236168572138,-10.73183762309926
3.17603086687411e-16,1.154918041979201,0.1412609963729598,-3.453210534473921
4.936130869128893e-15,1.424276175662508,0.1163504229764186,-4.557531650778509
8.005405863007662e-18,1.235724596544689,0.1331483110808535,-3.806645590999301
4.162828811893032e-17,1.139919615911833,0.1428346568885062,-4.154154916365504
5.840566125974614e-16,1.367227908410275,0.1211443695014717,-4.474364702757132
5.840566125974614e-16,1.255167033189313,0.1312839458930886,-4.474531171613817
3.399220155040026,2.040539087765382,0.07657768020508449,-16.23233847843273
1.20578150638828e-15,1.139884956722693,0.1428383190544485,-10.61140755524833
5.840566125974614e-16,1.255167033189313,0.1312839458930886,-4.474531171613817
4.162828811893032e-17,1.139919615911833,0.1428346568885062,-4.154154916365504