Observed S Changes	Observed NS Changes	E[S Sites]	E[NS Sites]	Observed S. Prop.	P{S}	dS	dN	dN-dS	P{S leq. observed}	P{S geq. observed}	Scaled dN-dS
1	0	1	2	1	0.3333333333333333	1	0	-1	1	0.3333333333333333	-0.274127312740386
3	2	0.9999999999999998	2	0.6	0.3333333333333334	3.000000000000001	1	-2.000000000000001	0.9547325102880658	0.2098765432098766	-0.5482546254807722
1	0	1.772244802204662	1.227711906252187	1	0.5907567923259428	0.564256133665059	0	-0.564256133665059	1	0.5907567923259428	-0.1546780176188827
0	0	0.7722860981153544	2.086514250400834	0	0.2701434182055408	0	0	0	0	0	0
3	0	1.243202683061221	1.756797316938779	1	0.4144008943537403	2.41312220515234	0	-2.41312220515234	1	0.0711642787400143	-0.6615027054125655
5	0	0.9999999999999999	1.984167414280778	1	0.3351018428840436	5.000000000000001	0	-5.000000000000001	1	0.00422555813581571	-1.37063656370193
6	2	0.7727064603370061	2.227293539662993	0.75	0.2575688201123355	7.764915020101134	0.8979507929173161	-6.866964227183818	0.999533946476746	0.004972457981123779	-1.882422450282261
0	0	0.7722860981153544	2.227713901884646	0	0.2574286993717848	0	0	0	0	0	0
1	0	1	2	1	0.3333333333333333	0.9999999999999998	0	-0.9999999999999998	1	0.3333333333333333	-0.2741273127403859
3	0	1	2.000000000000001	1	0.3333333333333333	2.999999999999999	0	-2.999999999999999	1	0.03703703703703698	-0.8223819382211576
0	0	1	2	0	0.3333333333333333	0	0	0	0	0	0
3	0	0.7722860981153541	2.227713901884646	1	0.2574286993717847	3.884570766353351	0	-3.884570766353351	1	0.01705968027001836	-1.064866945330306
2	0	0.9999999999999999	1.932924123598141	1	0.3409566554941045	2	0	-2	0.9999999999999999	0.1162514409257256	-0.5482546254807721
8	0	0.9999999999999997	1.999999999999999	1	0.3333333333333333	8.000000000000004	0	-8.000000000000004	1	0.000152415790275473	-2.193018501923089
2	5	0.6729737074663935	2.317732900137399	0.2857142857142857	0.2250216406234485	2.97188430663894	2.157280504454845	-0.8146038021840951	0.8063765411364709	0.4908692713562142	-0.2233051512408269
2	0	1	2	1	0.3333333333333333	2	0	-2	1	0.1111111111111109	-0.5482546254807719
1	4	0.8139393604485421	2.082736968622933	0.2	0.2809907866749645	1.228592753456381	1.920549767090717	0.691957013634336	0.5676554328121822	0.8078358907403179	0.1896843166794432
1	0	1	2	1	0.3333333333333333	1	0	-1	1	0.3333333333333333	-0.274127312740386
2	0	0.9121410312787205	2.087858968721279	1	0.3040470104262402	2.192643386731789	0	-2.192643386731789	1	0.09244458454913418	-0.6010634394027641
8	2	0.999692213394927	2.000307786605072	0.8	0.333230737798309	8.00246305093467	0.9998461303769682	-7.002616920557702	0.9996453003046012	0.003396453730530657	-1.91960855858284
0	5	0.7722860981153541	2.227713901884645	0	0.2574286993717848	0	2.244453381455313	2.244453381455313	0.2257827724782432	0.7742172275217567	0.6152659740294173
1	2	0.7723496446687536	2.227546328592275	0.3333333333333333	0.2574588090896942	1.294750385272568	0.8978488906508734	-0.396901494621695	0.8352762189488183	0.5905869791766665	-0.108801540143288
0	8	0.8733013700714419	1.361231819701323	0	0.3908204962309152	0	5.877029822705241	5.877029822705241	0.01896541115815474	0.9810345888418452	1.611054392193295
0	2	0.9136456432241606	2.086354356775839	0	0.3045485477413869	0	0.958609928128754	0.958609928128754	0.483652722448614	0.516347277551386	0.2627811635641898
0	0	0.8134251829604778	2.119229467658676	0	0.2773682140816493	0	0	0	0	0	0
6	0	1	2	1	0.3333333333333333	6	0	-6	1	0.001371742112482699	-1.644763876442316
0	0	1	2	0	0.3333333333333333	0	0	0	0	0	0
2	0	0.7722860981153541	2.227713901884646	1	0.2574286993717847	2.589713844235567	0	-2.589713844235567	1	0.0662695352602487	-0.7099112968868705
2	0	0.9999999999999998	2	1	0.3333333333333334	2	0	-2	1	0.111111111111111	-0.5482546254807721
1	0	1	2	1	0.3333333333333333	1	0	-1	1	0.3333333333333333	-0.274127312740386
8	0	0.8648299404194505	2.067824710199701	1	0.2948966187467265	9.250373542941778	0	-9.250373542941778	1	5.719503683798699e-05	-2.535780041171393
4	0	1.770651545158799	1.229131140238037	1	0.5902599390877418	2.259055436930288	0	-2.259055436930288	0.9999999999999997	0.1213872952842729	-0.6192687962572583
3	0	0.9999999999999999	2	1	0.3333333333333334	3	0	-3	0.9999999999999999	0.0370370370370372	-0.822381938221158
3	0	0.8651652846186765	1.362548617265969	1	0.3883646297160273	3.467545512210718	0	-3.467545512210718	1	0.05857590525580991	-0.9505489330673093
0	15	0.7747333880217588	2.225266611978242	0	0.2582444626739195	0	6.740765317403984	6.740765317403984	0.01132170816861748	0.9886782918313826	1.847827882273549
3	1	0.9999302621749727	2.000069737825027	0.75	0.3333100873916576	3.000209228066192	0.4999825661516425	-2.500226661914549	0.9876577644706332	0.1110904491325913	-0.685380416072501
0	2	0.9999999999999998	1.774596701594452	0	0.3604127401381754	0	1.127016633245755	1.127016633245755	0.4090718629775572	0.5909281370224428	0.3089460410853758
1	6	0.8337012248924934	2.166235100191879	0.1428571428571428	0.2779063068510448	1.199470469926383	2.769782467040875	1.570311997114493	0.3781426112760616	0.8976342051891725	0.4304654079329846
3	3	0.9982504629225617	2.001687232121614	0.5	0.3327570651122679	3.005257809965796	1.498735642541048	-1.506522167424748	0.900430995774268	0.3184780980065804	-0.412978873339968
2	9	0.8602821947185227	2.06167067891802	0.1818181818181818	0.2944202839410791	2.324818544750172	4.365391666104146	2.040573121353974	0.3272595227275309	0.8793797806643665	0.5593768262070264
1	1	0.1894513405727549	2.810548659427245	0.5	0.06315044685758496	5.278400231831405	0.3558024148223741	-4.922597817009031	0.9960120210616874	0.1223129147768572	-1.349418511278376
2	0	0.7722860981153542	2.086514250400834	1	0.2701434182055408	2.589713844235567	0	-2.589713844235567	1	0.07297746639977354	-0.7099112968868705
0	12	0.7725594852769957	2.227336787743758	0	0.2575287326515009	0	5.387600144725186	5.387600144725186	0.02806440378939411	0.9719355962106059	1.47688834979323
3	2	0.7732017911367458	2.226798208863254	0.6	0.2577339303789153	3.879970318730716	0.8981505338200219	-2.981819784910694	0.9824864365921629	0.1118401257589052	-0.8173982447136843
1	0	1	2	1	0.3333333333333333	1	0	-1	1	0.3333333333333333	-0.274127312740386
4	1	0.7722860981153544	2.22764389435864	0.8	0.2574347068274292	5.179427688471132	0.44890478344965	-4.730522905021482	0.9988693309974088	0.0174376302848811	-1.296765531810383
3	6	0.9045668427061884	1.332639477760631	0.3333333333333333	0.4043287534237968	3.316504495151419	4.502342981826118	1.185838486674699	0.4717728311811553	0.7762678916063284	0.3250707176962613
1	1	0.9136457365150134	2.086354263484986	0.5	0.3045485788383379	1.094516134682983	0.4793049854963888	-0.6152111491865947	0.9072501631275487	0.5163473208042244	-0.1686461790944459
1	1	0.9999466111002766	2.000053388899724	0.5	0.3333155370334255	1.00005339175025	0.4999866531313564	-0.5000667386188937	0.888900752772119	0.5555318268389702	-0.1370819512484463
1	0	0.7722860981153543	2.227713901884646	1	0.2574286993717848	1.294856922117783	0	-1.294856922117783	1	0.2574286993717847	-0.3549556484434352
3	0	1	1.936562486473353	1	0.3405342146153151	3	0	-3	1	0.03948955687400857	-0.8223819382211579
2	5	0.8144169216982944	2.109987734646844	0.2857142857142857	0.2784898184084196	2.455744652050479	2.369682021320786	-0.08606263072969256	0.6952634099617315	0.6231931935270355	-0.02359211768929878
4	0	0.7722860981153541	2.227713901884645	1	0.2574286993717848	5.179427688471134	0	-5.179427688471134	1	0.004391651303609079	-1.419822593773741
2	0	0.7722860981153541	2.086514250400833	1	0.2701434182055408	2.589713844235567	0	-2.589713844235567	1	0.07297746639977354	-0.7099112968868705
2	0	1	2	1	0.3333333333333333	2	0	-2	1	0.1111111111111109	-0.548254625480772
5	0	1.772171168058373	1.227688560215065	1	0.5907513445898157	2.821397893228397	0	-2.821397893228397	0.9999999999999992	0.07194880646175594	-0.7734222226420868
1	2	0.1881597485569269	2.811840251443072	0.3333333333333333	0.06271991618564231	5.314632952421568	0.7112779607495747	-4.603354991671993	0.9886920900340439	0.1766051117444479	-1.261905333457085
0	0	0.7722860981153544	2.227713901884646	0	0.2574286993717848	0	0	0	0	0	0
1	0	1	2	1	0.3333333333333333	1	0	-1	1	0.3333333333333333	-0.274127312740386
0	0	1.772286098115355	1.227713901884646	0	0.5907620327051181	0	0	0	0	0	0
1	0	1.637563415856815	1.22118360172986	1	0.5728255791025642	0.6106633735932446	0	-0.6106633735932446	1	0.5728255791025642	-0.1673995095920945
7	0	0.9999999999999999	1.933956906183887	1	0.3408366352935534	7.000000000000001	0	-7.000000000000001	0.9999999999999996	0.0005343476274125569	-1.918891189182702
1	0	0.7722860981153543	2.227713901884646	1	0.2574286993717848	1.294856922117783	0	-1.294856922117783	1	0.2574286993717847	-0.3549556484434352
2	0	0.9999999999999999	2	1	0.3333333333333334	2	0	-2	1	0.111111111111111	-0.5482546254807721
3	3	0.8362922075840095	1.631052405305624	0.5	0.3389442249838724	3.587262888251456	1.839303256131654	-1.747959632119802	0.8942278015289142	0.3307444851032182	-0.479163476731675
1	0	0.7722860981153542	2.086514250400834	1	0.2701434182055408	1.294856922117783	0	-1.294856922117783	1	0.2701434182055408	-0.3549556484434352
1	0	0.7722860981153542	2.227713901884646	1	0.2574286993717848	1.294856922117783	0	-1.294856922117783	1	0.2574286993717847	-0.3549556484434352
0	3	0.9897954449230627	2.010204555076938	0	0.3299318149743542	0	1.492385435314656	1.492385435314656	0.3008548341192416	0.6991451658807584	0.4091036089556978
2	1	0.7725667674197438	2.227433232580257	0.6666666666666666	0.2575222558065812	2.588773015282158	0.4489472390791264	-2.139825776203032	0.9829217131451279	0.1647965629973874	-0.5865846897631476
3	1	0.8135527496219643	1.416364264303578	0.75	0.3648354376155853	3.687529790040065	0.7060330631059074	-2.981496726934158	0.9822830865170342	0.1410947922631232	-0.8173096856987171
3	0	0.7722860981153545	2.227713901884647	1	0.2574286993717848	3.884570766353348	0	-3.884570766353348	1	0.01705968027001825	-1.064866945330305
0	0	0.8653093012383059	2.03136702783317	0	0.2987248842937447	0	0	0	0	0	0
2	3	0.8160682474759204	2.092652270439845	0.4	0.2805591814165327	2.450775417602574	1.433587434652697	-1.017187982949877	0.8616695505496906	0.4314428519127194	-0.2788390083178634
0	0	0	1.269381397523389	0	0	0	0	0	0	0	0
1	0	0.7722860981153543	2.227713901884646	1	0.2574286993717848	1.294856922117783	0	-1.294856922117783	1	0.2574286993717847	-0.3549556484434352
2	0	1.000237969551211	1.999762030448788	1	0.3334126565170705	1.999524174129646	0	-1.999524174129646	1	0.1111639995257701	-0.5481241886135995
1	0	0.7722860981153544	2.227713901884647	1	0.2574286993717848	1.294856922117783	0	-1.294856922117783	1	0.2574286993717847	-0.3549556484434351
0	4	0.9996000731731455	2.000399926826854	0	0.3332000243910486	0	1.999600153127891	1.999600153127891	0.1976889073773616	0.8023110926226384	0.5481450165322131
0	0	0.8134251829604778	2.119229467658676	0	0.2773682140816493	0	0	0	0	0	0
7	0	1.067576966886934	1.562450858649876	1	0.4059185064587797	6.55690429553953	0	-6.55690429553953	0.9999999999999994	0.001815816522539926	-1.797426554432145
3	0	0.772286098115354	2.227713901884645	1	0.2574286993717848	3.884570766353351	0	-3.884570766353351	1	0.01705968027001825	-1.064866945330306
1	4	0.8290917338734837	2.075368189692887	0.2	0.2854546992183822	1.206139151005691	1.927368849472402	0.7212296984667104	0.5583439252111639	0.8137274597823233	0.1977087591092382
3	0	1	2	1	0.3333333333333333	3	0	-3	1	0.03703703703703698	-0.8223819382211578
0	2	0.7722860981153544	2.024618690015388	0	0.276121697596827	0	0.9878403325343198	0.9878403325343198	0.5239997966900996	0.4760002033099004	0.2707940157742024
0	0	0.7722860981153544	2.227713901884646	0	0.2574286993717848	0	0	0	0	0	0
1	4	0.7722987717190105	2.227669397644537	0.2	0.2574356553532553	1.294835673212537	1.79559857680384	0.5007629035913039	0.6171309673344167	0.7742278023403422	0.1372727890815571
0	0	0.7722860981153544	2.086514250400834	0	0.2701434182055408	0	0	0	0	0	0
0	0	0.7722860981153544	2	0	0.2785737369026837	0	0	0	0	0	0
1	0	0.9999999999999999	2	1	0.3333333333333334	1	0	-1	1	0.3333333333333334	-0.274127312740386
0	0	0.7722860981153544	2	0	0.2785737369026837	0	0	0	0	0	0
0	1	0.7722860981153543	2.218420509488439	0	0.2582286393964012	0	0.4507711661170123	0.4507711661170123	0.7417713606035987	0.2582286393964013	0.1235686884285067
2	0	1	2	1	0.3333333333333333	2	0	-2	1	0.1111111111111109	-0.548254625480772
7	1	0.9999586449299215	1.999804234422537	0.875	0.3333458960415487	7.000289497462737	0.5000489461853548	-6.500240551277383	0.999847538249539	0.002591711859086909	-1.781893474487754
0	0	0.7722860981153544	2.227713901884646	0	0.2574286993717848	0	0	0	0	0	0
0	1	0.7722860981153543	2.000070112566388	0	0.278566691805251	0	0.4999824724728529	0.4999824724728529	0.721433308194749	0.278566691805251	0.1370588515962771
1	4	1	2.000000000000001	0.2	0.3333333333333333	0.9999999999999996	1.999999999999999	0.9999999999999996	0.4609053497942389	0.868312757201646	0.2741273127403858
2	1	1	2	0.6666666666666666	0.3333333333333333	2	0.5	-1.5	0.962962962962963	0.2592592592592592	-0.411190969110579
3	0	1.00095481171604	1.999045188283959	1	0.3336516039053467	2.997138297239204	0	-2.997138297239204	0.9999999999999999	0.03714322855610486	-0.8215974673334793
4	0	0.9483847693345928	2.051265379921405	1	0.3161651266464592	4.217697425493754	0	-4.217697425493754	0.9999999999999999	0.009992079030639811	-1.156186061202647
0	0	1	1.772286098115355	0	0.3607131315486581	0	0	0	0	0	0
3	0	1.771538914472987	1.227549150543892	1	0.5906925292182166	1.69344290181312	0	-1.69344290181312	1	0.2061030574809093	-0.4642189519533119
0	3	0.999035075427228	2.000964924572772	0	0.333011691809076	0	1.499276655556835	1.499276655556835	0.2967253586017879	0.7032746413982121	0.4109926806421885
0	0	1	2	0	0.3333333333333333	0	0	0	0	0	0
2	2	0.9999999999999997	1.773478179103038	0.5	0.3605580918337734	2.000000000000001	1.127727436156857	-0.8722725638431443	0.8632083766809706	0.4557279115513916	-0.2391137339034879
10	0	0.9999999999999998	1.967641510717598	1	0.3369679243225683	10	0	-10	1	1.88749420673151e-05	-2.74127312740386
0	0	1	2	0	0.3333333333333333	0	0	0	0	0	0
3	1	0.9966483231708969	2.003351676829105	0.75	0.3322161077236321	3.010088845035447	0.4991634826606156	-2.510925362374831	0.9878190056218795	0.1101205180617176	-0.6883132220794923
6	0	1.771455835650142	1.22767377929873	1	0.5906566447880383	3.387044643875041	0	-3.387044643875041	0.9999999999999996	0.04246298931271297	-0.9284814463571827
4	0	0.8626803197683165	2.069974330850836	1	0.2941636239323933	4.636711778789911	0	-4.636711778789911	1	0.007487828151857445	-1.271049339871373
1	0	0.7722860981153543	2.227713901884646	1	0.2574286993717848	1.294856922117783	0	-1.294856922117783	1	0.2574286993717847	-0.3549556484434352
2	8	0.8094869220132792	2.19051307798672	0.2	0.2698289740044265	2.470700817532406	3.652112411651394	1.181411594118988	0.4669847200969471	0.7977350903086357	0.3238571855361738
1	6	0.7749402242303765	2.191090739640097	0.1428571428571428	0.261271791720991	1.290422110935252	2.738362173437666	1.447940062502414	0.4172925826759061	0.8799415368081411	0.3969199183429332
0	0	0.8134251829604778	2.119229467658676	0	0.2773682140816493	0	0	0	0	0	0
1	6	0.7854902206761553	2.214509779323844	0.1428571428571428	0.2618300735587185	1.273090324586337	2.709403253045006	1.436312928458669	0.4159459110513939	0.8805752242895867	0.3937326033326491
0	0	0.7722860981153544	2.227713901884646	0	0.2574286993717848	0	0	0	0	0	0
1	1	0.7722860981153543	2.227713901884646	0.5	0.2574286993717848	1.294856922117783	0.4488906762910624	-0.8459662458267209	0.9337304647397513	0.4485878634833207	-0.2319024536375517
0	0	0	1.269381397523389	0	0	0	0	0	0	0	0
2	7	0.9975950539854487	2.002404946014551	0.2222222222222222	0.3325316846618163	2.004821487446121	3.495796399191042	1.490974911744921	0.3791512226725441	0.8558029423280384	0.4087169459199694
2	0	0.9999999999999999	1.932944768183137	1	0.3409542555482444	2	0	-2	0.9999999999999999	0.1162498043764577	-0.5482546254807721
3	0	1	2	1	0.3333333333333333	3	0	-3	1	0.03703703703703698	-0.8223819382211578
1	1	1	2.000000000000001	0.5	0.3333333333333333	0.9999999999999996	0.4999999999999998	-0.4999999999999998	0.8888888888888891	0.5555555555555555	-0.1370636563701929
2	0	0.8297838040079006	1.397930097876746	1	0.3724822129564767	2.410266373409425	0	-2.410266373409425	1	0.1387429989689539	-0.6607198439312414
5	6	0.7725214653212668	2.227478534678734	0.4545454545454545	0.2575071551070889	6.472312064391196	2.693628650776368	-3.778683413614828	0.9606046297562492	0.1270433917720314	-1.035840329870901
5	0	0.9999999999999998	1.939861333393209	1	0.3401520978697974	5.000000000000001	0	-5.000000000000001	1	0.004553714189508562	-1.37063656370193
0	6	0.9837005199100101	1.998629223094357	0	0.3298429766921214	0	3.002057575597019	3.002057575597019	0.09058565738637435	0.9094143426136256	0.8229459758903288
3	0	0.7722860981153545	2.227713901884647	1	0.2574286993717848	3.884570766353348	0	-3.884570766353348	1	0.01705968027001825	-1.064866945330305
2	2	0.9470280303294741	2.000862324810879	0.5	0.3212561921368968	2.111869908754648	0.9995690234154615	-1.112300885339186	0.8993324746520766	0.3859440441511223	-0.3049120526567832
1	7	1	2	0.125	0.3333333333333333	1	3.5	2.5	0.1950922115531171	0.9609815576893765	0.6853182818509649
0	0	0.7722860981153544	2.086514250400834	0	0.2701434182055408	0	0	0	0	0	0
0	10	0.4635270099693293	2.491549889325332	0	0.1568578503253053	0	4.013566030864357	4.013566030864357	0.1815549137039742	0.8184450862960257	1.100228070546943
1	0	0.9485284842935146	2.051407863468231	1	0.3161828700136295	1.054264596750431	0	-1.054264596750431	1	0.3161828700136295	-0.2890027208245224
3	19	0.9245968954370607	1.983571841107534	0.1363636363636364	0.3179309659093719	3.244657228252846	9.578680038828987	6.33402281057614	0.04802953470782262	0.9864258843857187	1.736328651899544
6	0	0.9999999999999999	1.999789253047408	1	0.3333567513064879	6.000000000000001	0	-6.000000000000001	0.9999999999999998	0.001372320435607755	-1.644763876442316
0	11	0.8264765560489928	2.171389313960777	0	0.2756883035752027	0	5.065881060239342	5.065881060239342	0.02878594440346643	0.9712140555965336	1.388696361705828
2	11	0.7824293333235284	2.192447955395044	0.1538461538461539	0.263012305176648	2.556141385324335	5.017222859467136	2.461081474142801	0.2946911379474852	0.8932878649270222	0.6746496509419136
1	0	0.7722860981153542	2.227713901884646	1	0.2574286993717847	1.294856922117783	0	-1.294856922117783	1	0.2574286993717847	-0.3549556484434352
0	0	0.7722860981153544	2.227713901884646	0	0.2574286993717848	0	0	0	0	0	0
1	0	0.7722860981153543	2.227713901884646	1	0.2574286993717848	1.294856922117783	0	-1.294856922117783	1	0.2574286993717847	-0.3549556484434352
1	0	0.7722860981153543	2.227713901884646	1	0.2574286993717848	1.294856922117783	0	-1.294856922117783	1	0.2574286993717847	-0.3549556484434352
3	2	0.8965592652593122	2.00040389469235	0.6	0.3094824530921104	3.346125701051462	0.9997980934283214	-2.346327607623141	0.965487929398869	0.1758496111748354	-0.6431924818863104
4	0	1.628552173935173	1.214449371484547	1	0.5728284518729465	2.456169390222574	0	-2.456169390222574	0.9999999999999999	0.1076708950796049	-0.6733031145769066
1	0	0.7722860981153543	2.227713901884646	1	0.2574286993717848	1.294856922117783	0	-1.294856922117783	1	0.2574286993717847	-0.3549556484434352
0	0	0	1.269381397523389	0	0	0	0	0	0	0	0
5	0	1.638101156844339	1.221132515048469	1	0.5729161533551466	3.052314552803364	0	-3.052314552803364	1	0.06172418108519329	-0.8367227859983589
2	3	0.9293432261081738	2.067305097062724	0.4	0.3101275578192609	2.152057435631649	1.451164612452449	-0.7008928231792	0.823265534338954	0.492516275125441	-0.1921338661371366
5	4	0.7833720851229055	2.120865207440712	0.5555555555555556	0.2697341870544642	6.382662970707638	1.886022735422622	-4.496640235285016	0.9852147954517287	0.06595037133036685	-1.232651904058978
4	7	1.553299429996385	1.222869427174971	0.3636363636363636	0.5595118704627516	2.575163502126122	5.724241562053888	3.149078059927766	0.1575872628982944	0.9464743671991914	0.8632483061777066
2	10	0.7939460197940036	2.160238152835352	0.1666666666666667	0.2687530544472982	2.519062946519863	4.629119241725649	2.110056295205787	0.3348683147332135	0.8735286568247496	0.5784240619356968
0	4	0.7727078940441308	2.148197115445227	0	0.2645439997308293	0	1.862026520397303	1.862026520397303	0.2925679725694738	0.7074320274305261	0.5104323262878442
5	1	0.8149740035726065	2.081862056915188	0.8333333333333334	0.2813324560159521	6.135165021315366	0.4803392216493711	-5.654825799665995	0.9995041857259862	0.008095199676404485	-1.550142200477443
3	0	0.7722860981153545	2.000000000000001	1	0.2785737369026837	3.884570766353348	0	-3.884570766353348	1	0.02161824876836405	-1.064866945330305
0	1	1	1.999249737924396	0	0.333416716639289	0	0.5001876359069535	0.5001876359069535	0.666583283360711	0.333416716639289	0.1371150924971397
4	1	0.9980175136853787	2.000991243157311	0.8	0.3327824606741316	4.007945697495029	0.4997523119702046	-3.508193385524824	0.9959186659404293	0.04499601542344345	-0.961691625347517
8	2	1.664482440952225	1.224344272164111	0.8	0.5761793995447573	4.806298824890771	1.633527468924133	-3.172771355966638	0.9663053931297323	0.1318780938333063	-0.8697432857508048
4	0	0.7722860981153543	2.227713901884646	1	0.2574286993717848	5.179427688471133	0	-5.179427688471133	1	0.004391651303609079	-1.419822593773741
5	0	0.9999999999999999	2	1	0.3333333333333334	5.000000000000001	0	-5.000000000000001	1	0.004115226337448541	-1.37063656370193
4	0	1	2	1	0.3333333333333333	4	0	-4	1	0.01234567901234551	-1.096509250961544
0	0	0	3.000000000000001	0	0	0	0	0	0	0	0
1	0	1	2	1	0.3333333333333333	1	0	-1	1	0.3333333333333333	-0.274127312740386
1	0	0.7722860981153543	2.227713901884646	1	0.2574286993717848	1.294856922117783	0	-1.294856922117783	1	0.2574286993717847	-0.3549556484434352
1	2	0.7723114961015707	2.227624715090779	0.3333333333333333	0.2574426393535245	1.294814339871596	0.8978172968055337	-0.3969970430660624	0.8352947659449304	0.5905602321970753	-0.108827732581579
1	3	0.8199987139539627	2.128818984330384	0.25	0.2780771135601386	1.21951410774547	1.409232077542584	0.1897179697971136	0.6901230610128206	0.7283790647583892	0.05200687723904447
1	9	0.8136237295151677	1.743348317194445	0.1	0.3181981322643565	1.229069364282053	5.162479529325282	3.933410165043229	0.1230088697839426	0.9782938966721599	1.078255158449019
0	1	0.7722860981153543	2.227503320521901	0	0.2574467705357092	0	0.4489331130450127	0.4489331130450127	0.7425532294642907	0.2574467705357093	0.1230648278792053
1	0	0.7722860981153542	2.227713901884646	1	0.2574286993717848	1.294856922117783	0	-1.294856922117783	1	0.2574286993717847	-0.3549556484434352
1	0	0.813903743639576	2.0827725854319	1	0.2809784909246216	1.228646517250612	0	-1.228646517250612	1	0.2809784909246216	-0.3368055680817446
4	0	1.638199702709921	1.221095526925669	1	0.5729382841374885	2.441704752713099	0	-2.441704752713099	0.9999999999999998	0.1077534967015799	-0.6693379623666705
0	0	0.7722860981153544	2	0	0.2785737369026837	0	0	0	0	0	0
1	0	0.9134857495991664	2.086514250400834	1	0.3044952498663888	1.094707827066592	0	-1.094707827066592	1	0.3044952498663888	-0.3000893148696319
0	0	0	1.269381397523389	0	0	0	0	0	0	0	0
3	0	0.9999999999999999	1.998982668360098	1	0.3334464085272021	3	0	-3	1	0.03707474155577162	-0.822381938221158
1	1	0.9999733505279489	2.00002664947205	0.5	0.3333244501759831	1.000026650182264	0.4999933377207605	-0.5000333124615038	0.8888948109148784	0.5555437112668448	-0.1370727882257458
0	0	0.7722860981153544	2.227713901884646	0	0.2574286993717848	0	0	0	0	0	0
0	0	0.7722860981153544	2.227713901884646	0	0.2574286993717848	0	0	0	0	0	0
5	0	0.9999999999999999	2	1	0.3333333333333334	5.000000000000001	0	-5.000000000000001	1	0.004115226337448541	-1.37063656370193
4	5	0.9473286588401741	2.052671341159825	0.4444444444444444	0.3157762196133915	4.222399441496099	2.435850250227998	-1.786549191268101	0.8806973266649805	0.3071820239871106	-0.4897419288808345
4	0	1	2	1	0.3333333333333333	3.999999999999999	0	-3.999999999999999	1	0.01234567901234551	-1.096509250961544
2	3	0.7723240319924194	2.22761386963534	0.4	0.2574466730039173	2.589586646475906	1.346732501935401	-1.242854144540506	0.8884750397759278	0.3828922594770585	-0.3407002667711401
0	8	0.8242483865961097	2.123237088900005	0	0.2796445965377908	0	3.767831695208657	3.767831695208657	0.07250610000038904	0.927493899999611	1.032865577465602
0	1	0.7735510566042401	2.224378185825265	0	0.2580284569949886	0	0.4495638405251627	0.4495638405251627	0.7419715430050114	0.2580284569949886	0.1232377275084103
0	0	0.8134251829604778	1.414288718924168	0	0.36513898049131	0	0	0	0	0	0
3	8	0.9349162430075681	2.065083756992432	0.2727272727272727	0.3116387476691894	3.208843596886481	3.873934881775025	0.6650912848885442	0.5354376624744384	0.71631242131366	0.1823196866535471
1	7	0.7727889190699472	2.226848590469761	0.125	0.2576274355192108	1.294014413668744	3.143455747264491	1.849441333595747	0.3483671789098513	0.9077481024767062	0.5069823828495978
7	1	1.765804255037355	1.234038853036153	0.875	0.5886322022258526	3.964199304668635	0.810347257332832	-3.153852047335803	0.9855870746107551	0.09499313631806139	-0.8645569865169282
0	0	0.7722860981153544	2	0	0.2785737369026837	0	0	0	0	0	0
5	5	0.9989363573873741	2.001063642612626	0.5	0.3329787857957914	5.005323875764256	2.49867115344313	-2.506652722321127	0.923799028529369	0.2124023804920989	-0.6871419747432634
1	1	0.8416234428431498	1.386090459041495	0.5	0.377796916440274	1.188179830901367	0.7214536349175342	-0.4667261959838327	0.8572694899282207	0.6128633228087685	-0.1279423978905908
1	7	1	1.939893117213755	0.125	0.3401484204118745	0.9999999999999996	3.608446227209681	2.608446227209682	0.1841509644451423	0.9640606609907348	0.7150463546927882
0	3	1	1.787368682967029	0	0.3587612955942179	0	1.678444983728822	1.678444983728822	0.2636690679006005	0.7363309320993996	0.4601076129721627
1	0	1	1.953551069698034	1	0.3385754897755124	0.9999999999999996	0	-0.9999999999999996	1	0.3385754897755124	-0.2741273127403858
0	2	0.8964790796415985	2.000252596530381	0	0.3094795030605984	0	0.9998737176840468	0.9998737176840468	0.4768185566934382	0.5231814433065618	0.2740926953084671
2	1	0.9403300387637745	2.059669961236227	0.6666666666666666	0.3134433462545914	2.126912804603524	0.4855146789633198	-1.641398125640204	0.9692052157792183	0.2331506254922628	-0.4499520573188555
1	1	0.9880273522372863	2.011972647762713	0.5	0.3293424507457622	1.012117729064487	0.4970246494712474	-0.5150930795932394	0.8915335501367752	0.5502184516282995	-0.1412010817200645
5	0	1	2	1	0.3333333333333333	4.999999999999999	0	-4.999999999999999	1	0.004115226337448097	-1.37063656370193
3	0	1	2	1	0.3333333333333333	3	0	-3	1	0.03703703703703698	-0.8223819382211579
1	0	1	2	1	0.3333333333333333	1	0	-1	1	0.3333333333333333	-0.274127312740386
1	1	0.8137196825167743	2.082956646554702	0.5	0.2809149487466591	1.228924433666241	0.4800868043288573	-0.7488376293373833	0.9210867915706618	0.4829166890639801	-0.2052768470091381
2	0	0.8968952371852649	2.000217032414132	1	0.3095824924000217	2.229914840752884	0	-2.229914840752884	1	0.09584131960060938	-0.6112805629354938
5	0	0.7722860981153543	2.227713901884646	1	0.2574286993717848	6.474284610588916	0	-6.474284610588916	1	0.001130537083182115	-1.774778242217176
0	0	0.8134251829604778	1.414288718924168	0	0.36513898049131	0	0	0	0	0	0
2	0	0.8134889283172677	1.414224973567378	1	0.3651675951876299	2.458546060530995	0	-2.458546060530995	1	0.1333473725751168	-0.6739546248218241
0	5	1	2	0	0.3333333333333333	0	2.5	2.5	0.131687242798354	0.868312757201646	0.6853182818509648
4	1	0.9999999999999999	2	0.8	0.3333333333333334	4.000000000000001	0.5000000000000001	-3.500000000000001	0.9958847736625515	0.04526748971193417	-0.9594455945913511
2	8	0.914916472685808	2.085083527314193	0.2	0.3049721575619359	2.185991901674746	3.83677675028436	1.650784848609615	0.3696269836107179	0.8582762664466808	0.4525252144618986
5	0	1	2	1	0.3333333333333333	5	0	-5	1	0.004115226337448097	-1.37063656370193
3	2	0.7722860981153541	2.227713901884646	0.6	0.2574286993717847	3.884570766353351	0.8977813525821245	-2.986789413771226	0.9825638918146837	0.1115052556451395	-0.818760555718539
1	1	0.9137796290518109	2.086220370948188	0.5	0.304593209683937	1.094355759536527	0.4793357470407115	-0.6150200124958151	0.9072229766144373	0.5164093959823112	-0.1685937833070364
4	0	1	1.945751692133809	1	0.3394719258484519	4	0	-4	0.9999999999999999	0.01328053151289244	-1.096509250961544
6	2	0.995738779126325	2.002161623751508	0.75	0.3321453835392484	6.025676739500377	0.9989203550173649	-5.026756384483012	0.9974691753449201	0.01929920899134852	-1.377971219478907
0	10	0.8975822926732102	1.99943623216612	0	0.3098296697025748	0	5.001409816989434	5.001409816989434	0.02452239337675898	0.975477606623241	1.371023033044699
2	4	0.9999999999999998	2	0.3333333333333333	0.3333333333333334	2	2	0	0.6803840877914951	0.6488340192043897	0
7	2	0.633399312042087	1.776465750505175	0.7777777777777778	0.262836007661182	11.05148026989786	1.12583088046097	-9.925649389436886	0.9998429063021175	0.001852308596972607	-2.720891594329586
3	3	0.7640978399455273	2.235881460817999	0.5	0.2547010373541765	3.926198770845721	1.341752705844454	-2.584446065001267	0.9598685730798644	0.1769401178271497	-0.7084672547212623
2	0	0.9482407383658539	2.051122583072472	1	0.3161473408667047	2.109169031744713	0	-2.109169031744713	1	0.0999491411370883	-0.57818083878742
5	28	0.8409717057992027	2.159028294200799	0.1515151515151515	0.2803239019330673	5.945503238124211	12.96879715527983	7.023293917155623	0.0672819937818737	0.9737859048914695	1.92527668809577
9.5	12.5	1.002646520051548	1.997353479948453	0.4318181818181818	0.3342155066838494	9.474924422528872	6.258281333518691	-3.216643089010181	0.8772609449710139	0.2307415736379927	-0.881769726035295
6	1	1	2	0.8571428571428571	0.3333333333333333	5.999999999999999	0.4999999999999999	-5.499999999999999	0.9995427526291726	0.00685871056241405	-1.507700220072123
3	0	0.7722860981153539	2.227713901884644	1	0.2574286993717848	3.884570766353352	0	-3.884570766353352	1	0.01705968027001825	-1.064866945330306
4	6	0.8729082443719125	2.012321793221562	0.4	0.3025437254562869	4.58238311505253	2.981630482863525	-1.600752632189005	0.8453340822081492	0.3571886652279695	-0.4388100174240714
0	1	0.2771429933848056	2.722857006615195	0	0.09238099779493518	0	0.3672612985443212	0.3672612985443212	0.9076190022050649	0.09238099779493514	0.1006763528434994
0	0	0.7722860981153544	2.227713901884646	0	0.2574286993717848	0	0	0	0	0	0
2	0	0.9108045913272206	2.08919540867278	1	0.3036015304424068	2.195860691792966	0	-2.195860691792966	0.9999999999999999	0.09217388928697179	-0.6019453905934506
0	1	0.7722860981153542	2.000910674189264	0	0.2784822576702911	0	0.4997724350714374	0.4997724350714374	0.721517742329709	0.278482257670291	0.1370012746078522
0	0	0	1.269381397523389	0	0	0	0	0	0	0	0
1	0	1	2	1	0.3333333333333333	0.9999999999999998	0	-0.9999999999999998	1	0.3333333333333333	-0.2741273127403859
0	1	0.1870754543805181	2.812924545619482	0	0.06235848479350603	0	0.3555018927035503	0.3555018927035503	0.937641515206494	0.06235848479350603	0.09745277852094526
7	0	0.9999999999999997	1.999999999999999	1	0.3333333333333333	7.000000000000003	0	-7.000000000000003	1	0.0004572473708274183	-1.918891189182703
0	0	0.8134251829604778	2.083251146110999	0	0.2808132806543904	0	0	0	0	0	0
10	0	1	2	1	0.3333333333333333	10	0	-10	1.000000000000001	1.693508780764574e-05	-2.74127312740386
4	0	0.9999999999999999	1.932862129420885	1	0.3409638625588777	4.000000000000001	0	-4.000000000000001	0.9999999999999997	0.01351554021066725	-1.096509250961544
1	0	0.7722860981153541	2.227713901884645	1	0.2574286993717848	1.294856922117783	0	-1.294856922117783	1	0.2574286993717847	-0.3549556484434352
0	1	0.1862293534869544	2.813770646513045	0	0.06207645116231816	0	0.355394993276814	0.355394993276814	0.9379235488376818	0.06207645116231819	0.09742347446836054
1	1	0.999930172079908	2.000069827920092	0.5	0.3333100573599693	1.000069832796371	0.4999825436294479	-0.5000872891669229	0.888904405662694	0.5555245203826324	-0.1370875847149529
3	0	1.638206222032117	1.221125503705371	1	0.5729332512510718	1.831271276871749	0	-1.831271276871749	1	0.1880667780085669	-0.5020014740275079
5	0	0.9134857495991662	2.086514250400833	1	0.3044952498663888	5.473539135332959	0	-5.473539135332959	0.9999999999999997	0.00261759595025346	-1.50044657434816
2	1	0.7722987205422169	2.227669577355405	0.6666666666666666	0.257435627264276	2.589671518031049	0.4488996079872661	-2.140771910043783	0.9829389423682678	0.1646971912913888	-0.5868440508904055
1	0	0.7722860981153542	2.227713901884646	1	0.2574286993717848	1.294856922117783	0	-1.294856922117783	1	0.2574286993717847	-0.3549556484434352
1	0	1	2	1	0.3333333333333333	1	0	-1	1	0.3333333333333333	-0.274127312740386
4	0	1	1.999792717226327	1	0.3333563663440792	4	0	-4	1	0.01234909166392995	-1.096509250961544
4	0	0.7722860981153542	2.227713901884646	1	0.2574286993717848	5.179427688471134	0	-5.179427688471134	1	0.004391651303609079	-1.419822593773741
1	0	1.772286098115354	1.227713901884645	1	0.5907620327051181	0.5642429859735391	0	-0.5642429859735391	1	0.5907620327051181	-0.1546744134775375
0	0	0.9134857495991665	2.086514250400834	0	0.3044952498663888	0	0	0	0	0	0
4	0	1	2	1	0.3333333333333333	4	0	-4	1	0.01234567901234551	-1.096509250961544
1	0	1	2	1	0.3333333333333333	0.9999999999999998	0	-0.9999999999999998	1	0.3333333333333333	-0.2741273127403859
2	0	1.023839988005342	1.974495305955159	1	0.3414694781026147	1.953430246357563	0	-1.953430246357563	1	0.1166014044756719	-0.5354885840597889
2	0	0.9999999999999999	2	1	0.3333333333333334	2	0	-2	1	0.111111111111111	-0.5482546254807721
1	0	0.7722860981153542	2	1	0.2785737369026837	1.294856922117783	0	-1.294856922117783	1	0.2785737369026837	-0.3549556484434352
3	0	0.7722860981153542	2.227713901884646	1	0.2574286993717847	3.88457076635335	0	-3.88457076635335	1	0.01705968027001836	-1.064866945330306
0	1	0.8134507731039302	2.083225555967546	0	0.2808221149667351	0	0.4800248331897762	0.4800248331897762	0.7191778850332649	0.2808221149667351	0.1315879175709654
0	2	0.1854427185021213	2.814557281497879	0	0.06181423950070708	0	0.7105913292820319	0.7105913292820319	0.8801925212036366	0.1198074787963634	0.1947924915527021
3	4	1.124373610245726	1.109184523398821	0.4285714285714285	0.5034001995779981	2.668152269550657	3.606252986421944	0.9381007168712867	0.4925624073841505	0.7789779324887368	0.2571590285957555
0	4	0.7798881228593005	2.220111877140698	0	0.2599627076197669	0	1.80171100438039	1.80171100438039	0.2999262116394588	0.7000737883605412	0.493898195965578
5	0	0.9999999999999999	1.999729807366537	1	0.3333633574411489	5.000000000000001	0	-5.000000000000001	0.9999999999999997	0.004117080011336816	-1.37063656370193
0	2	0.8136051006505652	2.083071228420911	0	0.2808753924230689	0	0.9601207931406727	0.9601207931406727	0.5171402012226751	0.4828597987773249	0.2631953329298206
0	1	0.772356153189815	2.227643846810185	0	0.2574520510632717	0	0.448904793031401	0.448904793031401	0.7425479489367284	0.2574520510632716	0.1230570645899771
3	0	0.9999999999999998	1.775123177710759	1	0.3603443652634241	3.000000000000001	0	-3.000000000000001	0.9999999999999999	0.04679001732968624	-0.8223819382211581
0	1	0.1873239652206633	2.812676034779337	0	0.06244132174022109	0	0.3555333026750281	0.3555333026750281	0.9375586782597789	0.0624413217402211	0.09746138885201974
0	0	0	3.000000000000001	0	0	0	0	0	0	0	0
6	3	0.9101735667523754	2.013521228430472	0.6666666666666666	0.3113093638405761	6.592149255013883	1.489927177146517	-5.102222077867366	0.9945874314744755	0.03038753559289509	-1.398658427210449
3	0	1	1.77433669693339	1	0.3604465172180972	3	0	-3	1	0.04682982131125779	-0.8223819382211578
0	1	0.7722860981153543	2.227713901884646	0	0.2574286993717848	0	0.4488906762910623	0.4488906762910623	0.7425713006282153	0.2574286993717847	0.1230531948058834
1	2	0.9999999999999999	2	0.3333333333333333	0.3333333333333334	1	1	0	0.7407407407407406	0.7037037037037037	0
2	3	0.9966483231708965	2.003351676829104	0.4	0.3322161077236321	2.006725896690299	1.497490447981848	-0.5092354487084512	0.7917758274385938	0.5368859418398009	-0.1395953451065924
1	0	0.9134857495991664	2.086514250400834	1	0.3044952498663888	1.094707827066592	0	-1.094707827066592	1	0.3044952498663889	-0.3000893148696319
2	7	0.9771339054190065	2.021923750461465	0.2222222222222222	0.3258136446637058	2.046802376735025	3.462049445931077	1.415247069196051	0.3958673594008384	0.8460687808828964	0.3879578759424206
0	4	0.8155309539215526	2.101405940254253	0	0.2795847094086636	0	1.903487528695209	1.903487528695209	0.2693591221759488	0.7306408778240512	0.5217979210760558
2	0	0.7722860981153541	2.086514250400834	1	0.2701434182055407	2.589713844235567	0	-2.589713844235567	1	0.07297746639977354	-0.7099112968868705
3	5	0.790120428886143	2.189555977896612	0.375	0.2651698778724967	3.796889550405869	2.283568015832703	-1.513321534573166	0.8641334408303846	0.3595816835025493	-0.4148427655846991
3	1	0.999859678766141	2.000070123334775	0.75	0.3332943584432935	3.000421022780013	0.499982469780945	-2.500438552999068	0.9876600940328221	0.1110764698024933	-0.6854385012060936
1	5	0.834214711494228	2.105905014704051	0.1666666666666667	0.2837349459142295	1.198732156387917	2.37427612598314	1.175543969595223	0.4559805114124057	0.8649661727243607	0.3222487093933044
1	0	0.7722860981153541	2.086514250400834	1	0.2701434182055407	1.294856922117783	0	-1.294856922117783	1	0.2701434182055407	-0.3549556484434352
3	0	0.9128139023772054	2.087186097622795	1	0.3042713007924018	3.28654065432967	0	-3.28654065432967	1	0.02816974874901812	-0.9009305577834222
2	0	1	2	1	0.3333333333333333	2	0	-2	1	0.1111111111111109	-0.548254625480772
0	0	1	2	0	0.3333333333333333	0	0	0	0	0	0
2	0	0.7722860981153542	2.227713901884645	1	0.2574286993717848	2.589713844235567	0	-2.589713844235567	1	0.0662695352602487	-0.7099112968868705
2	0	1	1.932716974359068	1	0.3409807385925965	2	0	-2	1	0.1162678640911526	-0.548254625480772
0	0	0.7722860981153544	2.227713901884646	0	0.2574286993717848	0	0	0	0	0	0
3	0	0.9134857495991663	2.086514250400833	1	0.3044952498663888	3.284123481199775	0	-3.284123481199775	0.9999999999999999	0.02823199484488415	-0.9002679446088959
2	1	0.9999999999999998	2	0.6666666666666666	0.3333333333333334	2	0.5000000000000001	-1.5	0.9629629629629628	0.2592592592592594	-0.4111909691105791
0	0	0.7722860981153544	2.227713901884646	0	0.2574286993717848	0	0	0	0	0	0
0	2	0.7729144235534555	2.227085576446544	0	0.2576381411844852	0	0.8980346427419849	0.8980346427419849	0.5511011294240262	0.4488988705759738	0.2461758233626329
0	1	0.8135534187739056	2.08312291029757	0	0.2808575506379371	0	0.480048486364711	0.480048486364711	0.7191424493620628	0.2808575506379372	0.1315944015522481
1	0	1	2	1	0.3333333333333333	0.9999999999999998	0	-0.9999999999999998	1	0.3333333333333333	-0.2741273127403859
3	0	0.7722860981153545	2.227713901884647	1	0.2574286993717848	3.884570766353348	0	-3.884570766353348	1	0.01705968027001825	-1.064866945330305
1	0	0.8134410854052092	1.414272816479437	1	0.3651461189504802	1.2293453305249	0	-1.2293453305249	1	0.3651461189504802	-0.3369971318867323
2	0	0.7722860981153541	2.227713901884645	1	0.2574286993717848	2.589713844235567	0	-2.589713844235567	1	0.0662695352602487	-0.7099112968868705
3	2	0.9994989938517653	2.000501006148235	0.6	0.3331663312839218	3.001503771843643	0.9997495596619572	-2.001754212181686	0.9548149287987111	0.2096291947589021	-0.5487355029521139
0	0	0.7722860981153544	2.227713901884646	0	0.2574286993717848	0	0	0	0	0	0
6	2	0.9467460996485119	2.050618004744118	0.75	0.3158595574895481	6.337496401862712	0.9753157318296175	-5.362180670033094	0.9981842316585779	0.01482982506644148	-1.469920177504614
2	0	0.9134857495991663	2.086514250400834	1	0.3044952498663888	2.189415654133184	0	-2.189415654133184	1	0.09271735719119456	-0.6001786297392639
0	0	1	2	0	0.3333333333333333	0	0	0	0	0	0
7	0	0.7722860981153543	2	1	0.2785737369026837	9.063998454824482	0	-9.063998454824482	0.9999999999999992	0.0001301910681722473	-2.484689539104046
3	0	1	1.998946478363731	1	0.3334504324150576	3	0	-3	1	0.03707608377807903	-0.8223819382211578
1	3	1	2	0.25	0.3333333333333333	0.9999999999999998	1.5	0.5	0.5925925925925928	0.802469135802469	0.137063656370193
3	0	0.7722860981153541	2.086514250400833	1	0.2701434182055408	3.884570766353351	0	-3.884570766353351	0.9999999999999999	0.01971438222521493	-1.064866945330306
3	0	1	2	1	0.3333333333333333	3	0	-3	1	0.03703703703703698	-0.8223819382211579
2	0	0.8968200184004764	2.000142458136513	1	0.3095725352551095	2.2301018699015	0	-2.2301018699015	1	0.09583515458427605	-0.6113318327334081
1	0	0.7722860981153541	2	1	0.2785737369026837	1.294856922117783	0	-1.294856922117783	1	0.2785737369026837	-0.3549556484434352
5	3	0.9997335487494904	2.000266451250509	0.625	0.3332445162498302	5.001332611328503	1.499800188182173	-3.501532423146331	0.9803656393604027	0.08785297179969709	-0.9598656736304356
1	0	0.8652290495254851	2.03144727954599	1	0.2986971795370844	1.155763321340664	0	-1.155763321340664	1	0.2986971795370844	-0.3168262934430193
1	1	0.8135054153031879	1.415402388725537	0.5	0.3649793920739056	1.229248117085129	0.7065128672705042	-0.5227352498146253	0.8667900433613625	0.5967488275091734	-0.1432960093063576
0	4	0.7722860981153545	2.227713901884647	0	0.2574286993717848	0	1.795562705164249	1.795562705164249	0.304055344297889	0.6959446557021109	0.4922127792235335
6	0	0.9999999999999997	1.999999999999999	1	0.3333333333333333	6.000000000000002	0	-6.000000000000002	1	0.001371742112482699	-1.644763876442316
5	0	1.771747438866927	1.227687871077666	1	0.5906936659019512	2.822072655681453	0	-2.822072655681453	0.9999999999999997	0.07191368929694308	-0.7736071934600812
4	0	0.8140930306756884	2.082583298395787	1	0.2810438372093317	4.913443364918679	0	-4.913443364918679	0.9999999999999999	0.006238731078723303	-1.346909025927237
2	0	1.638591741917729	1.221253097599682	1	0.5729652599594306	1.220560282855628	0	-1.220560282855628	1	0.3282891891203779	-0.3345889103768587
1	0	1	2	1	0.3333333333333333	1	0	-1	1	0.3333333333333333	-0.274127312740386
2	0	0.9999999999999998	2	1	0.3333333333333334	2	0	-2	1	0.111111111111111	-0.5482546254807721
5	0	1	1.969338401585937	1	0.336775356916509	4.999999999999999	0	-4.999999999999999	0.9999999999999998	0.004332130446663696	-1.37063656370193
0	0	0	3.000000000000001	0	0	0	0	0	0	0	0
6	0	1.114933879414014	1.433853225706373	1	0.4374370370809579	5.381485046587226	0	-5.381485046587226	0.9999999999999999	0.007006373860630855	-1.475212034373527
1	0	0.7722860981153541	2.227713901884645	1	0.2574286993717848	1.294856922117783	0	-1.294856922117783	1	0.2574286993717847	-0.3549556484434352
3	1	0.9997509261813556	2.000249073818646	0.75	0.3332503087271184	3.000747407615602	0.4999377392990939	-2.500809668316508	0.9876666163346891	0.1110373252473122	-0.6855402340507802
2	0	1	2	1	0.3333333333333333	2	0	-2	1	0.1111111111111109	-0.548254625480772
0	0	0.8653093012383059	2.067345349380847	0	0.2950600750264333	0	0	0	0	0	0
1	2	0.8136369398250833	2.083039389246392	0.3333333333333333	0.2808863840461918	1.229049408959949	0.9601354685489485	-0.2689139404110001	0.8076307941573351	0.6281288081034255	-0.07371665584329576
4	0	0.9999999999999998	1.999813386155519	1	0.3333540694948272	4.000000000000001	0	-4.000000000000001	1	0.01234875132294133	-1.096509250961544
0	0	0.1865748170395223	2.813425182960478	0	0.06219160567984077	0	0	0	0	0	0
2	0	0.7722860981153543	2.227713901884646	1	0.2574286993717848	2.589713844235566	0	-2.589713844235566	1	0.0662695352602487	-0.7099112968868704
12	0	1	1.999896253694247	1	0.3333448610992937	11.99999999999999	0	-11.99999999999999	0.9999999999999996	1.882457467017318e-06	-3.28952775288463
1	0	1	2	1	0.3333333333333333	1	0	-1	1	0.3333333333333333	-0.274127312740386
4	0	0.5947988615062491	2.405201138493752	1	0.1982662871687496	6.724962434982696	0	-6.724962434982696	1	0.001545238411978067	-1.843495880581849
9	0	1	2	1	0.3333333333333333	8.999999999999998	0	-8.999999999999998	1.000000000000001	5.080526342449154e-05	-2.467145814663473
6	0	1	2	1	0.3333333333333333	5.999999999999999	0	-5.999999999999999	1	0.001371742112482699	-1.644763876442316
1	0	0.7722860981153543	2.227713901884646	1	0.2574286993717848	1.294856922117783	0	-1.294856922117783	1	0.2574286993717847	-0.3549556484434352
0	0	0.1865748170395223	2.813425182960478	0	0.06219160567984077	0	0	0	0	0	0
1	0	0.8134571407235299	2.119197509895623	1	0.2773791112948774	1.229321066762718	0	-1.229321066762718	1	0.2773791112948774	-0.3369904805268084
1	0	0.7722860981153543	2.227713901884646	1	0.2574286993717848	1.294856922117783	0	-1.294856922117783	1	0.2574286993717847	-0.3549556484434352
2	0	1	2	1	0.3333333333333333	2	0	-2	1	0.1111111111111109	-0.548254625480772
0	0	0	1.269381397523389	0	0	0	0	0	0	0	0
6	0	0.8647180161897784	2.067936634429374	1	0.2948584539291785	6.938678144394286	0	-6.938678144394286	0.9999999999999998	0.0006571757115970689	-1.902081193693254
2	0	1	1.932758326916944	1	0.340975930686811	2	0	-2	1	0.1162645853077369	-0.548254625480772
0	0	0	3.000000000000001	0	0	0	0	0	0	0	0
6	15	0.9262928957051271	2.073261045747885	0.2857142857142857	0.3088102143802162	6.477432816142444	7.234978938500755	0.7575461223583115	0.5151054047120392	0.6696603235744569	0.2076640827989836
1	0	0.7722860981153543	2.227713901884646	1	0.2574286993717848	1.294856922117783	0	-1.294856922117783	1	0.2574286993717847	-0.3549556484434352
0	0	1	2	0	0.3333333333333333	0	0	0	0	0	0
0	0	0	1.269381397523389	0	0	0	0	0	0	0	0
2	0	0.7722860981153541	2	1	0.2785737369026837	2.589713844235567	0	-2.589713844235567	0.9999999999999998	0.07760332689192584	-0.7099112968868705
2	0	0.9999999999999998	2	1	0.3333333333333334	2	0	-2	1	0.111111111111111	-0.5482546254807721
1	0	0.7722860981153543	2.227713901884646	1	0.2574286993717848	1.294856922117783	0	-1.294856922117783	1	0.2574286993717847	-0.3549556484434352
4	0	0.9487306118903253	2.051014003459083	1	0.3162704608371529	4.216159940312337	0	-4.216159940312337	0.9999999999999999	0.01000540160886665	-1.155764594521487
2	0	0.7722860981153541	2.227713901884645	1	0.2574286993717848	2.589713844235567	0	-2.589713844235567	1	0.0662695352602487	-0.7099112968868705
5	0	0.8145539564661	1.413159945418546	1	0.3656456763936282	6.138328787563982	0	-6.138328787563982	1	0.00653585204330509	-1.682683575251866
2	0	0.7722860981153542	2.227713901884646	1	0.2574286993717848	2.589713844235567	0	-2.589713844235567	1	0.0662695352602487	-0.7099112968868705
1	1	0.9999299331183059	2.000070066881694	0.5	0.333309977706102	1.000070071791406	0.499982483893226	-0.50008758789818	0.8889044587615578	0.5555244141737617	-0.1370876666053496
6	0	0.8615714916237387	2.071083158995414	1	0.2937855268576683	6.964018724310682	0	-6.964018724310682	0.9999999999999991	0.0006429576686350913	-1.909027738769018
3	0	1	1.956781915273641	1	0.3382055317757358	2.999999999999999	0	-2.999999999999999	1	0.0386849571599609	-0.8223819382211576
2	6	0.8545141034814016	2.103728019846633	0.25	0.2888587437596452	2.340511399228801	2.852079709637282	0.5115683104084803	0.5801421542209435	0.7220368705259694	0.1402348462154163
2	0	1	1.934205149305476	1	0.3408077994262601	2	0	-2	0.9999999999999999	0.1161499561497701	-0.5482546254807719
3	0	0.8139202791438105	1.413793622740835	1	0.3653612245518754	3.685864668657474	0	-3.685864668657474	1	0.04877164034898307	-1.010396176743807
1	0	1	2	1	0.3333333333333333	1	0	-1	1	0.3333333333333333	-0.274127312740386
2	0	1	2	1	0.3333333333333333	2	0	-2	1	0.1111111111111109	-0.5482546254807719
2	0	0.7722860981153544	2.227713901884646	1	0.2574286993717848	2.589713844235566	0	-2.589713844235566	1	0.0662695352602487	-0.7099112968868702
3	0	1.000713110695952	1.999286889304049	1	0.3335710368986506	2.997862192405604	0	-2.997862192405604	0.9999999999999999	0.03711632807522547	-0.8217959067701502
1	0	0.8134411393431138	2.083235189728363	1	0.2808187891685713	1.229345249009092	0	-1.229345249009092	1	0.2808187891685713	-0.3369971095410231
0	0	0.7722860981153544	2.227713901884646	0	0.2574286993717848	0	0	0	0	0	0
2	0	0.9999999999999998	2	1	0.3333333333333334	2	0	-2	1	0.111111111111111	-0.5482546254807721
0	0	0.8134251829604778	1.414288718924168	0	0.36513898049131	0	0	0	0	0	0
0	0	1	2	0	0.3333333333333333	0	0	0	0	0	0
1	0	0.9999999999999998	2	1	0.3333333333333334	1	0	-1	1	0.3333333333333334	-0.274127312740386
3	1	0.9120521079751776	2.087947892024822	0.75	0.3040173693250592	3.289285747784981	0.4789391554356432	-2.810346592349338	0.9914573308491954	0.08676911209072125	-0.7703927592298249
3	3	0.7722860981153548	2.227713901884647	0.5	0.2574286993717848	3.884570766353348	1.346672028873186	-2.537898737480161	0.9583477935330891	0.1813583048233676	-0.6957073609126548
0	0	0.8134251829604778	1.414288718924168	0	0.36513898049131	0	0	0	0	0	0
0	0	0.9134857495991665	2.086514250400834	0	0.3044952498663888	0	0	0	0	0	0
3	1	0.7815794905115622	2.218420509488439	0.75	0.2605264968371873	3.838381170975238	0.4507711661170121	-3.387610004858226	0.9953931125826179	0.05691129742658552	-0.9286364272442313
5	0	1	1.998755768399727	1	0.3334716386502011	5	0	-5	0.9999999999999999	0.004123770790205539	-1.37063656370193
4	0	0.8467047845562332	2.049971544515244	1	0.2923021726861843	4.724196760145204	0	-4.724196760145204	1	0.007300089319952741	-1.295031362715442
1	0	1.772286098115355	1.227713901884646	1	0.5907620327051181	0.5642429859735389	0	-0.5642429859735389	1	0.5907620327051181	-0.1546744134775375
1	0	0.7722860981153542	2.227713901884646	1	0.2574286993717848	1.294856922117783	0	-1.294856922117783	1	0.2574286993717847	-0.3549556484434352
5	1	0.9848295933469179	1.781583708247966	0.8333333333333334	0.3559951048453776	5.077020465040687	0.5612983523425984	-4.515722112698088	0.9979645325716732	0.0241287653966723	-1.237882767836265
3	1	1.595322514533575	1.242141794434433	0.75	0.5622352709394244	1.880497499828185	0.8050610682939912	-1.075436431534194	0.9000754162983511	0.4111356412189291	-0.2948064989995786
0	1	0.9142834394620361	2.085716560537964	0	0.3047611464873454	0	0.4794515318716521	0.4794515318716521	0.6952388535126546	0.3047611464873454	0.1314307600212375
3.5	3.5	0.9582233796686492	2.019174647414376	0.5	0.321832476193123	3.652592990592955	1.733381510352199	-1.919211480240756	0.9024659719759375	0.2794783948809774	-0.5261082856588969
0	0	0.8134251829604778	2.083251146110999	0	0.2808132806543904	0	0	0	0	0	0
3	0	1	2.000000000000001	1	0.3333333333333333	2.999999999999999	0	-2.999999999999999	1	0.03703703703703698	-0.8223819382211576
0	0	0.7722860981153544	2.227713901884646	0	0.2574286993717848	0	0	0	0	0	0
1	0	0.8652774895211847	2.067377161097968	1	0.295049227613113	1.155698619356625	0	-1.155698619356625	1	0.2950492276131129	-0.3168085568620059
1	0	0.8134891256819099	2.083187203389566	1	0.2808353551681324	1.229272732025455	0	-1.229272732025455	1	0.2808353551681324	-0.3369772306551705
4	0	0.7722860981153542	2.227713901884646	1	0.2574286993717848	5.179427688471134	0	-5.179427688471134	1	0.004391651303609079	-1.419822593773741
2	0	0.7722860981153545	2.227713901884647	1	0.2574286993717848	2.589713844235566	0	-2.589713844235566	1	0.0662695352602487	-0.70991129688687
4	0	0.8491619698348728	1.378551932049773	1	0.3811808909198267	4.710526545104035	0	-4.710526545104035	1	0.02111176208894017	-1.291283983401623
2	0	0.9134857495991665	2.086514250400834	1	0.3044952498663888	2.189415654133183	0	-2.189415654133183	1	0.09271735719119456	-0.6001786297392637
1	0	0.8137285853791283	2.118926065240024	1	0.2774716706610275	1.228910988218615	0	-1.228910988218615	1	0.2774716706610275	-0.336878066797501
5	0	0.8155496534898818	2.081126675581593	1	0.2815466972629644	6.130834558759374	0	-6.130834558759374	1	0.001769099198201673	-1.680629202448597
2	0	0.8134731189017433	2.11918153171741	1	0.2773845596616703	2.458593841060375	0	-2.458593841060375	1	0.07694219393869872	-0.6739677227699441
2	0	0.772286098115354	2.227713901884645	1	0.2574286993717848	2.589713844235567	0	-2.589713844235567	1	0.0662695352602487	-0.7099112968868706
3	1	0.9999999999999998	1.774523302045246	0.75	0.3604222747968445	3.000000000000001	0.5635316249989163	-2.436468375001084	0.9831248946213275	0.1366561762543661	-0.6679025282159823
0	0	0.8134251829604778	2.119229467658676	0	0.2773682140816493	0	0	0	0	0	0
6	1	0.998248284305845	2.001751715694156	0.8571428571428571	0.3327494281019482	6.010528737519683	0.499562454304292	-5.510966283215391	0.9995483300224021	0.006791693965197521	-1.510706377820708
4	0	0.8139684936357404	2.118686156983412	1	0.2775534764940333	4.914195120910961	0	-4.914195120910961	1	0.005934534867475305	-1.347115102777238
2	0	0.9999999999999997	1.999295256610832	1	0.3334116565536092	2.000000000000001	0	-2.000000000000001	0.9999999999999999	0.1111633327258219	-0.5482546254807722
2	0	0.89733219125801	2.000650242474877	1	0.3096403141761483	2.228828988288173	0	-2.228828988288173	0.9999999999999998	0.09587712416310401	-0.6109829011173101
4	0	0.9132619849878283	2.086738015012171	1	0.3044206616626095	4.379904195895453	0	-4.379904195895453	1	0.008588088323818299	-1.200651367281162
2	0	0.865085367361291	1.362628534523354	1	0.3883287556043122	2.311910564503546	0	-2.311910564503546	0.9999999999999998	0.1507992224291939	-0.6337578303434659
1	0	0.7722860981153542	2.227713901884646	1	0.2574286993717847	1.294856922117783	0	-1.294856922117783	1	0.2574286993717847	-0.3549556484434352
4	0	1.031518311761035	1.968481688238966	1	0.3438394372536783	3.87777895398783	0	-3.87777895398783	0.9999999999999999	0.01397728270886567	-1.063005124057909
1	0	0.8652613685914988	2.067393282027654	1	0.2950437305697832	1.155720151505011	0	-1.155720151505011	1	0.2950437305697832	-0.3168144594119804
1	0	0.8134892605197707	2.083187068551705	1	0.2808354017172962	1.229272528270453	0	-1.229272528270453	1	0.2808354017172962	-0.3369771748003595
1	0	0.7722860981153543	2	1	0.2785737369026837	1.294856922117783	0	-1.294856922117783	1	0.2785737369026837	-0.3549556484434352
2	1	1	2	0.6666666666666666	0.3333333333333333	2	0.4999999999999999	-1.5	0.962962962962963	0.2592592592592592	-0.4111909691105788
2	0	0.8543722374019747	2.078282413217178	1	0.2913306676671242	2.34090003448815	0	-2.34090003448815	1	0.08487355792337214	-0.6417046358481133
4	0	0.7722860981153541	2.227713901884645	1	0.2574286993717848	5.179427688471134	0	-5.179427688471134	1	0.004391651303609079	-1.419822593773741
6	0	1	2	1	0.3333333333333333	6	0	-6	1	0.001371742112482699	-1.644763876442316
1	0	0.8134411383710536	2.083235190700423	1	0.2808187888329935	1.229345250478157	0	-1.229345250478157	1	0.2808187888329935	-0.3369971099437339
0	0	0.1865748170395223	2.813425182960478	0	0.06219160567984077	0	0	0	0	0	0
0	0	0.7722860981153544	2.227713901884646	0	0.2574286993717848	0	0	0	0	0	0
1	0	0.9999999999999998	2	1	0.3333333333333334	1	0	-1	1	0.3333333333333334	-0.274127312740386
0	0	0	1.269381397523389	0	0	0	0	0	0	0	0
3	0	1	1.826239796164484	1	0.3538270182725151	2.999999999999999	0	-2.999999999999999	0.9999999999999998	0.04429686363822372	-0.8223819382211576
0	0	0.7722860981153544	2	0	0.2785737369026837	0	0	0	0	0	0
4	0	0.7722860981153541	2.227713901884645	1	0.2574286993717848	5.179427688471134	0	-5.179427688471134	1	0.004391651303609079	-1.419822593773741
8	0	0.9999999999999998	2	1	0.3333333333333334	8.000000000000002	0	-8.000000000000002	1	0.0001524157902758061	-2.193018501923088
1	1	0.8665719082138538	2.066722032784896	0.5	0.2954262087756527	1.153972325344775	0.4838580051582969	-0.6701143201864785	0.9127233551684442	0.50357577271975	-0.1836966378215699
0	0	1	2	0	0.3333333333333333	0	0	0	0	0	0
0	2	0.9998395232060805	2.000160476793919	0	0.3332798410686936	0	0.9999197680407242	0.9999197680407242	0.4445157703253865	0.5554842296746134	0.2741053189689938
1	1	0.999973469025867	2.000026530974133	0.5	0.333324489675289	1.000026531678044	0.4999933673444521	-0.5000331643335922	0.8888947845827082	0.5555437639332861	-0.1370727476198395
5	0	0.9999999999999996	1.999999999999999	1	0.3333333333333333	5.000000000000003	0	-5.000000000000003	1	0.004115226337448097	-1.370636563701931
1	2	1.769552156777698	1.230447843222302	0.3333333333333333	0.5898507189258994	0.5651147360476622	1.6254244428292	1.060309706781537	0.3666746785781094	0.9310036901406522	0.2906598505925695
1	0	0.8644050432996091	2.068249607319543	1	0.2947517339340017	1.15686506892972	0	-1.15686506892972	1	0.2947517339340017	-0.3171283125489256
4	0	0.772286098115354	2.227713901884645	1	0.2574286993717848	5.179427688471135	0	-5.179427688471135	1	0.004391651303609079	-1.419822593773741
1	0	0.813601038668995	1.41411286321565	1	0.3652179204792361	1.229103642291243	0	-1.229103642291243	1	0.3652179204792361	-0.336930878540719
2	0	0.7722860981153545	2.227713901884647	1	0.2574286993717848	2.589713844235566	0	-2.589713844235566	1	0.0662695352602487	-0.70991129688687
2	0	0.9999999999999997	1.999999999999999	1	0.3333333333333333	2.000000000000001	0	-2.000000000000001	1	0.1111111111111109	-0.5482546254807722
0	0	0.9134857495991665	2.086514250400834	0	0.3044952498663888	0	0	0	0	0	0
2	0	0.7722860981153543	2.227713901884646	1	0.2574286993717848	2.589713844235566	0	-2.589713844235566	1	0.0662695352602487	-0.7099112968868704
4	0	1.764038329690753	1.225895298225338	1	0.5899924711439978	2.267524425447844	0	-2.267524425447844	1	0.1211674250427208	-0.6215903773212051
2	0	1	2	1	0.3333333333333333	2	0	-2	1	0.1111111111111109	-0.548254625480772
3	0	0.7722860981153542	2.227713901884646	1	0.2574286993717847	3.88457076635335	0	-3.88457076635335	1	0.01705968027001836	-1.064866945330306
0	1	1	1.77235625271865	0	0.3607040036861685	0	0.5642206517262439	0.5642206517262439	0.6392959963138316	0.3607040036861684	0.1546682910503445
3	0	0.8142207846955019	2.118433865923651	1	0.2776395047141335	3.684504321664946	0	-3.684504321664946	0.9999999999999999	0.02140147878414644	-1.01002326847835
0	0	0	3.000000000000001	0	0	0	0	0	0	0	0
0	2	0.7722860981153543	2.227713901884646	0	0.2574286993717848	0	0.8977813525821245	0.8977813525821245	0.5514121365166793	0.4485878634833207	0.2461063896117668
1	0	0.8134571341581975	2.083219194913279	1	0.2808243109505264	1.229321076684447	0	-1.229321076684447	1	0.2808243109505264	-0.3369904832466254
4	0	1.769462947745387	1.227577472625205	1	0.5904034312378703	2.260572907218383	0	-2.260572907218383	0.9999999999999998	0.1215053753055739	-0.6196847763094973
2	0	0.7722860981153543	2.227713901884646	1	0.2574286993717848	2.589713844235566	0	-2.589713844235566	1	0.0662695352602487	-0.7099112968868704
1	0	0.813473024709311	2.119181625909842	1	0.2773845275431826	1.229297062871068	0	-1.229297062871068	1	0.2773845275431825	-0.3369839004044952
1	5	0.8442465046810338	2.052429824390444	0.1666666666666667	0.2914535173322782	1.184488173128785	2.436136885452326	1.251648712323541	0.4388278523170415	0.8734651720701201	0.3431110980042168
0	0	1	2	0	0.3333333333333333	0	0	0	0	0	0
3	4	0.8824499918704906	2.033209467396502	0.4285714285714285	0.3026587995610234	3.399626072454295	1.967332960101719	-1.432293112352576	0.870490601215312	0.3589705985666132	-0.3926306619457753
1	1	0.8664548221599345	2.031742308017152	0.5	0.2989633842149972	1.154128264307144	0.4921884020695198	-0.6619398622376238	0.9106208948987159	0.5085476633287105	-0.1814557956309411
0	0	0.8134251829604778	1.414288718924168	0	0.36513898049131	0	0	0	0	0	0
3	0	1.77224464315938	1.227711898566295	1	0.590756772143081	1.69276855290808	0	-1.69276855290808	1	0.2061703112686415	-0.4640340945001238
6	0	0.955942817539707	2.043102163537139	1	0.318749076313108	6.276526053558405	0	-6.276526053558405	0.9999999999999999	0.00104880224798487	-1.720567220406986
0	0	0.8134251829604778	2.119229467658676	0	0.2773682140816493	0	0	0	0	0	0
0	0	0.7722860981153544	2.227713901884646	0	0.2574286993717848	0	0	0	0	0	0
1	0	1	2	1	0.3333333333333333	1	0	-1	1	0.3333333333333333	-0.274127312740386
1	0	0.8651973094712705	2.067457341147882	1	0.295021887179456	1.155805720906724	0	-1.155805720906724	1	0.295021887179456	-0.3168379163221249
1	0	0.7722860981153544	2.227713901884646	1	0.2574286993717848	1.294856922117783	0	-1.294856922117783	1	0.2574286993717847	-0.3549556484434351
0	0	0	3.000000000000001	0	0	0	0	0	0	0	0
2	0	1	1.999979259151168	1	0.3333356378880252	2	0	-2	1	0.1111126474862166	-0.548254625480772
0	0	0.7722860981153544	2.227713901884646	0	0.2574286993717848	0	0	0	0	0	0
4	0	1	2	1	0.3333333333333333	3.999999999999999	0	-3.999999999999999	1	0.01234567901234551	-1.096509250961544
2	0	0.7722860981153545	2.086514250400834	1	0.2701434182055408	2.589713844235566	0	-2.589713844235566	1	0.07297746639977354	-0.70991129688687
1	0	0.7722860981153541	2.227713901884645	1	0.2574286993717848	1.294856922117783	0	-1.294856922117783	1	0.2574286993717847	-0.3549556484434352
1	2	0.8146306664539065	2.082619346766815	0.3333333333333333	0.2811737553668432	1.227550153928046	0.9603291178029827	-0.2672210361250638	0.8072824101762432	0.6285744501280111	-0.07325258454066533
1	0	0.1977939036922382	2.802206096307761	1	0.06593130123074607	5.055767550631753	0	-5.055767550631753	1	0.06593130123074609	-1.385923972494726
4	0	0.7722860981153544	2	1	0.2785737369026837	5.179427688471132	0	-5.179427688471132	1	0.006022276344694988	-1.41982259377374
0	0	0.7722860981153544	2.227713901884646	0	0.2574286993717848	0	0	0	0	0	0
1	1	0.8134031205452089	2.083368726131377	0.5	0.2807964049631356	1.229402709113925	0.4799918456378614	-0.7494108634760632	0.9211533789597788	0.48274618888605	-0.2054339861431455
0	0	0.7722860981153544	2.086514250400834	0	0.2701434182055408	0	0	0	0	0	0
0	1	0.7722860981153541	2.227713901884645	0	0.2574286993717848	0	0.4488906762910625	0.4488906762910625	0.7425713006282153	0.2574286993717847	0.1230531948058834
0	0	0.7722860981153544	2.227713901884646	0	0.2574286993717848	0	0	0	0	0	0
4	3	0.9999999999999999	2	0.5714285714285714	0.3333333333333334	4.000000000000001	1.5	-2.500000000000001	0.954732510288066	0.173296753543667	-0.6853182818509652
2	0	0.7722860981153543	2.086514250400834	1	0.2701434182055408	2.589713844235566	0	-2.589713844235566	1	0.07297746639977354	-0.7099112968868704
0	2	0.1860574061164673	2.813942593883532	0	0.06201913537215579	0	0.710746553375772	0.710746553375772	0.8798081024079982	0.1201918975920018	0.1948350427163917
4	4	0.9995375560760714	1.956686107327257	0.5	0.3381129677195541	4.001850631509011	2.044272704252915	-1.957577927256097	0.9070726360217664	0.2685097071843322	-0.5366255766786087
1	0	0.9999999999999999	1.772419337658461	1	0.3606957960568054	1	0	-1	1	0.3606957960568054	-0.274127312740386
1	0	0.8912920811598375	2.108707918840162	1	0.2970973603866126	1.121966660691859	0	-1.121966660691859	1	0.2970973603866125	-0.3075617056797637
1	0	0.8967082988840989	2.000031695881404	1	0.3095577443969698	1.115189857442428	0	-1.115189857442428	1	0.3095577443969697	-0.3057039988160268
0	0	0.7722860981153544	2.227713901884646	0	0.2574286993717848	0	0	0	0	0	0
1	0	1	1.932675394248268	1	0.3409855730918115	1	0	-1	1	0.3409855730918114	-0.274127312740386
2	0	1	2	1	0.3333333333333333	2	0	-2	1	0.1111111111111109	-0.548254625480772
0	0	0.7722860981153544	2	0	0.2785737369026837	0	0	0	0	0	0
6	3	0.7723562651324942	2.227643734867505	0.6666666666666666	0.2574520883774982	7.768435721785369	1.346714446768766	-6.421721275016603	0.9983779658722789	0.0116365796112271	-1.760369196288067
3	1	0.7723563129743156	2.227643687025686	0.75	0.2574521043247718	3.884217620293813	0.4489048252304587	-3.435312795063354	0.9956067513545074	0.0550775892601415	-0.9417130649333816
2	10	0.7724581217449979	2.22713680005863	0.1666666666666667	0.2575208126037652	2.589137124329745	4.490069940803253	1.900932816473508	0.3677383282787773	0.8551110604910894	0.5210976046798962
9	2	0.9877768457144065	2.012223154285594	0.8181818181818182	0.3292589485714688	9.111369677318947	0.9939255473432151	-8.117444129975732	0.9998845791252947	0.001240830816200522	-2.225213145670468
0	0	0.7722860981153544	2	0	0.2785737369026837	0	0	0	0	0	0
1	0	0.9047504562278965	2.008004944533261	1	0.3106166951030177	1.105277143676965	0	-1.105277143676965	1	0.3106166951030177	-0.3029866532295358
5	1	0.7722860981153543	2.227713901884646	0.8333333333333334	0.2574286993717848	6.474284610588916	0.4488906762910623	-6.025393934297854	0.9997089673090853	0.005328059044518496	-1.651725047411293
3	0	0.8156385704835021	2.11701608013565	1	0.2781229526331379	3.678099722799562	0	-3.678099722799562	0.9999999999999999	0.02151347142362703	-1.008267593002202
2	0	0.9999999999999998	2	1	0.3333333333333334	2	0	-2	1	0.111111111111111	-0.5482546254807721
5	0	1.587433393412961	1.187595581454033	1	0.5720420967817267	3.149738452490323	0	-3.149738452490323	0.9999999999999997	0.06125477504420529	-0.863429337816234
0	1	0.7722860981153541	2.227713901884645	0	0.2574286993717848	0	0.4488906762910625	0.4488906762910625	0.7425713006282153	0.2574286993717847	0.1230531948058834
2	1	0.7725396882913209	2.226823402356151	0.6666666666666666	0.2575679119011073	2.588863757179307	0.4490701862311681	-2.139793570948139	0.9829126281114181	0.1648489439461258	-0.5865758614231678
5	0	1.141112503925039	1.7714749908101	1	0.3917865149073599	4.381688906923464	0	-4.381688906923464	0.9999999999999999	0.009230971680439293	-1.201140605319288
8	0	0.7722860981153542	2.227713901884646	1	0.2574286993717848	10.35885537694227	0	-10.35885537694227	1.000000000000001	1.928660117189729e-05	-2.839645187547482
1	2	0.8651594166759431	1.364915640174462	0.3333333333333333	0.3879508064171755	1.155856343611368	1.465292023281646	0.3094356796702771	0.6652602302419351	0.7707237920728889	0.08482477133400794