dN/dS,LRT,p-value,Log(L)
1.028145822447522e-15,0.9342263728747202,0.1668835537599173,-4.080983283621896
1.028145822447522e-15,0.6128515584069261,0.2168580819110159,-3.83919710276208
1.028145822447522e-15,0.6222984398126155,0.2150972258358632,-4.279488985325342
2.804502661847769e-15,0.5929121673374347,0.220647603028409,-9.871738636289397
5.840566125974614e-16,0.5929783528123052,0.2206348568782213,-3.950860426271028
4.936130869128893e-15,0.6930621318790724,0.2025623925273719,-4.535801598909536
2.804502661847769e-15,0.3761153145310594,0.2698448110318176,-4.650268741031105
1.028145822447522e-15,0.7857257686088062,0.1876978482697495,-4.070459923089423
1.738688558207614e-15,0.5055336497807028,0.2385393616843808,-3.918426705092814
5.840566125974614e-16,0.5929783528123052,0.2206348568782213,-3.950860426271028
5.983025771834863,1.893492846409231,0.08440424438479166,-23.49203328405038
3.038958133736321,0.8778498931453314,0.1743956266743515,-8.963576128473687
5.27518000362345,1.696385927652283,0.09638064902841331,-12.91020301423239
2.804502661847769e-15,0.6329306849908107,0.2131411764636136,-4.222578719799196
1.028145822447522e-15,0.5780368730448977,0.2235414172219354,-4.306530812939704
4.936130869128893e-15,0.6930621318790724,0.2025623925273719,-4.535801598909536
1,0,1,0
1,0,1,0
1,0,1,0
1,0,1,0
1,0,1,0
1,0,1,0
1,0,1,0
1,0,1,0
1,0,1,0
1,0,1,0
1,0,1,0
1,0,1,0
1,0,1,0
1,0,1,0
1,0,1,0
1,0,1,0
1,0,1,0
1,0,1,0
1,0,1,0
1,0,1,0
1,0,1,0
1,0,1,0
4.936130869128893e-15,0.7964790752242763,0.1860740787406902,-10.63665612957426
4.936130869128893e-15,0.6742115264610788,0.2057935596890633,-9.388405518705087
1,0,1,0
1,0,1,0
1,0,1,0
1,0,1,0
1,0,1,0
2.804502661847769e-15,0.6742115266221411,0.2057935596611331,-9.94543288821734
1,0,1,0
1,0,1,0
1,0,1,0
1,0,1,0
1,0,1,0
4.936130869128893e-15,0.6857301268493146,0.20381026562039,-11.87532492089046
1,0,1,0
1,0,1,0
1,0,1,0
1,0,1,0
1,0,1,0
1.038263951005382e-15,0.3899865476613691,0.2661532364924541,-13.23005891951279
1,0,1,0
1,0,1,0
4.988545063086915,3.208902558457346,0.03661929571067934,-16.01172754578905
1,0,1,0
1,0,1,0
1,0,1,0
1,0,1,0
4.936130869128893e-15,0.7801369823259385,0.1885496245256355,-9.947115645866852
2.583532170140926,0.6691343538401924,0.206676786791104,-10.92087624318707
1.038263951005382e-15,0.722612901207448,0.1976440827252485,-11.01014212161298
1,0,1,0
2.375495825297658,0.570107649053476,0.2251080713675176,-8.921886880949401
1,0,1,0
1,0,1,0
8.768348854427858,5.110387185212716,0.01189150601091404,-12.25088914761706
1,0,1,0
1,0,1,0
2.804502661847769e-15,0.7859611422651582,0.1876620941436463,-8.877449607705156
2.804502661847769e-15,0.7989873643053542,0.1856981517698583,-15.5500478946924
1,0,1,0
1,0,1,0
1,0,1,0
1,0,1,0
1.038263951005382e-15,0.3846885609056159,0.267552308849756,-12.23190307925879
1,0,1,0
1,0,1,0
1,0,1,0
1,0,1,0
4.936130869128893e-15,0.4066851730832468,0.2618283968690748,-10.0204052576993
1,0,1,0
1,0,1,0
1,0,1,0
1,0,1,0
1,0,1,0
1,0,1,0
2.40491154399633,0.5842761821399414,0.2223205292332415,-9.742410612336231
1,0,1,0
8.461561930625248,4.977950733682718,0.01283618788119806,-16.29646728113104
1,0,1,0
1,0,1,0
2.722772456855914,0.7341541105180518,0.1957699923418308,-9.508694326472689
1,0,1,0
1,0,1,0
1,0,1,0
1,0,1,0
1,0,1,0
1,0,1,0
1,0,1,0
1,0,1,0
3.061047981572919,0.8848872242289616,0.1734332964550671,-17.34963590677738
1,0,1,0
1,0,1,0
1,0,1,0
2.800672035568069,0.7699215978076417,0.1901206539060787,-8.401572904942576
1,0,1,0
1,0,1,0
1,0,1,0
1,0,1,0
1,0,1,0
1,0,1,0
1,0,1,0
1,0,1,0
1,0,1,0
4.936130869128893e-15,0.7508735967415419,0.1930998929036951,-9.492537649177581
1,0,1,0
1,0,1,0
1,0,1,0
1,0,1,0
1,0,1,0
1,0,1,0
1,0,1,0
2.804502661847769e-15,0.5056846696505133,0.2385064602325149,-12.39486415942519
2.804502661847769e-15,0.5957671648181666,0.2200988085957233,-12.44953075160355
1,0,1,0
1,0,1,0
1.038263951005382e-15,0.3846740289980239,0.267556164695765,-10.84514915932368
1.038263951005382e-15,0.7405320776552671,0.1947452440125528,-10.15455405000136
1,0,1,0
6.029841164401258,3.823501737224845,0.02526925631836013,-18.04459712714359
2.861770840496503,0.7973967346355479,0.1859364223065682,-10.7292101094436
1,0,1,0
2.578438931143938,0.6693509878799482,0.2066389868816568,-10.40571861412179
1,0,1,0
1,0,1,0
1,0,1,0
4.936130869128893e-15,0.674211538144597,0.2057935576630026,-11.31567185405803
1,0,1,0
2.804502661847769e-15,0.6857301377144438,0.2038102637628683,-9.872990239787722
1.038263951005382e-15,0.7508735967417763,0.1930998929036581,-10.46727495952152
1,0,1,0
5.969125846037347,3.810687107491159,0.02546327763329248,-12.95801229483633
4.936130869128893e-15,0.7967011669261304,0.1860407501001808,-10.09544182129251
1,0,1,0
1,0,1,0
1,0,1,0
1,0,1,0
1,0,1,0
1,0,1,0
1,0,1,0
5.185353976377456,3.334440490187763,0.03392173882926625,-14.59089321851186
1,0,1,0
1,0,1,0
1,0,1,0
1,0,1,0
1,0,1,0
2.804502661847769e-15,0.6260685763591738,0.2144005318784062,-10.20911131315094
1,0,1,0
1,0,1,0
1,0,1,0
1,0,1,0
1,0,1,0
1,0,1,0
1,0,1,0
1,0,1,0
1.038263951005382e-15,0.3694531366905274,0.2716512532520178,-10.80407931568691
1,0,1,0
1,0,1,0
1,0,1,0
1,0,1,0
1,0,1,0
1,0,1,0
5.249830594441645,1.690966711562439,0.09673679219839226,-17.43318129133422
1,0,1,0
1.028145822447522e-15,0.6857301271659573,0.2038102655662563,-11.87202588099741
1,0,1,0
1,0,1,0
1,0,1,0
1,0,1,0
1,0,1,0
2.804502661847769e-15,0.7863167275647776,0.1876080975554517,-10.82944107496994
1,0,1,0
1,0,1,0
1,0,1,0
1,0,1,0
1,0,1,0
1,0,1,0
4.936130869128893e-15,0.642426228399497,0.2114167939894371,-10.98570183034253
1,0,1,0
1,0,1,0
1,0,1,0
1,0,1,0
1,0,1,0
1,0,1,0
2.364130686450683,0.5644781777325001,0.2262307614758485,-11.79634183243236
1,0,1,0
2.570995353520314,0.6634673539130631,0.2076692496506246,-8.922479788619345
1,0,1,0
1,0,1,0
1,0,1,0
2.989851749886139,0.855447464879834,0.1775079150847846,-10.54857440373618
1,0,1,0
5.200357805958064,1.675858239184237,0.09773785271553459,-20.00593936608344
1,0,1,0
1,0,1,0
1,0,1,0
2.838347250969482,0.7881333630191456,0.1873325765064908,-10.78255641590976
1,0,1,0
1,0,1,0
1,0,1,0
2.948782978090389,0.837338296576128,0.1800795653026336,-9.47482928712364
1,0,1,0
1,0,1,0
1,0,1,0
1,0,1,0
1,0,1,0
1,0,1,0
1,0,1,0
1,0,1,0
1,0,1,0
1,0,1,0
1,0,1,0
3.136396753536571,0.9194358656940018,0.1688115695850155,-8.976153828291228
1,0,1,0
1.038263951005382e-15,0.7094768019795303,0.1998087778654258,-9.182193769246187
1,0,1,0
4.936130869128893e-15,0.8215049763067732,0.1823702566817126,-9.568048278955805
1,0,1,0
5.208087463907554,3.347407578510868,0.03365547129112162,-16.7964217169546
1,0,1,0
1,0,1,0
2.935347615092061,0.8313179292434612,0.1809458563731277,-17.89621888806537
1,0,1,0
1.028145822447522e-15,0.8383386926306962,0.1799361691159002,-11.26185732698595
6.002096354269653,3.810594791145203,0.02546468105921079,-14.6648626682826
1,0,1,0
1,0,1,0
8.035002085900787,7.183034837123486,0.00367980576978616,-31.58384171096289
1,0,1,0
1,0,1,0
2.093959926088373e-15,0.6628027655833648,0.2077861010342296,-11.34462693922633
1,0,1,0
1,0,1,0
1,0,1,0
2.529680503794548,0.6435408190344276,0.2112157581427492,-9.920134931997998
1,0,1,0
1,0,1,0
4.936130869128893e-15,0.687806383740682,0.2034557573108134,-12.73080639550997
1,0,1,0
1,0,1,0
1,0,1,0
1,0,1,0
1,0,1,0
4.936130869128893e-15,0.6424262194381214,0.2114167956069287,-10.98557497981903
5.83748444635687,3.702680573533613,0.02716256305616382,-20.40265051156019
1,0,1,0
1,0,1,0
1,0,1,0
1,0,1,0
1,0,1,0
1,0,1,0
2.804502661847769e-15,0.7508735967415419,0.1930998929036951,-9.490235070393227
1,0,1,0
1,0,1,0
1,0,1,0
1,0,1,0
1,0,1,0
1,0,1,0
1,0,1,0
1,0,1,0
2.371726531130592,0.5682169783571958,0.2254841564365292,-10.97648147077089
4.936130869128893e-15,0.8380287691921851,0.1799805765415318,-10.70433339434296
1,0,1,0
1,0,1,0
1,0,1,0
1,0,1,0
1,0,1,0
1,0,1,0
2.804502661847769e-15,0.505371664012042,0.2385746604112168,-10.53163802740159
1,0,1,0
1,0,1,0
1,0,1,0
1,0,1,0
5.359266523113635,3.443406909571401,0.03175230768005077,-14.68987610790225
2.837380723075449,0.7864479646870421,0.1875881743535981,-9.974116048154507
1,0,1,0
1,0,1,0
1,0,1,0
1,0,1,0
1,0,1,0
2.804502661847769e-15,0.6423724048024759,0.2114265092625568,-9.746568476235371
1,0,1,0
1,0,1,0
1,0,1,0
1,0,1,0
1,0,1,0
1,0,1,0
2.975619087560391,0.8506487986740403,0.1781844303072735,-12.06468245510527
1,0,1,0
1,0,1,0
1,0,1,0
1.038263951005382e-15,0.6878064671573476,0.2034557430860677,-11.74836135991007
1,0,1,0
2.804502661847769e-15,0.4817021891096402,0.2438261524874485,-11.33287532102136
1,0,1,0
1,0,1,0
1,0,1,0
1,0,1,0
1,0,1,0
1,0,1,0
1,0,1,0
1,0,1,0
1,0,1,0
1,0,1,0
1,0,1,0
1,0,1,0
1,0,1,0
1,0,1,0
1,0,1,0
1,0,1,0
1,0,1,0
2.804502661847769e-15,0.6742115381445473,0.2057935576630111,-9.668858006512307
1.038263951005382e-15,0.384673989026961,0.2675561753016875,-11.00133146751833
1,0,1,0
1,0,1,0
1,0,1,0
1,0,1,0
1,0,1,0
1,0,1,0
1,0,1,0
1,0,1,0
1,0,1,0
2.804502661847769e-15,0.6878063074130658,0.2034557703266903,-10.42906765178435
1,0,1,0
1,0,1,0
1,0,1,0
1,0,1,0
2.591776224421801,0.673312698697071,0.2059495141173689,-9.073635481497538
6.728744545674702e-16,0.7737920237313816,0.1895232549389017,-4.368121255882609
2.804502661847769e-15,0.7357824342052011,0.1955076367690343,-3.599534515093595
1.028145822447522e-15,0.5780368730448977,0.2235414172219354,-4.306530812939704
6.728744545674702e-16,0.7737920237313816,0.1895232549389017,-4.368121255882609
1.028145822447522e-15,0.6930621165175825,0.202562395130112,-4.255877738568916
9.682324783204268e-17,0.5929786009320752,0.2206348090968802,-3.979650153999989
1.028145822447522e-15,0.6930621165175825,0.202562395130112,-4.255877738568916
2.271595610028619e-15,0.7737920236104312,0.1895232549575289,-4.339331404093763
1.028145822447522e-15,0.5780368730448977,0.2235414172219354,-4.306530812939704
2.804502661847769e-15,0.7357824342052011,0.1955076367690343,-3.599534515093595
1.028145822447522e-15,0.6835981784987055,0.2041752255925228,-3.514845535586918
2.804502661847769e-15,0.6550576274057578,0.2091551142204207,-3.536813612003734
2.271595610028619e-15,0.7737920236104312,0.1895232549575289,-4.339331404093763
2.804502661847769e-15,0.3865406181823605,0.2670617139599821,-4.550559542061311
1.028145822447522e-15,0.6836114302015286,0.2041729541261708,-4.095509716346273
4.936130869128893e-15,0.7348553272982148,0.1956569504485487,-4.059407543753144
1.028145822447522e-15,0.9342263728747202,0.1668835537599173,-4.080983283621896
9.682324783204268e-17,0.6329306673695969,0.2131411796831897,-3.942654859458576
1.028145822447522e-15,0.725821987704089,0.1971204031638627,-3.82191574453216
2.271595610028619e-15,0.7737920236104312,0.1895232549575289,-4.339331404093763
2.804502661847769e-15,0.3865406181823605,0.2670617139599821,-4.550559542061311
1.738688558207614e-15,0.5055336497807028,0.2385393616843808,-3.918426705092814
2.271595610028619e-15,0.7737920236104312,0.1895232549575289,-4.339331404093763
1.028145822447522e-15,0.5780368730448977,0.2235414172219354,-4.306530812939704
4.936130869128893e-15,0.7575720066889016,0.1920447133297577,-4.356493659542389
1.028145822447522e-15,0.66762089918433,0.2069411507734581,-4.337437153356942
4.936130869128893e-15,0.444667021913105,0.252439220762262,-4.059156463355934
2.804502661847769e-15,0.6550576274057578,0.2091551142204207,-3.536813612003734
2.804502661847769e-15,0.5554708852441728,0.2280454348333527,-4.63231255947019
1.028145822447522e-15,0.6834393893616628,0.2042024464257461,-9.725941010113743
6.728744545674702e-16,0.7737920237313816,0.1895232549389017,-4.368121255882609
2.804502661847769e-15,0.622298421790842,0.2150972291743361,-3.999565124984723
4.936130869128893e-15,0.7348553272982148,0.1956569504485487,-4.059407543753144
4.936130869128893e-15,0.444667021913105,0.252439220762262,-4.059156463355934
1.028145822447522e-15,0.6930621165175825,0.202562395130112,-4.255877738568916
2.804502661847769e-15,0.6930621167600854,0.2025623950890241,-9.729836426016131
9.682324783204268e-17,0.7258213218220897,0.1971205116195209,-3.793126225587927
2.804502661847769e-15,0.5747303959484586,0.224192641105692,-4.766889668947803
5.840566125974614e-16,0.6128383067164833,0.2168605673234486,-3.258532922002725
1.028145822447522e-15,0.7857257686088062,0.1876978482697495,-4.070459923089423
1.028145822447522e-15,0.6222984398126155,0.2150972258358632,-4.279488985325342
4.936130869128893e-15,0.444667021913105,0.252439220762262,-4.059156463355934
1.028145822447522e-15,0.6930621165175825,0.202562395130112,-4.255877738568916
1.028145822447522e-15,0.6930621165175825,0.202562395130112,-4.255877738568916
9.682324783204268e-17,0.5929786009320752,0.2206348090968802,-3.979650153999989
1.028145822447522e-15,0.655058293287694,0.2091549959452971,-3.565603130947967
4.936130869128893e-15,0.444667021913105,0.252439220762262,-4.059156463355934
9.682324783204268e-17,0.5929786009320752,0.2206348090968802,-3.979650153999989
3.09205073018028,0.8971014360624778,0.1717800567477543,-14.7966201282027
2.804502661847769e-15,0.7736349372860118,0.1895474495671777,-11.38249559143095
5.840566125974614e-16,0.6128383067164833,0.2168605673234486,-3.258532922002725
4.0479524494288e-15,0.3550625570256098,0.2756306175122498,-5.177470394612568
2.804502661847769e-15,0.6549396588368168,0.2091760695759537,-9.866743459330516
4.936130869128893e-15,0.7575720066889016,0.1920447133297577,-4.356493659542389
4.936130869128893e-15,0.340877025816317,0.2796617114969889,-4.069604560261515
9.682324783204268e-17,0.5929786009320752,0.2206348090968802,-3.979650153999989
1.028145822447522e-15,0.6836114302015286,0.2041729541261708,-4.095509716346273
5.840566125974614e-16,0.6128383067164833,0.2168605673234486,-3.258532922002725
2.804502661847769e-15,0.6222984285759061,0.2150972279174257,-4.58023585903012
1.028145822447522e-15,0.655058293287694,0.2091549959452971,-3.565603130947967
1.028145822447522e-15,0.6836114302015286,0.2041729541261708,-4.095509716346273
5.840566125974614e-16,0.6128383067164833,0.2168605673234486,-3.258532922002725
2.804502661847769e-15,0.5775013494223771,0.2236466910928062,-9.097488390471982
1.028145822447522e-15,0.66762089918433,0.2069411507734581,-4.337437153356942
4.936130869128893e-15,0.444667021913105,0.252439220762262,-4.059156463355934
2.804502661847769e-15,0.5929345506261789,0.2206432922766344,-10.28130737229132
1.028145822447522e-15,0.6835981784987055,0.2041752255925228,-3.514845535586918
5.840566125974614e-16,0.6128383067164833,0.2168605673234486,-3.258532922002725
1.028145822447522e-15,0.6835981784987055,0.2041752255925228,-3.514845535586918
1.028145822447522e-15,0.5780368730448977,0.2235414172219354,-4.306530812939704
2.804502661847769e-15,0.4618781500525913,0.2483737615009746,-4.352388699129571
1.028145822447522e-15,0.6835981784987055,0.2041752255925228,-3.514845535586918
9.682324783204268e-17,0.6329306673695969,0.2131411796831897,-3.942654859458576
1.028145822447522e-15,0.6835981784987055,0.2041752255925228,-3.514845535586918
2.804502661847769e-15,0.7737917070921831,0.1895233037036402,-4.640078277798541
9.682324783204268e-17,0.7186263582791756,0.1982974292622649,-3.775829478782574
5.840566125974614e-16,0.5929783528123052,0.2206348568782213,-3.950860426271028
1.028145822447522e-15,0.4446809463349251,0.2524358859095945,-4.639820644115288
1.028145822447522e-15,0.725821987704089,0.1971204031638627,-3.82191574453216
4.936130869128893e-15,0.5738451403575304,0.2243674964895917,-13.26843822199823
4.936130869128893e-15,0.6834413877139269,0.2042021038200318,-9.738597035437738
5.840566125974614e-16,0.6128383067164833,0.2168605673234486,-3.258532922002725
2.804502661847769e-15,0.505533649778573,0.2385393616848449,-3.889637186148582
2.804502661847769e-15,0.6329306849908107,0.2131411764636136,-4.222578719799196
1.028145822447522e-15,0.6835981784987055,0.2041752255925228,-3.514845535586918
1.028145822447522e-15,0.725821987704089,0.1971204031638627,-3.82191574453216
1.028145822447522e-15,0.6222984398126155,0.2150972258358632,-4.279488985325342
5.840566125974614e-16,0.6128383067164833,0.2168605673234486,-3.258532922002725
2.804502661847769e-15,0.7357824342052011,0.1955076367690343,-3.599534515093595
9.682324783204268e-17,0.7258213218220897,0.1971205116195209,-3.793126225587927
1.028145822447522e-15,0.5747303970351787,0.2241926408911736,-4.795679520193292
2.804502661847769e-15,0.3865406181823605,0.2670617139599821,-4.550559542061311
5.64667360488876e-15,0.534293547536226,0.2324036676432085,-11.83098943524636
1.738688558207614e-15,0.5055336497807028,0.2385393616843808,-3.918426705092814
1.028145822447522e-15,0.655058293287694,0.2091549959452971,-3.565603130947967
4.936130869128893e-15,0.6930621209308541,0.202562394382359,-9.488778163233174
1.028145822447522e-15,0.6836114302015286,0.2041729541261708,-4.095509716346273
2.804502661847769e-15,0.5747303959484586,0.224192641105692,-4.766889668947803
2.804502661847769e-15,0.5747303959484586,0.224192641105692,-4.766889668947803
2.804502661847769e-15,0.6329306849908107,0.2131411764636136,-4.222578719799196
1.028145822447522e-15,0.6930621318790795,0.2025623925273707,-4.564591450698382
4.0479524494288e-15,0.3550625570256098,0.2756306175122498,-5.177470394612568
1.028145822447522e-15,0.6836114302015286,0.2041729541261708,-4.095509716346273
2.804502661847769e-15,0.6545230401553184,0.2092501006661267,-8.356560708480245
4.936130869128893e-15,0.444667021913105,0.252439220762262,-4.059156463355934
1.028145822447522e-15,0.66762089918433,0.2069411507734581,-4.337437153356942
2.804502661847769e-15,0.622298421790842,0.2150972291743361,-3.999565124984723
5.840566125974614e-16,0.5929783528123052,0.2206348568782213,-3.950860426271028
9.682324783204268e-17,0.7258213218220897,0.1971205116195209,-3.793126225587927
4.936130869128893e-15,0.3550624968984408,0.2756306343660391,-4.596799649868098
1.028145822447522e-15,0.6222984398126155,0.2150972258358632,-4.279488985325342
1.028145822447522e-15,0.725821987704089,0.1971204031638627,-3.82191574453216
2.804502661847769e-15,0.4618781500525913,0.2483737615009746,-4.352388699129571
1.028145822447522e-15,0.6835981784987055,0.2041752255925228,-3.514845535586918
1.028145822447522e-15,0.9342263728747202,0.1668835537599173,-4.080983283621896
1.028145822447522e-15,0.655058293287694,0.2091549959452971,-3.565603130947967
5.840566125974614e-16,0.6128383067164833,0.2168605673234486,-3.258532922002725
4.0479524494288e-15,0.3550625570256098,0.2756306175122498,-5.177470394612568
4.0479524494288e-15,0.5780362069571652,0.2235415481144525,-4.277741293995472
1.028145822447522e-15,0.6835981784987055,0.2041752255925228,-3.514845535586918
9.682324783204268e-17,0.7186263582791756,0.1982974292622649,-3.775829478782574
2.804502661847769e-15,0.622298421790842,0.2150972291743361,-3.999565124984723
4.936130869128893e-15,0.7502875573630554,0.1931926018661705,-10.19030651238735
1.028145822447522e-15,0.6128515584069261,0.2168580819110159,-3.83919710276208
4.936130869128893e-15,0.444667021913105,0.252439220762262,-4.059156463355934
4.0479524494288e-15,0.3550625570256098,0.2756306175122498,-5.177470394612568
4.936130869128893e-15,0.7575720066889016,0.1920447133297577,-4.356493659542389
1.028145822447522e-15,0.6835981784987055,0.2041752255925228,-3.514845535586918
2.804502661847769e-15,0.6550576274057578,0.2091551142204207,-3.536813612003734
4.936130869128893e-15,0.6930621318790724,0.2025623925273719,-4.535801598909536
1.028145822447522e-15,0.6836114302015286,0.2041729541261708,-4.095509716346273
1.028145822447522e-15,0.725821987704089,0.1971204031638627,-3.82191574453216
1.028145822447522e-15,0.9342263728747202,0.1668835537599173,-4.080983283621896
6.728744545674702e-16,0.7737920237313816,0.1895232549389017,-4.368121255882609
2.804502661847769e-15,0.6550576274057578,0.2091551142204207,-3.536813612003734
2.271595610028619e-15,0.7737920236104312,0.1895232549575289,-4.339331404093763
4.936130869128893e-15,0.667012400197553,0.2070475817379569,-4.423283497234273
1.028145822447522e-15,0.5780368730448977,0.2235414172219354,-4.306530812939704
6.615073791487577,4.125305183463325,0.02112320005721058,-13.9733362798468
2.804502661847769e-15,0.7357824342052011,0.1955076367690343,-3.599534515093595
1.038263951005382e-15,0.5055336496898377,0.2385393617041791,-16.9695952052352
4.936130869128893e-15,0.6676215659603866,0.2069410341937704,-4.366226672301176
5.840566125974614e-16,0.6128383067164833,0.2168605673234486,-3.258532922002725
2.804502661847769e-15,0.6670121516623659,0.2070476252251288,-4.394493978290039
1.028145822447522e-15,0.725821987704089,0.1971204031638627,-3.82191574453216
2.804502661847769e-15,0.6550576274057578,0.2091551142204207,-3.536813612003734
2.921081358771704,0.8251062755227707,0.1818457142191478,-16.38096038488603
1.038263951005382e-15,0.6669462454821051,0.2070591575634498,-10.31950917508064
2.804502661847769e-15,0.7357824342052011,0.1955076367690343,-3.599534515093595
2.804502661847769e-15,0.7737887138557511,0.189523764684685,-11.41193535157794
2.804502661847769e-15,0.4618781500525913,0.2483737615009746,-4.352388699129571
9.682324783204268e-17,0.5929786009320752,0.2206348090968802,-3.979650153999989
9.682324783204268e-17,0.7186263582791756,0.1982974292622649,-3.775829478782574
2.804502661847769e-15,0.6550576274057578,0.2091551142204207,-3.536813612003734
4.936130869128893e-15,0.7348553272982148,0.1956569504485487,-4.059407543753144
1.028145822447522e-15,0.6222984398126155,0.2150972258358632,-4.279488985325342
2.804502661847769e-15,0.505533649778573,0.2385393616848449,-3.889637186148582
1.028145822447522e-15,0.725821987704089,0.1971204031638627,-3.82191574453216
1.028145822447522e-15,0.66762089918433,0.2069411507734581,-4.337437153356942
9.682324783204268e-17,0.7258213218220897,0.1971205116195209,-3.793126225587927
9.682324783204268e-17,0.6329306673695969,0.2131411796831897,-3.942654859458576
1.738688558207614e-15,0.5055336497807028,0.2385393616843808,-3.918426705092814
9.682324783204268e-17,0.7186263582791756,0.1982974292622649,-3.775829478782574
2.777565154672837,0.7594247898779685,0.1917542965933517,-10.48297288981812
1.028145822447522e-15,0.6835981784987055,0.2041752255925228,-3.514845535586918
1.028145822447522e-15,0.6930621165175825,0.202562395130112,-4.255877738568916
4.936130869128893e-15,0.340877025816317,0.2796617114969889,-4.069604560261515
1.028145822447522e-15,0.655058293287694,0.2091549959452971,-3.565603130947967
4.0479524494288e-15,0.6546694826636141,0.2092240741104591,-15.22557851753013
1.038263951005382e-15,0.6563934421175261,0.2089180443607404,-12.67691274272529
1.028145822447522e-15,0.5780368730448977,0.2235414172219354,-4.306530812939704
1.028145822447522e-15,0.4446809463349251,0.2524358859095945,-4.639820644115288
9.682324783204268e-17,0.5929786009320752,0.2206348090968802,-3.979650153999989
5.840566125974614e-16,0.6128383067164833,0.2168605673234486,-3.258532922002725
2.271595610028619e-15,0.7737920236104312,0.1895232549575289,-4.339331404093763
2.804502661847769e-15,0.6329306849908107,0.2131411764636136,-4.222578719799196
1.028145822447522e-15,0.6836114302015286,0.2041729541261708,-4.095509716346273
4.0479524494288e-15,0.3550625570256098,0.2756306175122498,-5.177470394612568
1.038263951005382e-15,0.612624205690107,0.2169007289138704,-9.191276143668089
2.804502661847769e-15,0.4618781500525913,0.2483737615009746,-4.352388699129571
4.936130869128893e-15,0.7348553272982148,0.1956569504485487,-4.059407543753144
1.738688558207614e-15,0.5055336497807028,0.2385393616843808,-3.918426705092814
5.840566125974614e-16,0.6128383067164833,0.2168605673234486,-3.258532922002725
9.682324783204268e-17,0.7258213218220897,0.1971205116195209,-3.793126225587927
2.804502661847769e-15,0.3865406181823605,0.2670617139599821,-4.550559542061311
9.682324783204268e-17,0.5929786009320752,0.2206348090968802,-3.979650153999989
4.936130869128893e-15,0.3550624968984408,0.2756306343660391,-4.596799649868098
2.804502661847769e-15,0.3865406181823605,0.2670617139599821,-4.550559542061311
5.840566125974614e-16,0.5929783528123052,0.2206348568782213,-3.950860426271028
4.936130869128893e-15,0.5554708856427872,0.2280454347525394,-4.661102411259038
4.0479524494288e-15,0.5780362069571652,0.2235415481144525,-4.277741293995472
1.028145822447522e-15,0.6930621318790795,0.2025623925273707,-4.564591450698382
2.728197502296114,0.7364010956355109,0.1954080900725966,-9.476849032980638
2.804502661847769e-15,0.4618781500525913,0.2483737615009746,-4.352388699129571
2.804502661847769e-15,0.6668784682342981,0.2070710182939959,-9.614762184398824
4.0479524494288e-15,0.5780362069571652,0.2235415481144525,-4.277741293995472
2.804502661847769e-15,0.3761153145310594,0.2698448110318176,-4.650268741031105
2.804502661847769e-15,0.5747303959484586,0.224192641105692,-4.766889668947803
2.804502661847769e-15,0.6670121516623659,0.2070476252251288,-4.394493978290039
2.804502661847769e-15,0.6329306849908107,0.2131411764636136,-4.222578719799196
2.804502661847769e-15,0.6329306849908107,0.2131411764636136,-4.222578719799196
2.804502661847769e-15,0.3761153145310594,0.2698448110318176,-4.650268741031105
4.936130869128893e-15,0.3562791188164596,0.2752900075271442,-11.50703890394791
2.804502661847769e-15,0.7737917070921831,0.1895233037036402,-4.640078277798541
1.028145822447522e-15,0.5780368730448977,0.2235414172219354,-4.306530812939704
4.936130869128893e-15,0.5929025585864309,0.2206494535978649,-9.734945487263767
1.028145822447522e-15,0.9342263728747202,0.1668835537599173,-4.080983283621896
2.804502661847769e-15,0.3865406181823605,0.2670617139599821,-4.550559542061311
1.028145822447522e-15,0.6930621318790795,0.2025623925273707,-4.564591450698382
4.936130869128893e-15,0.667012400197553,0.2070475817379569,-4.423283497234273
4.936130869128893e-15,0.444667021913105,0.252439220762262,-4.059156463355934
5.840566125974614e-16,0.6128383067164833,0.2168605673234486,-3.258532922002725
6.728744545674702e-16,0.7737920237313816,0.1895232549389017,-4.368121255882609
1.028145822447522e-15,0.655058293287694,0.2091549959452971,-3.565603130947967
5.840566125974614e-16,0.5929783528123052,0.2206348568782213,-3.950860426271028
4.936130869128893e-15,0.7571433039937077,0.1921119997860398,-10.40333273416058
4.936130869128893e-15,0.667012400197553,0.2070475817379569,-4.423283497234273
1.028145822447522e-15,0.655058293287694,0.2091549959452971,-3.565603130947967
5.840566125974614e-16,0.5929783528123052,0.2206348568782213,-3.950860426271028
4.936130869128893e-15,0.667012400197553,0.2070475817379569,-4.423283497234273
5.840566125974614e-16,0.5929783528123052,0.2206348568782213,-3.950860426271028