dN/dS,LRT,p-value,Log(L)
3.17603086687411e-16,3.348281498447905,0.03363760666721505,-4.072900894469673
2.831331263076316,2.347977631661053,0.06272282861302225,-26.93130732628344
9.682324783204268e-17,2.198043474255119,0.06909301629594622,-11.5918614080441
3.17603086687411e-16,2.088587959947029,0.07420159076678712,-4.3556066405859
3.17603086687411e-16,2.088586585739124,0.0742016575204707,-4.27367910041017
2.271595610028619e-15,2.521531042273633,0.05615075127881725,-11.20610003925765
1.028145822447522e-15,1.274610781556088,0.1294517396637471,-11.99338258789754
0.7255512543487863,0.1145222651070483,0.3675265980981072,-11.57874511451921
2.274895127752318,1.04071264518619,0.1538278937339937,-19.30817764092045
3.17603086687411e-16,2.088586585739124,0.0742016575204707,-4.27367910041017
1.650448003972528,0.2132813346463927,0.3221037973650062,-14.28916268889
3.17603086687411e-16,2.367480832716293,0.0619434136924209,-9.393082158215654
5.840566125974614e-16,1.213689040991294,0.1353013727904351,-13.5052672420695
0.8623068801921705,0.02299909447885184,0.4397297136173507,-13.02843212504846
1.003138531515051,9.683136877214338e-06,0.498758583823162,-11.50889030088945
0.8054678421915212,0.05023055063535509,0.4113312915502998,-12.42509544475364
0.9652511797297869,0.001261964928584547,0.4858308965160046,-13.39015321447634
1,0,1,0
3.526056907843855,5.417342121073844,0.009968844170040903,-34.7781653912798
1.028145822447522e-15,3.178472005684547,0.03730723700660005,-20.80308677971735
0.519614358042321,0.538247491061405,0.2315799659111638,-12.38924373570518
0.6290445955563178,0.251441266288392,0.3080310305192825,-12.53374435338421
1,0,1,0
5.840566125974614e-16,3.200266030396904,0.03681314643016592,-9.835091157647748
1.028144045545234,0.001521538009015444,0.4844424449192252,-20.46126369383552
2.449231293967717e-15,3.102711077777052,0.03908101490185306,-19.45633507974489
5.840566125974614e-16,3.559298970266269,0.02960637044243952,-11.99350850009161
6.728744545674702e-16,3.102711076328497,0.03908101493662269,-11.98824222521435
6.728744545674702e-16,1.708032673312434,0.09562041010892691,-12.71159205161227
1,0,1,0
0.6916394838769345,0.1539894230779737,0.3473758537098076,-14.62747491827518
5.840566125974614e-16,4.01231572257397,0.02258453551671913,-11.67880617527156
1,0,1,0
1,0,1,0
5.840566125974614e-16,3.559298970287369,0.02960637044206316,-10.60407507343839
9.682324783204268e-17,3.277611411836254,0.03511553614716839,-10.62553607562069
0.6311878104138288,0.2478834337168188,0.3092846878123852,-14.0891289096129
1,0,1,0
2.287852447174094e-16,3.851025993582905,0.02485778508070041,-9.554594183028563
4.936130869128893e-15,3.102711074012007,0.03908101499222516,-45.56332504356486
1.606967780860537,0.5771221023949593,0.2237212905086194,-23.72077599295832
1,0,1,0
1.407892961473943,0.2097033788318328,0.3234999960126951,-17.96610445291703
1,0,1,0
1,0,1,0
0.6446318588304294,0.2237490767002015,0.3180990192323591,-21.22207897279155
1,0,1,0
1,0,1,0
1.028145822447522e-15,2.075297217630947,0.07485038796277771,-11.6657496490845
0.6787812269163288,0.1710044170223597,0.339610344489064,-25.04643499512605
5.840566125974614e-16,3.481962163266417,0.03102056721896324,-9.239742364274203
9.682324783204268e-17,3.277611464765485,0.03511553501457865,-13.5506413790797
5.840566125974614e-16,3.102711112018799,0.03908101407995079,-9.419805699653324
1,0,1,0
9.555848176237971e-17,3.559299017178384,0.02960636960569879,-5.117122953960632
1,0,1,0
4.730343101349462e-16,3.482007956678121,0.03101970886548727,-15.91885858196979
1,0,1,0
1,0,1,0
1,0,1,0
1.568525742091772,0.5241559733302026,0.2345371131003292,-23.91071116688216
0.7254012565222766,0.1147939038959223,0.3673754955075308,-11.78935311826993
0.8431987335547667,0.03073639177987886,0.4304148949026733,-13.51664209798226
1,0,1,0
0.4985425420874115,0.6179983325150715,0.2158960460542777,-13.28929505465404
1.146044978496206,0.03539608922023518,0.4253840468702813,-15.05342987002135
1,0,1,0
1,0,1,0
3.351497307232917,6.060407495011461,0.006912289063961963,-36.68189340602786
1,0,1,0
1,0,1,0
9.682324783204268e-17,3.275996284896053,0.0351501151620312,-17.41259976881378
1.934084285010461,0.7040257713149813,0.2007171370705387,-27.21209384470788
0.6787910330125896,0.1709968752333886,0.3396136843105327,-12.2038193115493
0.6922606271408374,0.1531911819917156,0.3477521075544682,-19.51821300094419
9.682324783204268e-17,3.6569084950264,0.02791857458446534,-10.79540331436716
9.682324783204268e-17,3.850142833433736,0.02487087727477827,-18.40680727310777
0.5744612416695353,0.3717330171499,0.2710305687588751,-12.61736506258489
5.840566125974614e-16,3.200284570573857,0.03681272911004613,-10.00289975320319
1,0,1,0
0.6448381784604691,0.2233951563237895,0.3182325338417697,-12.82322099648535
1.170594921377738,0.02350303467633807,0.4390780923924608,-20.64905357525224
1,0,1,0
1,0,1,0
2.804502661847769e-15,3.559299017177999,0.02960636960570567,-16.63913586643302
1,0,1,0
1.028145822447522e-15,1.798761225234358,0.08993116447451571,-18.15959208740751
1,0,1,0
1,0,1,0
1,0,1,0
5.840566125974614e-16,2.075312369975563,0.07484964464887728,-11.29666755271808
1,0,1,0
1.028145822447522e-15,3.656872861228081,0.02791917176064734,-17.81072462296307
0.498461118050589,0.6183269270720757,0.2158348453022984,-12.85793557809826
1,0,1,0
1,0,1,0
6.728744545674702e-16,3.200163829701584,0.03681544695276939,-15.92455508054237
1,0,1,0
0.6558162232678516,0.2051359417207514,0.3253034068104848,-12.21149335721355
1,0,1,0
9.682324783204268e-17,3.65693781108768,0.02791808329551004,-11.34521841267061
1,0,1,0
1,0,1,0
0.6114001606229781,0.2864182624871994,0.296262493875451,-10.43185960621401
9.555848176237971e-17,3.482206731217075,0.03101598332107264,-3.945040495331828
9.682324783204268e-17,3.621807341658062,0.0285134450963026,-14.25934949320391
0.5135122067694511,0.5602878596490619,0.2270721414217695,-12.17534798475564
1,0,1,0
1,0,1,0
1.603772025871175,0.3820209047549241,0.268261830971227,-17.37516691822039
1,0,1,0
0.625941096575629,0.2572458065795757,0.3060093339682922,-18.80843828193141
1,0,1,0
2.804502661847769e-15,2.516456509014962,0.05633174784760386,-9.535255204271008
1,0,1,0
1,0,1,0
1,0,1,0
1,0,1,0
9.682324783204268e-17,3.178471360571073,0.03730725173686827,-12.10314762004882
3.17603086687411e-16,3.656787461122299,0.02792060301066002,-9.696779270734758
1,0,1,0
1.12639107590857,0.02726237501542528,0.4344274343722025,-18.63830131438745
1,0,1,0
6.728744545674702e-16,2.896784001612055,0.04437823483315684,-10.7281854169743
5.840566125974614e-16,3.780879268774804,0.02592070588774814,-11.75889646427985
6.728744545674702e-16,2.378663028339879,0.06150138849577313,-11.35028577294883
6.728744545674702e-16,1.707812777233599,0.09563469880964282,-12.55473923454091
0.6147067073071991,0.2796111863898822,0.2984780861201501,-12.46207099058644
1,0,1,0
1,0,1,0
4.936130869128893e-15,2.761298535361135,0.04828491193978157,-48.98813513640467
5.840566125974614e-16,4.012525007893807,0.02258173247467665,-10.07854117447238
1,0,1,0
6.728744545674702e-16,1.707976916820503,0.09562403289291632,-13.12460946753681
4.730343101349462e-16,3.482149958824888,0.03101704733261473,-10.87678424990328
1,0,1,0
1.888841207317902,0.9872947209348197,0.1602022342241258,-25.83920015372127
1,0,1,0
1,0,1,0
0.5133745455470651,0.56079452674226,0.2269701463835627,-15.23373662647499
9.682324783204268e-17,2.82250346033571,0.04647566251266078,-9.975548789464231
6.728744545674702e-16,3.20020074198375,0.03681461604493313,-9.392511296971016
1,0,1,0
1.942809969542636,1.068518817484694,0.1506401248481778,-30.4074975765113
9.682324783204268e-17,3.850017270924052,0.02487273923722355,-11.16656136169022
1,0,1,0
9.682324783204268e-17,3.102711111947794,0.03908101408165504,-12.26347375079528
1,0,1,0
0.6254562446533618,0.2580404420602918,0.3057348023281543,-37.41290623199564
5.840566125974614e-16,3.849891653423999,0.02487460216248066,-11.85998341917813
1,0,1,0
1,0,1,0
1,0,1,0
3.443463180627832,6.291598864654603,0.006065578517460424,-59.00927220911172
1,0,1,0
1.111718385002396,0.02157137479220239,0.4416165393814042,-19.49244596139977
1,0,1,0
1.110964467172185,0.02131268355037008,0.4419651774291714,-17.40621009922028
0.7271450256326546,0.1129824170010423,0.3683869566124771,-19.78363111671937
1.879984138186585,0.9739003348438189,0.1618546846446802,-32.07711122691845
2.731941657024047e-16,3.199385810591457,0.03683296510749157,-4.085533941251773
1,0,1,0
1,0,1,0
9.682324783204268e-17,2.822617699154605,0.04647235530933225,-10.75948382940675
1,0,1,0
0.5530146383462028,0.4305221797552079,0.2558664169173623,-18.24978883313396
1.028145822447522e-15,1.793864793537892,0.09022799234704076,-25.29903950233199
1.028145822447522e-15,3.200272458427047,0.03681300174131114,-9.899977774006466
1,0,1,0
6.728744545674702e-16,1.799364272231916,0.08989468516856758,-13.03315572129184
1,0,1,0
0.6120281549965755,0.2850954892250428,0.2966903681445036,-30.66512595742599
4.513783161142917,5.7997061621641,0.008014426509591888,-32.16025543332699
3.349110854337491,5.037229665154968,0.0124040664571422,-34.23112101814989
1.431710168006573,0.2287264584811695,0.3162348761833736,-18.31249471827591
1,0,1,0
1.028145822447522e-15,2.515947794158549,0.05634992791019405,-9.958619387888392
0.6318293241864448,0.2467006060946204,0.3097039619412303,-19.98981580879131
1,0,1,0
1,0,1,0
2.804502661847769e-15,3.199468366583346,0.03683110582321664,-32.6805522452
1,0,1,0
1.028145822447522e-15,3.102711112019104,0.03908101407994347,-10.71202964592211
0.4235569017621391,1.001302031768653,0.1584978296597978,-14.36927684805196
5.840566125974614e-16,3.178471028186685,0.0373072593264055,-11.73093442436094
1,0,1,0
1.886017868444991,0.9831652104002231,0.1607093070598827,-23.52152816124799
1,0,1,0
8.217108807100763,26.71932676164738,1.176283240256204e-07,-75.98069561300299
2.287852447174094e-16,2.822680374541097,0.04647054097132125,-11.73692258658078
1,0,1,0
2.287852447174094e-16,3.025453938233266,0.04098369010739844,-9.244720063421118
1,0,1,0
9.682324783204268e-17,2.516456509643739,0.05633174782513711,-10.00560397592088
0.6786959912532822,0.1711287182117083,0.3395553111126708,-12.11355100312536
1,0,1,0
1,0,1,0
1.839710060785318,0.9154162890647086,0.1693406952091929,-40.16190741211399
2.287852447174094e-16,3.276084999516982,0.03514821488270209,-11.31476285773299
1,0,1,0
2.287852447174094e-16,3.178471360861945,0.03730725173022664,-14.32720699806956
1.508783722818471,0.4429286527383383,0.2528561480296781,-30.77837620403409
2.449231293967717e-15,3.102711076571886,0.03908101493078053,-16.41247387229204
5.840566125974614e-16,3.656937808808816,0.02791808333369966,-11.3451554185413
1,0,1,0
1,0,1,0
2.804502661847769e-15,2.075211739165059,0.07485458135345385,-10.42706334262245
2.052222602747041,1.231472131132684,0.1335604673045785,-23.42447543837166
4.936130869128893e-15,2.822612915966374,0.04647249377706142,-18.02668664371583
5.840566125974614e-16,1.708282008322396,0.09560421149908999,-11.0106936161925
1.028145822447522e-15,2.516456509820262,0.05633174781882999,-11.36198460592471
1,0,1,0
0.9648491777773504,0.001292072350455697,0.4856629444813455,-10.97192291622707
1.126769169888608,0.02730827690648852,0.4343727552944722,-18.17376942959439
0.8459228725019189,0.02955382193434986,0.4317532576669861,-12.10105147077229
2.804502661847769e-15,3.850862752392828,0.02486020446163684,-23.48988528947982
1,0,1,0
1,0,1,0
0.6448100177497963,0.2234430856975074,0.3182144451645173,-12.86256891439141
9.682324783204268e-17,3.27761146419865,0.03511553502670789,-11.69238028957467
1,0,1,0
1,0,1,0
1,0,1,0
1.11077007517103,0.02124289136270363,0.4420596059928592,-19.01367169884906
1.028145822447522e-15,3.897873181939943,0.02417363781877702,-24.81003941901686
1,0,1,0
1.028145822447522e-15,2.075013251993056,0.07486431973394031,-23.12166658997114
1,0,1,0
5.840566125974614e-16,3.277611411836233,0.03511553614716884,-10.62588794858582
6.728744545674702e-16,2.948195431211342,0.04298675467945978,-10.82287810294163
2.804502661847769e-15,3.178471359462399,0.03730725176218319,-16.91295667261739
6.728744545674702e-16,3.200322576391617,0.03681187365444882,-10.51838733575668
2.449231293967717e-15,2.948137411124321,0.0429882981425348,-16.16668103055324
1.583009479732625,0.5441644437798772,0.2303559759269196,-31.10398603431634
1.455399480556166,0.2488055774435125,0.3089586827786033,-25.16835711322209
1,0,1,0
2.535777076328724,2.59119555262653,0.05372959765139351,-33.03585536000185
0.5541508170111641,0.4271612421842867,0.2566925905576349,-15.99503796335976
1.225778659075066,0.07726292265173385,0.3905207306634623,-18.64857284464353
0.529222733374719,0.5050313697653195,0.2386488425323252,-18.6159796281004
6.422209532531698,20.12249866705669,3.631858623009965e-06,-60.60384065538926
1,0,1,0
1.028145822447522e-15,3.178472004886622,0.03730723702481958,-20.62115416056724
3.17603086687411e-16,3.898715510330852,0.02416152011480155,-11.54339145557043
1,0,1,0
1,0,1,0
1,0,1,0
1,0,1,0
1,0,1,0
1,0,1,0
1,0,1,0
1,0,1,0
1,0,1,0
0.6613891586084292,0.1963874406699162,0.3288263693108143,-11.99083341485691
2.449231293967717e-15,3.178471360559406,0.03730725173713462,-18.81536763323243
1,0,1,0
1,0,1,0
0.5336100293586833,0.4902687624102882,0.2419037201171653,-12.28226256050386
1.385902365527806,0.1911126276282999,0.3309960980794402,-19.11013650377737
2.804502661847769e-15,1.797967901383842,0.08997918001464689,-18.15716473392867
1,0,1,0
0.6263748420685089,0.256477516126246,0.3062752712388532,-13.86798213553805
1,0,1,0
5.840566125974614e-16,3.10271105557058,0.03908101543487341,-11.72720873582306
1,0,1,0
1,0,1,0
1.028145822447522e-15,1.707007948750871,0.09568701727676082,-17.18126874743938
1,0,1,0
9.682324783204268e-17,3.559299017178386,0.02960636960569879,-12.12347993066742
2.287852447174094e-16,3.178472005834905,0.03730723700316685,-10.99492751625319
1,0,1,0
1,0,1,0
1.028145822447522e-15,2.516456507856386,0.05633174788900069,-9.246498373793152
1,0,1,0
1,0,1,0
0.5342801834038543,0.4880834381436046,0.2423917433342306,-14.05966368700252
2.734226584753384,2.221051054868269,0.06807017485325162,-20.74842015629435
1.546654004715123,0.4940091199331107,0.2410721788396538,-25.93818187110105
0.4989375035358515,0.6164087005027028,0.2161924872607581,-37.27892654093361
0.6613705025166962,0.1964162301036474,0.3288146232483654,-12.16647447946538
1,0,1,0
1,0,1,0
1,0,1,0
1,0,1,0
0.5534865953757031,0.429175491003452,0.2561968999114353,-11.70298334041129
1,0,1,0
1,0,1,0
1,0,1,0
5.840566125974614e-16,3.178472005832976,0.03730723700321092,-10.48055500433368
9.682324783204268e-17,2.947881014619654,0.04299511957660512,-11.93333291996962
1,0,1,0
1.326073796262287,0.144640157950306,0.3518554797248544,-19.38823416792934
1,0,1,0
0.6251389902489377,0.2588317933444593,0.3054619333029031,-12.58103379652586
0.7245749467709521,0.1156509912497903,0.3669000320058063,-12.77979590693794
1.154016543637883,0.03899874171214179,0.4217255778581085,-17.82496612787273
1,0,1,0
1,0,1,0
1,0,1,0
1,0,1,0
1,0,1,0
1,0,1,0
1,0,1,0
1,0,1,0
0.6297689647045179,0.250520982227858,0.3083542382932776,-12.50787646218639
1,0,1,0
0.5469920716596218,0.4483928186210875,0.2515495844704323,-17.02782612249495
1,0,1,0
1,0,1,0
5.840566125974614e-16,2.822515513099269,0.0464753135741891,-10.04867967297334
1,0,1,0
1,0,1,0
0.6103478359863798,0.2885892750101888,0.2955629887176869,-19.23456971397121
1,0,1,0
0.5290606705916594,0.5055831725663325,0.2385285717488068,-19.82788063522241
1,0,1,0
1,0,1,0
1.028145822447522e-15,2.516456508300706,0.05633174787312467,-20.29479357454497
5.840566125974614e-16,4.011894683223158,0.02259017577546324,-10.57050074100801
1.132005778100281,0.02942682831256604,0.4318986088975747,-38.13198160411491
1,0,1,0
1,0,1,0
0.5531232596353647,0.4301886899184453,0.2559481877731578,-17.27095417177823
1,0,1,0
0.610583589829453,0.288098225416995,0.2957209087239754,-18.7826450880519
0.662488369693746,0.1946680363678297,0.3295297602688836,-14.99930161509416
1.028145822447522e-15,2.075275986760385,0.07485142947907897,-11.17714734332262
5.840566125974614e-16,3.200323572123931,0.03681185124225167,-10.48772183902502
1.028145822447522e-15,3.102711112005188,0.03908101408027753,-24.26596717178169
1.028145822447522e-15,1.709163331969279,0.09554697997648459,-12.7077105879224
1,0,1,0
6.728744545674702e-16,1.798749577144683,0.08993186925512636,-10.71195081269201
5.840566125974614e-16,3.559298970319347,0.02960637044149278,-10.38540026656798
1,0,1,0
9.682324783204268e-17,4.008921744762652,0.02263004361371757,-24.63582713621631
1,0,1,0
5.840566125974614e-16,2.217047627546069,0.06824692845791919,-10.30950658085634
1,0,1,0
0.6103061407416744,0.288676260779674,0.2955350324200853,-18.54866840046401
1,0,1,0
0.5744895031394531,0.3716310884279466,0.2710582624677484,-26.0260489472542
2.287852447174094e-16,3.025564491244808,0.04098089711065483,-10.1812920951756
0.9640239743225053,0.001354558930394489,0.4853205095641758,-18.32321847118522
1,0,1,0
5.840566125974614e-16,3.618525821344424,0.02856974164766374,-10.33681051872255
5.840566125974614e-16,3.722535533595753,0.02684139667849955,-13.02573300060814
9.555848176237971e-17,3.478192183552961,0.03109131871160664,-3.698619292295098
0.7787955191950277,0.06789810248289641,0.3972110442276788,-12.53122818030539
0.5509750947467192,0.4353401205518708,0.2546900993639511,-36.52400856218077
1.254655334977846,0.09524378839893188,0.378806853198929,-28.01077883472183
1.028145822447522e-15,2.667263672484914,0.05121599868547028,-18.28525022949956
2.804502661847769e-15,3.104993198390403,0.03902627862293939,-35.63939984318656
9.555848176237971e-17,3.500374260146492,0.03067748107478951,-4.888116144974403
1.028145822447522e-15,2.462389277459724,0.05830064849515881,-11.69205812292942
9.555848176237971e-17,3.270449088080103,0.03526915569337813,-3.689443553784332
3.17603086687411e-16,3.028754376461083,0.04090039667122991,-3.884626137468008
3.17603086687411e-16,2.712633446596035,0.0497782602326528,-3.904131677283783
9.682324783204268e-17,3.339487363170573,0.03381783910513247,-11.6388609510226
2.804502661847769e-15,1.274934963664217,0.1294214608193816,-4.569453569375987
9.682324783204268e-17,2.450525178074891,0.05874277729487254,-21.78484138963625
2.287852447174094e-16,2.709515383932425,0.0498756452071567,-4.433270305118858
3.17603086687411e-16,3.326459486458534,0.03408674061282585,-4.072900894469673
0.8770210598691763,0.01794663100455196,0.4467151110041055,-12.80995851240331
9.682324783204268e-17,2.546036853389698,0.0552856513048835,-11.13247347999433
4.730343101349462e-16,2.793599127144702,0.04732072305730461,-4.754641831305252
2.804502661847769e-15,1.247600761480708,0.1320056070502375,-4.569453569375987
2.804502661847769e-15,1.726854381911721,0.0944065605690162,-10.10232034718405
9.682324783204268e-17,2.753474166093007,0.04852167958061476,-17.65907975922294
5.840566125974614e-16,1.936987903669943,0.08199797821525068,-4.627539910354131
9.682324783204268e-17,2.57039663020403,0.05444021476684618,-18.18315927951316
2.287852447174094e-16,2.248141860109108,0.06688747576410481,-4.602744425498137
9.682324783204268e-17,1.424132872165233,0.1163621743490131,-4.281994763736474
3.17603086687411e-16,2.196195678332979,0.06917590756958647,-3.809514517397796
3.17603086687411e-16,1.895040824312009,0.08431723031865535,-4.930746187562506
2.449231293967717e-15,2.38946963336349,0.06107753281736727,-16.5835276887563
6.728744545674702e-16,2.641790065650106,0.05204310276012247,-4.422196776579685
2.412634242200278,1.761729557073181,0.09220446620524547,-23.3031724289327
6.728744545674702e-16,2.642669386231109,0.05201430961316078,-11.66415690075491
2.804502661847769e-15,1.424098281377795,0.1163650111255883,-11.52410487283497
4.730343101349462e-16,2.442453419934914,0.05904569791160547,-4.554484072893943
9.682324783204268e-17,2.442453420247318,0.05904569789984804,-11.69284761480203
2.287852447174094e-16,2.509026818776327,0.05659790767404005,-15.64217481517438
9.682324783204268e-17,1.987806233904491,0.07928522303898128,-5.176290814183321
3.17603086687411e-16,2.076285636756363,0.07480191752035409,-3.488764855636134
3.17603086687411e-16,2.675407408890363,0.05095462186807875,-4.399897293188515
9.682324783204268e-17,2.129149538940656,0.07226046068638425,-10.47507403428268
9.682324783204268e-17,1.424132872165233,0.1163621743490131,-4.281994763736474
4.730343101349462e-16,2.442453419934914,0.05904569791160547,-4.554484072893943
4.730343101349462e-16,2.442453419934914,0.05904569791160547,-4.554484072893943
0.9990962018905876,8.149854124894773e-07,0.4996398487516509,-25.23085567559222
0.7980115841707873,0.05479276878029538,0.4074619980040103,-11.28493219531745
9.682324783204268e-17,1.424132872165233,0.1163621743490131,-4.281994763736474
3.17603086687411e-16,2.023142434422013,0.07745912687589362,-4.339419359464203
3.17603086687411e-16,2.196195678332979,0.06917590756958647,-3.809514517397796
0.7279839667786494,0.1120545254873448,0.3689085514471503,-28.43022882679249
2.287852447174094e-16,2.076245992330531,0.07480386093437952,-10.25635158559499
3.17603086687411e-16,1.172031976074512,0.1394920586366143,-5.927745374024742
3.17603086687411e-16,2.196195678332979,0.06917590756958647,-3.809514517397796
2.804502661847769e-15,2.558160939989715,0.05486307941050411,-15.23274971077382
4.936130869128893e-15,1.234071883515583,0.1333083063886155,-17.29310708114077
9.682324783204268e-17,2.022912527201189,0.07747085252666774,-15.45707026993169
9.555848176237971e-17,2.753472958890507,0.04852171620839091,-5.171786656428538
0.9648762476328677,0.001288639044975781,0.4856819972324408,-11.64334705146808
3.17603086687411e-16,2.129149538940659,0.07226046068638409,-4.649803166792704
9.555848176237971e-17,2.196198976838081,0.06917575950085325,-3.890667493928029
2.731941657024047e-16,2.389609488063021,0.06107206872415233,-4.549042997194554
6.728744545674702e-16,2.076145905044282,0.07480876757887311,-9.341492731218819
5.840566125974614e-16,1.936879197340133,0.08200389352874771,-10.47624853318632
6.728744545674702e-16,2.248033084676742,0.06689217836685662,-10.5089796803269
9.682324783204268e-17,1.424026932476529,0.116370862684104,-10.3551166477438
6.728744545674702e-16,2.02312779004669,0.07745987370333873,-11.264708838091
9.682324783204268e-17,2.389509372872851,0.06107598014810828,-10.34486299729201
3.17603086687411e-16,2.076285636756363,0.07480191752035409,-3.488764855636134
3.17603086687411e-16,2.389579249726632,0.06107325008356745,-3.799467948680386
5.840566125974614e-16,1.936987903669943,0.08199797821525068,-4.627539910354131
2.46630122359683,1.228118259411666,0.1338866521071957,-23.77493022679861
3.17603086687411e-16,2.389579249726632,0.06107325008356745,-3.799467948680386
1.786143411168031,0.5575345385730657,0.2276276617873345,-30.26823757883704
3.17603086687411e-16,2.389579249726632,0.06107325008356745,-3.799467948680386
9.555848176237971e-17,2.753472958890507,0.04852171620839091,-5.171786656428538
9.682324783204268e-17,2.50262935871103,0.05682819963760599,-11.31345171321657
0.9900322864306352,0.0001006705314736678,0.4959972915341169,-17.83085954987238
2.804502661847769e-15,1.424096591806016,0.11636514968883,-11.04709739454066
3.17603086687411e-16,2.509502901334725,0.05658081109769381,-4.201370586972281
9.682324783204268e-17,1.987803372317956,0.07928537288794968,-9.32199983633242
2.731941657024047e-16,2.389609488063021,0.06107206872415233,-4.549042997194554
3.17603086687411e-16,2.076285636756363,0.07480191752035409,-3.488764855636134
9.682324783204268e-17,1.726854381972977,0.094406560565095,-4.17161216343376
9.555848176237971e-17,2.249163387826352,0.06684333088430977,-4.612609309386187
2.731941657024047e-16,2.389609488063021,0.06107206872415233,-4.549042997194554
3.17603086687411e-16,2.509502901334725,0.05658081109769381,-4.201370586972281
1.028145822447522e-15,2.129149538939195,0.0722604606864532,-28.27201184194731
9.682324783204268e-17,2.076250269387785,0.07480365126551008,-10.72662156740168
0.7807056302168642,0.06633474074526191,0.3983750595867815,-17.74283124553483
1.028145822447522e-15,2.509427231645923,0.0565835280876027,-10.43310350426827
9.682324783204268e-17,1.987806233904491,0.07928522303898128,-5.176290814183321
2.804502661847769e-15,1.234127167166879,0.1333029506374677,-4.569453569375987
9.682324783204268e-17,1.63212398028791,0.1007047619185557,-4.605878625885654
5.840566125974614e-16,1.72685438199607,0.09440656056361679,-4.252765139963993
9.555848176237971e-17,2.196198976838081,0.06917575950085325,-3.890667493928029
2.287852447174094e-16,2.442453433709495,0.05904569739319548,-11.32198767452886
5.840566125974614e-16,2.389539419223567,0.06107480623098333,-10.56515956427883
3.17603086687411e-16,1.982294780312413,0.07957443255859104,-5.095136192684879
3.17603086687411e-16,1.987806226369033,0.0792852234335803,-5.095136192684879
9.555848176237971e-17,2.249163387826352,0.06684333088430977,-4.612609309386187
2.287852447174094e-16,2.44245345663278,0.05904569653047181,-4.960506259836955
1.816489459505547,0.2946562821680629,0.2936260050592721,-32.23861979726146
1.177629422548942e-16,2.389458509775732,0.06107796743683219,-9.851999803964841
9.555848176237971e-17,2.196198976838081,0.06917575950085325,-3.890667493928029
9.682324783204268e-17,1.424132872165233,0.1163621743490131,-4.281994763736474
2.287852447174094e-16,2.248141860109108,0.06688747576410481,-4.602744425498137
4.730343101349462e-16,2.129149494635076,0.07226046277518233,-4.24378097984969
5.840566125974614e-16,2.023060345148902,0.0774633133342067,-9.468774929578622
9.555848176237971e-17,2.509499602829067,0.05658092953058236,-4.120217610442048
5.840566125974614e-16,1.172031728797295,0.1394920839932122,-5.178155460282056
5.840566125974614e-16,2.129149538940656,0.07226046068638425,-4.568648541526543
6.728744545674702e-16,2.508950590369061,0.05660064563712236,-14.06999694182939
9.682324783204268e-17,1.63212398028791,0.1007047619185557,-4.605878625885654
3.17603086687411e-16,2.389579249726632,0.06107325008356745,-3.799467948680386
3.17603086687411e-16,3.243314719623008,0.03585770409055411,-4.072900894469673
0.9118151717910733,0.008758280518481598,0.4627191405386728,-10.71428041931584
6.728744545674702e-16,2.076215798133816,0.07480534112591092,-10.03514920893943
4.936130869128893e-15,1.172115695118919,0.1394834741515847,-25.23533528157574
5.840566125974614e-16,1.9369846041026,0.08199815775581104,-4.546386933823898
3.17603086687411e-16,2.389579249726632,0.06107325008356745,-3.799467948680386
3.17603086687411e-16,2.076285636756363,0.07480191752035409,-3.488764855636134
4.730343101349462e-16,2.129149494635076,0.07226046277518233,-4.24378097984969
0.9640185209515799,0.00135394806214606,0.4853238184636233,-18.40354892227728
0.9650803437459151,0.00127325680767143,0.4857676729290219,-19.82379654118611
2.804502661847769e-15,1.424028266927003,0.1163707532381622,-10.42348435991051
3.17603086687411e-16,1.172031976074512,0.1394920586366143,-5.927745374024742
5.840566125974614e-16,2.594312055104247,0.05362399917088251,-10.80014674255601
3.17603086687411e-16,2.389579249726632,0.06107325008356745,-3.799467948680386
3.17603086687411e-16,2.196195678332979,0.06917590756958647,-3.809514517397796
3.17603086687411e-16,2.442453435010405,0.05904569734423532,-4.879351634570795
2.731941657024047e-16,2.389609488063021,0.06107206872415233,-4.549042997194554
9.555848176237971e-17,2.509499602829067,0.05658092953058236,-4.120217610442048
1.237262315290818,0.08425380708792574,0.3858067320579635,-18.38117628759254
5.840566125974614e-16,2.753474176281367,0.04852167927148943,-4.828218963522697
3.17603086687411e-16,2.196195678332979,0.06917590756958647,-3.809514517397796
9.555848176237971e-17,2.753474175631144,0.04852167929121781,-4.747064338256536
9.555848176237971e-17,2.293343291265419,0.0649648906242844,-4.680841962694247
5.840566125974614e-16,1.936987903669943,0.08199797821525068,-4.627539910354131
1.028145822447522e-15,2.076111089919962,0.07481047442877098,-16.58237482382591
2.804502661847769e-15,2.416305548216648,0.06003891205535328,-17.73024648036564
2.804502661847769e-15,1.726854381968003,0.09440656056541324,-17.45715667308325
5.840566125974614e-16,2.248145165116789,0.06688733288709042,-4.68389740202837
3.17603086687411e-16,2.076285636756363,0.07480191752035409,-3.488764855636134
9.555848176237971e-17,2.293343291265419,0.0649648906242844,-4.680841962694247
3.17603086687411e-16,2.509502901334725,0.05658081109769381,-4.201370586972281
3.17603086687411e-16,2.196195678332979,0.06917590756958647,-3.809514517397796
1.645102109267956,0.4212217657452086,0.2581640178569411,-18.19583920559158
3.17603086687411e-16,2.29334451837093,0.06496483927503716,-4.76199493922448
0.7793834415975411,0.06739438409459098,0.397584515865458,-9.547567507629992
0.7576119703600228,0.08446439373967252,0.3856680798840182,-18.47377394479474
9.682324783204268e-17,1.63212398028791,0.1007047619185557,-4.605878625885654
3.17603086687411e-16,2.023142434422013,0.07745912687589362,-4.339419359464203
6.728744545674702e-16,2.483385260815357,0.05752718812176721,-9.664016247696249
6.728744545674702e-16,2.196159499466223,0.06917753164950924,-10.81569846308509
1.028145822447522e-15,2.642417988419204,0.05202253979451993,-17.11043409049929
5.840566125974614e-16,2.129149538940656,0.07226046068638425,-4.568648541526543
9.682324783204268e-17,1.726854381972977,0.094406560565095,-4.17161216343376
0.7978896503462554,0.0548699831591577,0.4073980013561894,-12.05970625725336
6.728744545674702e-16,2.247414248960091,0.06691893903756208,-14.41403171641833
3.303426957568036,3.960318124535078,0.02329244934644581,-36.73158550424493
2.804502661847769e-15,2.249163349822538,0.06684333252602254,-17.23700201096729
5.840566125974614e-16,1.72685438199607,0.09440656056361679,-4.252765139963993
9.682324783204268e-17,2.481178150974618,0.05760795957761189,-10.58138580189824
9.555848176237971e-17,2.508995472534682,0.05659903354704005,-4.120217610442048
3.17603086687411e-16,2.389579249726632,0.06107325008356745,-3.799467948680386
5.840566125974614e-16,2.442453419977831,0.05904569790999031,-12.79604386918237
2.449231293967717e-15,1.136103899749004,0.143238550494561,-4.490508790498159
0.9118780514129308,0.008742932116916791,0.4627517260111496,-16.40920832435068
9.555848176237971e-17,2.196198976838081,0.06917575950085325,-3.890667493928029
2.804502661847769e-15,2.32853721117867,0.06351059514522372,-28.23574478591162
9.682324783204268e-17,1.936951729515879,0.08199994659720977,-11.57654101073652
2.82713722518893,1.565255600098446,0.1054486777947367,-21.12909360435538
3.17603086687411e-16,2.023142434422013,0.07745912687589362,-4.339419359464203
4.936130869128893e-15,2.075904469602953,0.07482060512385957,-21.22402486307385
2.804502661847769e-15,2.717407563471511,0.04962955454856904,-19.05470087477366
1.788061570973909,0.5594999870138579,0.227230887801106,-16.22685306101423
2.731941657024047e-16,2.389609488063021,0.06107206872415233,-4.549042997194554
3.17603086687411e-16,1.172031976074512,0.1394920586366143,-5.927745374024742
2.804502661847769e-15,2.076140451285141,0.07480903495252655,-22.97587015358225
9.682324783204268e-17,1.63212398028791,0.1007047619185557,-4.605878625885654
2.804502661847769e-15,2.677376283391794,0.05089164918633249,-34.45132891053215
5.840566125974614e-16,1.72685438199607,0.09440656056361679,-4.252765139963993
3.17603086687411e-16,2.076285636756363,0.07480191752035409,-3.488764855636134
0.7980483620546001,0.05476659955069607,0.407483698316689,-17.60550487833849
1.622259466649508,0.2000727036104237,0.3273310840950489,-13.01430808837468
9.682324783204268e-17,2.023044273323237,0.07746413300884863,-13.03961188755039
2.449231293967717e-15,1.171865420804437,0.1395091390635847,-11.47741701301419
2.804502661847769e-15,1.234127167166879,0.1333029506374677,-4.569453569375987
6.728744545674702e-16,2.023141210412062,0.07745918929710449,-4.258265346203014
5.840566125974614e-16,1.895040823342459,0.08431723037312283,-11.96107093346597
5.840566125974614e-16,1.9369846041026,0.08199815775581104,-4.546386933823898
2.287852447174094e-16,2.44245345663278,0.05904569653047181,-4.960506259836955
0.778011663846487,0.06838575394490576,0.3968508918490636,-12.15078789812121
9.682324783204268e-17,1.63212398028791,0.1007047619185557,-4.605878625885654
2.449231293967717e-15,2.293289558310121,0.06496713916870944,-17.30702906010149
1.033684032558515,0.00108296609299785,0.4868737970915062,-12.93970793021749
3.17603086687411e-16,1.234819394420196,0.133235911956666,-5.240083839067228
3.17603086687411e-16,1.987806226369033,0.0792852234335803,-5.095136192684879
6.728744545674702e-16,2.293221602170842,0.06496998303004303,-9.48869993052355
1.831950228258688,0.6026825950074439,0.2187781606207914,-23.10540794067138
2.471769989792994,1.849521406488378,0.08691953397277347,-24.32874056198237
1.622661656846824,0.2001916374349655,0.3272831031432445,-13.00698629733466
3.17603086687411e-16,1.234819394420196,0.133235911956666,-5.240083839067228
6.728744545674702e-16,2.751324446070758,0.04858695210073571,-15.81079923721733
1.034293529831577,0.00112162979822017,0.4866416242628646,-14.29545208721499
1.028145822447522e-15,2.023129008609796,0.07745981155927906,-11.28810103424285
0.617613543909206,0.2737598847443579,0.300410344383975,-11.70698833778114
2.804502661847769e-15,1.234127167166879,0.1333029506374677,-4.569453569375987
0.8197051945872704,0.04216992610529502,0.4186481011338384,-12.79187296341179
3.17603086687411e-16,2.29334451837093,0.06496483927503716,-4.76199493922448
9.682324783204268e-17,1.424132872165233,0.1163621743490131,-4.281994763736474
3.17603086687411e-16,2.076285636756363,0.07480191752035409,-3.488764855636134
5.840566125974614e-16,2.753474176281367,0.04852167927148943,-4.828218963522697
9.555848176237971e-17,2.196198976838081,0.06917575950085325,-3.890667493928029
6.728744545674702e-16,2.023141210412062,0.07745918929710449,-4.258265346203014
0.7721278779579321,0.07280868301318577,0.393645197263203,-23.58788216202118
3.17603086687411e-16,2.29334451837093,0.06496483927503716,-4.76199493922448
0.9128739375616728,0.008535968619284517,0.4631939706424515,-14.39707806315624
5.840566125974614e-16,2.023054850075486,0.07746359358578692,-9.406245906665864
6.728744545674702e-16,2.277804250694929,0.0656187785019906,-4.759106807685234
3.17603086687411e-16,2.00486795319164,0.0783974734907617,-4.253963041131388